4
2 5 0 9 0 12 16 11 0 0 0 6 7 15 14 0
10 15 14 7 0 0 0 6 9 5 0 8 0 0 11 12
12 13 11 16 5 0 0 0 7 15 0 0 0 0 6 4
4 0 0 0 15 10 0 0 0 0 12 11 9 5 0 2
0 11 12 3 0 9 15 0 13 0 7 0 0 6 0 0
9 8 2 15 11 0 3 12 5 6 0 0 13 14 10 7
0 6 0 0 14 7 13 0 3 11 16 12 15 0 2 0
7 0 10 0 0 1 0 4 15 0 0 2 3 11 0 0
0 0 1 8 0 13 0 0 0 12 3 16 0 0 9 0
13 10 7 0 0 5 0 1 14 2 0 9 6 12 16 3
0 12 0 0 2 15 0 9 11 10 13 0 0 0 1 5
0 2 0 0 0 0 0 16 8 0 5 0 0 10 0 13
14 9 15 10 0 0 4 3 2 0 0 5 0 7 0 11
6 16 0 4 9 14 10 0 0 0 11 0 2 1 0 8
8 1 5 0 0 11 0 13 0 0 0 0 0 0 15 14
11 7 13 0 1 8 0 5 10 0 0 0 0 0 3 6
