4
14 15 3 0 0 13 0 0 4 0 0 0 1 0 0 0
10 0 1 2 15 14 0 0 0 0 6 11 0 7 8 4
0 0 0 0 5 0 0 1 0 0 12 0 0 11 6 13
13 0 16 0 7 0 0 9 0 1 0 5 0 0 12 0
0 0 11 0 0 2 9 0 0 0 1 10 0 14 0 6
6 14 0 0 0 8 16 0 0 7 0 4 0 0 0 12
2 0 7 0 10 0 1 0 0 0 0 14 11 13 16 0
12 10 5 0 14 6 3 15 0 0 0 0 7 0 0 0
9 0 0 11 2 1 0 4 3 10 5 12 14 6 0 0
0 6 14 0 0 9 11 13 0 4 7 0 0 0 5 3
3 0 10 5 6 16 15 0 9 13 11 8 4 2 7 1
1 2 4 7 12 0 5 0 0 0 15 6 13 8 0 9
0 0 6 14 9 7 13 8 0 2 0 1 0 3 0 15
7 9 8 13 0 0 4 0 0 12 0 0 0 0 14 11
0 1 2 0 0 0 0 12 0 6 14 0 0 0 0 0
15 3 0 0 0 11 0 6 7 0 13 9 2 1 0 0
