5
0 10 0 16 4 6 1 17 19 0 11 13 0 21 0 0 2 0 23 0 18 9 14 12 0
0 0 14 12 0 13 0 11 0 20 0 4 24 10 8 17 0 0 6 0 0 15 0 7 23
3 15 0 7 23 0 8 16 10 24 12 25 0 9 14 11 0 20 13 21 5 19 1 17 6
20 0 22 0 13 23 2 0 15 3 17 6 5 19 1 12 0 0 0 9 24 10 8 16 4
0 19 1 17 0 0 14 12 9 18 0 23 3 0 2 16 0 24 0 0 0 21 0 11 13
17 18 6 0 0 21 25 22 20 0 0 10 7 0 23 1 4 16 0 0 11 0 0 2 0
12 0 0 22 21 15 13 2 0 11 0 0 16 5 4 14 0 17 9 18 7 24 0 8 10
11 3 13 2 15 10 23 8 24 7 14 9 17 18 6 0 25 12 21 20 0 0 4 1 19
7 24 23 0 0 19 0 1 5 16 22 21 12 20 0 0 13 11 0 0 17 0 0 14 9
0 5 4 1 0 9 6 14 0 17 0 15 0 3 13 8 23 7 10 24 12 0 0 22 21
23 8 0 10 0 0 5 19 1 4 21 0 0 22 0 0 3 13 0 2 6 14 0 9 0
25 0 0 0 0 7 3 15 0 13 19 17 4 1 0 0 0 0 12 14 23 0 24 10 16
0 0 0 9 12 11 20 0 22 25 10 16 23 8 24 19 0 4 17 0 0 2 3 0 7
0 0 3 15 7 0 24 10 0 23 9 12 6 14 18 21 20 25 11 0 4 1 5 19 0
4 1 5 19 17 12 18 0 14 0 15 7 13 2 3 0 24 23 16 0 0 22 20 21 0
0 11 21 0 3 24 0 0 7 2 0 0 1 0 19 25 9 14 20 12 8 16 10 4 0
1 17 19 6 18 20 9 25 12 14 23 24 2 0 15 0 0 8 5 0 0 11 21 0 3
2 7 0 0 0 0 0 4 16 0 25 0 14 12 9 0 21 22 3 11 0 17 0 6 18
8 16 10 4 5 18 19 0 17 1 13 3 22 11 21 23 15 2 24 7 0 0 0 25 0
14 12 9 25 20 3 0 13 11 0 4 5 8 16 10 6 19 1 0 17 0 0 15 23 24
10 4 0 5 1 14 17 18 6 19 3 0 0 0 11 24 7 15 8 23 9 25 12 20 0
21 0 0 0 0 8 0 24 23 15 0 14 19 0 17 20 12 9 22 0 0 4 16 0 1
9 0 12 0 22 2 11 0 13 0 0 1 10 4 16 18 17 19 0 6 0 23 7 24 0
0 0 0 0 8 0 16 5 4 10 20 0 0 0 12 3 11 21 0 13 0 0 17 18 14
19 6 17 0 14 22 12 0 25 0 24 8 15 23 7 5 0 0 1 0 0 13 11 0 0
