4
4 0 0 10 0 14 0 6 0 0 0 0 0 2 1 7
5 6 0 12 0 15 8 0 13 2 1 7 0 4 3 0
9 11 0 8 0 1 0 0 10 4 0 16 0 5 14 6
0 7 1 0 4 3 10 16 0 0 0 0 8 0 0 11
10 1 0 0 12 4 16 3 0 0 0 0 11 0 0 0
0 14 0 6 0 9 0 15 0 0 2 1 0 12 0 3
13 0 0 0 0 0 7 0 16 12 0 3 0 8 5 0
0 3 4 0 0 5 6 0 0 0 9 0 7 10 0 0
0 10 0 0 14 6 4 12 5 0 0 8 9 1 0 13
0 8 0 5 0 7 9 0 2 0 16 10 4 14 0 12
0 12 6 4 0 11 0 0 9 1 7 0 0 3 0 10
0 13 7 9 0 16 2 10 0 0 6 0 0 0 11 0
0 0 8 14 0 0 15 9 1 0 0 2 0 6 12 4
16 0 10 1 6 0 0 0 0 11 8 5 0 7 13 9
6 0 0 3 11 0 14 5 0 0 0 9 1 0 10 2
0 9 0 15 0 0 0 2 3 6 0 4 0 11 8 5
