5
1 13 0 16 3 0 6 0 0 11 14 20 23 4 17 24 25 19 9 7 0 0 21 15 10
14 0 0 0 17 0 12 1 13 0 19 25 7 0 9 0 0 5 15 10 0 8 18 0 6
19 0 7 25 0 0 0 0 0 0 0 0 0 0 15 2 18 8 11 0 0 0 16 3 0
8 0 6 18 0 21 0 5 22 15 1 0 12 13 3 0 20 0 17 23 24 19 0 9 0
0 22 10 0 15 25 7 19 24 0 8 18 0 2 0 13 16 0 3 0 4 14 0 17 23
0 20 17 14 22 1 3 7 16 24 6 19 0 25 0 21 0 12 13 15 0 23 0 4 11
0 16 0 1 24 0 11 23 18 0 0 14 0 20 0 0 19 0 2 0 21 12 5 13 15
0 18 0 8 4 5 15 12 21 13 7 1 3 16 24 20 14 0 22 0 0 6 19 2 9
6 25 9 19 2 14 17 10 20 22 12 5 15 21 13 0 8 23 4 0 16 0 0 0 3
12 21 15 0 13 19 0 6 25 2 0 8 11 18 4 16 1 7 24 3 0 10 0 22 17
18 9 19 2 6 22 14 21 17 0 16 0 5 15 12 0 4 0 23 8 0 25 24 7 1
0 11 8 0 23 13 5 0 0 0 25 24 1 3 7 0 22 21 0 14 9 0 2 6 19
16 15 0 0 12 2 0 18 9 6 20 0 8 11 23 0 24 0 7 1 0 0 0 10 14
0 3 1 24 0 4 0 20 11 23 21 22 14 17 0 9 2 0 6 0 15 0 13 12 5
21 17 14 22 10 24 1 0 3 7 18 0 19 0 6 15 0 0 0 5 0 20 4 0 0
4 0 0 0 0 15 21 13 10 5 0 3 16 12 0 0 17 0 14 20 7 0 9 19 25
13 0 21 0 0 0 25 0 0 19 4 11 0 6 8 12 0 24 1 0 23 22 17 0 20
22 23 20 0 0 3 16 24 0 1 0 9 25 7 0 10 15 13 5 0 6 4 0 8 18
2 7 25 0 19 17 0 0 0 14 13 15 21 0 5 0 11 4 8 18 12 24 0 1 16
24 12 16 0 0 11 18 0 6 0 0 17 0 23 0 7 0 2 19 0 10 0 0 5 21
3 0 0 12 16 6 0 11 19 0 17 0 0 8 20 1 7 9 25 0 14 15 10 21 22
0 0 2 6 18 0 22 0 0 21 3 12 0 5 16 8 23 17 20 0 0 9 7 25 24
17 8 0 23 20 12 0 0 5 16 9 0 24 0 0 0 10 15 21 22 19 11 0 18 2
15 0 22 10 0 0 24 0 0 25 11 6 0 19 18 5 12 3 0 0 8 17 23 20 4
0 1 24 7 25 0 4 17 0 0 0 10 22 14 21 0 0 11 18 2 5 0 0 16 13
