5
1 5 17 8 0 19 0 0 23 6 4 3 0 0 0 0 0 14 0 0 15 0 24 0 12
7 9 0 3 21 0 0 14 16 13 0 15 2 0 20 17 8 1 5 11 18 22 0 19 6
2 0 0 0 20 11 0 0 5 0 0 18 0 23 0 4 0 7 0 0 0 14 0 10 13
22 23 6 18 0 21 0 0 9 0 0 0 14 16 10 0 0 0 24 20 8 1 5 11 0
14 0 0 25 10 0 0 0 24 12 0 8 0 5 0 6 18 0 23 19 0 7 9 21 4
17 3 21 7 9 0 0 6 25 0 0 2 0 15 0 11 1 13 8 5 0 12 18 0 19
0 18 0 22 0 9 7 17 0 0 10 14 0 0 16 0 0 0 15 24 1 13 8 5 11
6 25 10 0 16 24 2 4 0 20 11 1 13 8 5 0 22 0 18 0 7 17 0 9 21
4 15 20 2 24 0 1 13 0 0 19 0 0 0 23 0 7 0 0 9 14 6 25 0 10
0 0 11 0 0 23 22 12 0 19 21 7 0 0 9 10 14 6 0 16 0 0 15 24 0
18 0 14 23 6 0 9 0 21 2 1 0 25 10 0 22 24 15 20 12 5 0 11 17 0
0 0 0 9 4 13 0 0 10 0 22 24 15 20 12 7 5 0 11 17 23 0 0 0 0
8 11 7 5 17 6 0 0 0 14 2 9 0 21 4 1 16 0 10 0 0 0 0 12 0
0 0 22 24 12 17 5 0 0 7 0 0 0 19 0 0 0 3 21 4 0 0 10 0 1
0 10 0 0 13 12 0 0 0 0 0 5 0 11 17 14 23 18 19 0 9 3 21 0 0
0 2 24 0 0 8 13 0 1 5 23 0 0 0 0 0 17 0 0 3 6 19 14 0 16
0 22 23 12 0 3 0 11 0 0 0 6 0 0 0 0 0 21 0 0 13 10 1 8 5
11 0 0 17 3 25 0 19 14 16 24 0 0 0 0 0 0 10 0 8 12 0 22 0 23
0 1 0 0 0 18 12 20 22 0 9 17 11 7 3 16 6 0 14 25 0 21 0 0 24
19 14 0 6 0 0 4 21 2 0 5 0 0 0 8 23 0 20 0 18 17 0 7 0 9
16 13 0 0 1 22 20 24 12 18 3 0 5 17 0 0 0 23 0 14 21 9 4 2 0
0 17 3 11 0 14 0 23 6 0 0 21 9 0 2 0 10 16 0 0 20 24 0 0 18
9 0 15 21 2 1 10 0 13 8 0 0 24 12 22 3 11 5 17 7 19 23 6 14 25
0 12 0 20 22 7 11 0 17 3 25 0 0 0 14 15 0 9 4 2 10 16 0 1 8
23 6 25 19 14 2 21 0 4 15 8 0 0 13 1 18 20 24 0 0 11 5 17 7 3
