5
0 0 0 11 0 6 0 16 0 0 1 0 15 9 10 14 3 2 19 0 0 4 0 25 21
0 6 0 0 0 0 14 19 3 2 20 23 5 11 12 0 0 25 21 4 10 1 15 22 9
18 0 0 21 0 1 15 9 0 22 0 2 14 19 3 5 12 23 11 20 13 6 17 24 0
0 1 0 0 0 20 5 0 12 0 4 25 8 21 18 17 13 24 0 6 3 7 14 2 0
3 7 14 19 2 4 8 21 0 25 6 0 17 0 13 0 10 22 0 1 12 20 5 23 0
0 17 16 22 13 0 19 23 7 0 0 0 0 25 20 21 4 18 24 0 1 15 9 0 2
1 15 9 0 10 0 11 25 20 0 8 18 21 24 0 16 0 13 22 17 7 14 19 3 0
0 8 0 24 18 15 9 2 1 10 0 0 0 0 0 0 20 12 25 0 0 0 0 13 22
20 0 0 25 0 17 16 0 0 0 15 10 0 0 1 19 7 3 23 14 4 8 21 18 0
7 14 19 23 3 8 21 24 4 18 17 13 0 0 6 9 1 10 2 15 20 5 11 12 25
0 0 12 20 14 24 13 6 21 8 22 17 10 0 16 3 0 15 0 2 0 25 18 5 4
21 0 13 0 8 0 3 0 0 15 0 0 12 20 19 0 11 0 0 0 16 0 10 17 1
11 25 18 4 5 0 10 0 16 17 2 0 3 7 0 12 19 0 0 23 21 24 0 8 6
16 22 10 1 17 23 12 20 19 0 0 5 18 4 11 0 21 0 6 24 0 2 0 15 7
0 2 3 7 15 0 0 4 11 0 24 8 0 0 0 0 16 17 1 22 19 23 12 0 20
0 3 7 0 9 18 4 8 25 0 0 0 6 17 0 0 22 16 15 0 0 12 0 19 5
22 10 1 15 16 12 0 0 23 19 18 0 4 8 25 0 0 0 17 0 2 0 0 9 14
23 12 0 0 19 13 6 17 24 21 0 16 0 0 22 7 2 9 14 3 0 18 0 0 8
0 0 0 8 11 0 0 15 0 0 3 9 7 14 2 0 23 0 0 12 0 0 6 21 0
24 13 6 0 0 3 7 14 0 0 0 0 20 5 23 4 25 0 8 18 22 10 0 16 15
15 9 2 3 1 0 25 18 0 20 0 4 24 13 8 22 17 6 0 16 0 19 23 7 12
14 19 23 12 7 0 24 13 8 4 16 0 0 0 17 2 0 1 3 9 5 11 0 0 0
17 16 22 10 0 19 23 12 14 7 0 20 25 0 5 0 0 4 0 21 15 9 2 1 0
5 11 0 18 20 0 0 10 0 6 0 1 2 3 15 23 14 7 12 19 8 21 24 4 13
8 21 24 13 4 9 2 0 15 1 19 7 23 12 14 25 0 0 18 0 17 16 22 6 0
