4
0 15 0 11 10 0 0 5 0 9 0 0 1 2 0 4
16 10 5 13 15 0 11 0 1 4 2 0 0 7 0 0
0 0 2 0 0 0 3 7 15 14 8 11 10 0 13 16
0 12 0 3 1 0 6 2 0 0 0 13 15 8 0 14
8 0 9 15 6 0 10 4 0 0 16 12 11 0 0 2
0 6 0 0 0 8 0 9 0 2 0 0 0 16 0 7
2 11 14 1 0 7 12 16 0 0 0 15 6 0 0 5
7 0 0 0 0 2 1 0 0 0 0 0 3 9 0 0
12 0 0 16 8 1 0 0 0 10 0 4 0 0 9 0
0 8 0 14 0 0 0 0 0 15 3 0 2 6 0 10
0 7 0 0 2 10 0 6 0 12 13 16 0 11 14 0
10 2 0 4 7 0 9 0 8 0 0 0 5 0 0 0
3 16 12 7 0 6 2 1 0 13 0 5 0 0 8 0
0 14 1 2 16 0 0 12 9 0 15 0 4 0 5 0
11 0 15 8 0 0 0 0 0 3 0 0 14 0 0 6
13 0 10 5 0 0 0 15 0 6 1 2 16 12 7 3
