4
2 13 14 0 0 0 6 15 16 12 3 9 7 0 0 8
5 0 0 11 0 0 13 14 10 0 15 6 9 16 12 0
10 0 15 4 12 0 0 3 5 11 0 0 13 2 0 14
0 9 0 0 11 5 0 0 0 0 14 0 6 10 0 0
0 0 13 10 16 4 0 6 0 0 9 8 0 0 2 7
0 3 6 16 0 12 8 0 11 2 7 14 15 1 10 0
12 8 9 5 2 11 0 0 1 10 0 0 3 0 0 0
11 14 0 2 10 0 0 0 0 0 6 0 0 12 5 9
15 10 1 6 0 3 0 4 0 0 12 0 0 14 13 0
8 5 0 0 13 14 0 11 0 6 1 10 16 0 9 0
14 0 0 13 0 15 0 0 0 0 4 16 0 0 7 12
3 16 0 9 0 0 0 0 0 13 0 0 10 0 6 0
13 1 0 15 3 6 4 0 9 0 16 12 11 7 14 0
0 0 0 14 15 0 1 2 6 0 0 0 0 0 0 16
9 12 16 0 14 0 0 0 0 15 2 1 4 0 3 0
6 4 0 0 8 9 12 16 7 0 5 11 0 13 0 0
