5
0 15 16 3 5 17 2 14 7 0 8 21 22 19 20 6 0 0 0 0 4 1 13 12 0
6 0 24 0 10 12 1 0 11 13 25 0 17 14 2 0 0 0 0 21 0 0 15 23 16
22 8 21 0 20 23 5 0 0 15 0 0 0 4 0 17 0 2 25 0 9 10 18 6 24
0 13 11 0 1 0 0 19 21 8 18 24 6 9 10 23 3 5 15 16 14 2 0 17 7
17 25 7 0 2 6 10 0 0 18 15 16 0 0 5 12 4 0 13 0 19 0 8 0 21
8 21 20 12 0 15 3 0 5 16 11 1 13 0 4 25 23 0 7 0 17 0 0 0 0
0 16 5 22 3 25 0 0 2 0 0 20 8 12 0 0 0 0 24 10 0 0 11 0 0
25 7 0 23 14 18 9 0 0 24 0 5 15 0 0 13 6 0 0 0 0 19 21 0 20
13 11 0 6 4 0 19 12 0 0 0 0 18 17 0 15 22 0 0 0 23 0 7 25 0
18 24 0 0 0 0 0 0 0 11 7 2 25 23 14 8 0 0 0 20 22 0 16 15 0
14 0 15 5 16 9 0 2 0 0 22 8 3 0 21 0 0 24 6 0 0 0 12 19 0
0 12 13 1 11 3 0 20 8 22 6 0 4 10 0 14 0 16 23 0 2 7 0 0 25
0 6 18 10 24 19 11 0 13 12 0 0 0 0 0 3 0 21 22 8 5 0 0 14 15
3 0 0 20 21 0 16 5 15 23 0 13 19 1 11 9 2 7 0 0 10 0 0 0 18
9 17 0 2 0 4 24 10 0 6 23 15 0 5 0 19 1 11 12 13 20 0 22 0 0
7 0 14 15 0 0 0 0 0 10 0 0 0 0 0 0 0 0 0 0 0 12 20 21 19
0 5 3 0 22 7 23 15 14 2 20 19 0 13 0 0 25 17 0 9 18 6 1 0 0
21 0 19 0 12 16 0 0 0 5 1 0 11 18 6 0 15 23 2 14 0 0 10 24 9
0 0 0 18 6 0 12 13 19 20 0 0 24 25 17 0 8 0 0 3 0 23 2 7 0
24 10 9 25 17 0 6 0 0 0 2 14 7 0 23 0 13 0 20 0 8 22 5 0 3
1 0 6 24 0 0 0 0 12 0 9 17 10 7 25 0 21 8 0 22 0 0 0 2 0
0 14 23 16 15 10 0 7 17 0 3 0 5 21 8 0 24 18 4 6 0 0 19 0 12
0 3 22 21 0 0 0 16 0 14 19 12 20 11 13 10 0 25 0 17 0 0 4 1 6
0 9 0 7 25 1 0 24 0 0 0 23 2 16 15 20 11 13 19 0 21 8 3 5 22
20 19 12 11 0 5 8 21 0 0 0 0 1 24 0 0 16 15 14 0 0 0 9 10 17
