5
0 12 0 20 3 24 7 0 9 0 0 0 21 0 23 14 1 0 25 2 0 0 15 0 0
0 7 0 0 13 19 23 10 16 0 0 0 6 0 0 0 3 0 17 8 4 2 14 0 1
22 15 0 0 0 0 14 4 2 0 8 20 0 17 12 0 21 10 19 0 0 0 7 24 13
2 14 25 0 1 0 12 20 8 3 9 18 13 24 7 15 6 0 5 0 0 16 23 19 21
0 0 19 10 21 0 0 11 22 6 2 4 0 0 0 7 13 18 24 9 20 0 0 17 0
25 0 6 2 0 1 4 8 17 12 24 0 7 3 20 10 15 22 0 0 16 19 0 13 23
5 10 0 22 0 0 11 0 25 0 17 8 0 1 4 18 23 16 13 19 9 24 20 3 0
17 4 1 8 0 0 20 0 24 7 19 16 23 0 18 11 0 2 0 25 22 5 0 21 0
24 0 3 9 0 0 18 0 19 23 5 22 15 21 10 0 0 0 0 17 0 25 11 0 14
0 18 13 16 23 0 0 22 0 15 25 0 14 6 11 0 7 9 3 24 8 17 4 0 12
0 19 18 21 0 10 0 6 15 22 14 0 2 11 25 0 9 13 20 0 3 12 17 0 8
0 24 20 13 9 18 19 21 23 16 0 0 22 10 5 0 8 3 4 12 0 14 0 11 0
0 0 0 3 0 0 24 13 7 0 23 21 16 18 19 25 0 0 0 14 6 0 5 0 22
14 25 11 1 2 0 17 3 12 0 7 13 9 20 24 5 22 6 10 15 21 23 19 18 0
15 5 0 6 22 11 25 1 0 0 0 3 8 0 0 19 0 21 18 23 13 7 0 0 0
11 6 22 0 0 0 0 12 4 17 0 0 24 8 3 21 5 15 16 10 23 0 0 0 0
0 1 2 12 0 8 3 7 20 24 18 23 19 9 13 6 25 14 0 11 15 10 21 16 5
0 0 9 0 19 16 21 0 10 0 11 0 25 0 0 3 0 7 0 20 12 4 0 2 17
0 21 16 15 5 0 6 14 11 25 4 0 0 2 0 13 0 23 9 18 7 20 3 8 24
20 3 0 7 24 9 0 23 18 0 10 15 5 0 21 1 0 0 2 4 14 0 6 0 0
13 0 0 19 18 23 0 5 0 10 0 0 11 0 0 8 20 0 12 3 0 0 2 0 4
1 2 14 17 0 0 0 24 3 0 13 0 18 7 9 22 0 25 15 0 5 21 16 23 10
0 8 0 24 20 7 9 19 13 0 21 5 10 23 16 2 0 0 0 1 0 0 22 15 0
0 16 23 5 10 15 22 25 6 0 1 17 4 14 2 9 18 19 7 13 24 3 8 0 20
6 22 15 0 11 14 2 0 1 4 3 24 20 12 8 0 0 0 23 21 19 13 9 7 0
