5
12 2 25 20 14 21 0 0 10 1 11 23 0 13 0 5 0 19 24 0 3 6 0 0 22
6 3 0 22 15 0 12 20 14 2 0 18 5 9 24 10 0 1 21 0 11 23 17 8 0
0 19 24 0 5 8 23 13 17 11 2 0 0 20 0 15 22 0 7 6 1 0 10 21 0
23 0 8 13 0 7 6 0 0 3 0 0 10 0 0 0 20 2 25 12 19 18 5 24 9
4 0 0 16 10 24 18 0 0 19 3 6 0 22 7 17 13 11 8 23 2 0 14 0 20
0 21 5 0 18 0 13 11 23 24 7 20 0 2 0 6 0 8 0 22 0 16 4 10 1
22 8 0 0 6 14 0 0 12 7 21 9 18 0 5 0 1 0 0 16 24 13 23 0 0
13 24 17 11 0 0 0 3 6 0 25 16 4 1 10 12 2 0 0 20 21 9 18 0 19
20 7 14 2 12 0 0 0 4 0 24 13 23 11 0 18 0 21 5 9 8 22 6 15 3
16 0 10 1 4 5 9 19 18 21 8 22 6 3 0 23 11 24 17 13 0 0 0 14 0
21 4 0 10 0 13 24 5 11 18 6 0 0 15 0 3 0 23 22 8 12 0 1 16 14
25 12 16 14 0 9 21 0 19 4 23 8 3 17 0 11 5 0 0 24 6 7 2 20 15
0 18 13 5 11 22 8 17 3 23 0 25 1 14 0 0 15 6 20 7 4 21 19 0 10
0 0 0 17 0 20 0 15 2 6 4 21 0 10 0 1 14 12 16 25 18 24 11 13 5
0 0 20 15 2 16 25 14 1 0 0 24 0 5 0 19 10 4 9 21 23 8 0 0 17
3 0 0 0 22 12 0 7 20 0 0 19 9 21 18 16 0 0 4 1 0 11 13 23 24
19 10 0 21 9 23 11 24 13 0 15 2 0 0 12 22 0 17 6 3 14 1 16 4 25
2 15 12 7 0 4 1 25 16 0 5 11 0 24 23 9 21 10 18 19 17 3 0 6 8
1 14 4 25 16 0 19 0 9 10 17 3 22 8 0 13 0 5 0 11 15 2 20 12 7
11 5 23 24 0 6 3 8 0 17 14 1 16 25 0 20 7 15 0 2 0 19 0 18 0
10 16 0 0 21 11 5 0 24 0 0 0 7 6 2 8 23 13 3 0 20 14 0 1 12
5 0 0 0 24 3 17 23 0 0 20 0 0 12 1 7 6 0 2 0 16 0 0 19 4
0 13 0 23 0 2 0 6 7 22 0 0 21 4 0 0 12 20 1 14 0 0 0 11 0
14 20 1 0 0 19 10 4 0 16 13 0 8 0 0 0 18 9 11 0 22 0 7 0 6
0 22 0 6 7 1 14 12 25 20 9 0 0 0 0 21 4 16 0 10 13 17 0 3 0
