4
14 0 8 10 15 0 5 4 3 9 0 0 2 0 16 0
15 5 4 0 0 10 0 8 0 6 16 2 7 0 12 9
0 11 16 0 9 0 0 0 1 0 8 0 13 0 4 0
0 0 12 0 0 0 0 16 5 15 4 13 0 0 8 0
0 7 9 0 8 1 0 0 13 0 0 11 0 10 14 12
16 0 15 11 0 3 10 14 2 0 0 1 0 7 9 4
0 0 14 0 16 0 13 0 7 0 9 5 0 0 6 0
8 2 0 0 0 5 7 9 0 0 14 0 11 13 15 0
0 14 1 12 13 0 0 5 0 7 0 0 0 0 0 2
7 0 0 4 0 8 0 11 0 0 5 16 0 14 1 10
13 0 0 0 0 12 0 1 0 2 0 0 4 9 3 7
2 0 11 0 7 0 0 0 0 0 0 0 16 15 0 0
3 0 10 9 0 6 16 13 0 5 7 0 14 0 2 1
0 16 0 0 3 9 12 0 8 1 2 14 15 0 0 0
1 0 2 0 0 0 4 7 0 0 0 9 6 0 0 0
5 0 7 0 0 14 8 2 0 0 0 6 9 12 10 3
