4
6 5 0 3 13 0 0 0 14 12 8 16 11 4 0 1
15 13 7 0 8 12 16 14 0 0 0 1 5 3 6 0
9 11 0 4 5 6 0 3 0 0 0 7 0 14 12 0
0 8 0 0 0 9 1 4 0 6 5 2 0 10 0 0
8 0 14 0 12 11 4 16 0 0 0 3 0 0 13 10
0 12 0 0 9 5 3 1 0 13 0 0 0 7 8 14
0 6 10 0 15 0 0 0 0 0 0 4 9 0 0 3
5 0 3 0 6 13 0 2 0 0 15 0 0 16 0 4
0 0 15 13 7 14 12 8 11 0 0 0 1 0 3 0
0 0 12 0 0 4 9 0 0 3 1 0 0 0 10 15
3 0 0 5 2 10 0 13 8 14 7 0 16 0 4 0
0 16 9 0 0 0 6 5 0 0 2 15 0 0 14 12
16 14 11 0 0 0 5 9 6 2 3 0 10 15 7 0
1 4 5 9 0 2 13 6 15 7 0 0 14 12 16 0
0 0 0 0 10 0 8 0 12 16 14 0 0 0 0 0
7 10 0 15 14 16 11 0 9 1 4 5 3 0 2 13
