4
2 16 14 0 9 0 10 11 1 0 13 12 15 8 5 0
0 0 4 12 6 0 15 8 0 0 16 0 10 0 7 9
0 0 5 15 16 14 3 0 0 7 9 0 0 1 0 0
0 0 0 10 13 4 12 1 0 0 0 15 0 2 0 16
9 0 2 0 0 11 7 13 6 0 12 4 5 16 8 0
0 0 11 0 12 1 4 6 0 0 15 0 14 0 0 3
0 12 0 0 15 0 5 16 9 0 3 14 7 13 11 10
0 0 8 5 0 0 14 9 13 0 0 0 4 6 1 0
14 0 3 16 2 10 9 0 4 0 11 0 6 0 0 1
0 2 10 9 0 12 13 4 5 0 0 6 16 14 3 0
0 11 12 0 1 0 6 5 14 0 0 0 0 7 0 2
0 1 15 0 0 3 0 0 7 10 2 9 13 4 0 0
15 4 0 0 5 16 8 3 0 9 14 2 0 0 13 7
0 14 9 0 0 13 11 0 0 6 4 0 0 0 16 0
0 0 13 0 0 0 0 15 0 16 5 8 2 0 9 14
3 5 16 8 14 9 0 10 12 13 7 0 0 0 0 0
