4
5 12 1 16 0 0 3 10 13 0 14 0 0 9 2 4
8 0 0 0 5 0 1 12 4 7 0 0 0 0 0 0
0 4 0 2 15 11 14 13 12 0 0 16 8 3 6 0
15 13 0 11 7 0 0 0 10 0 0 6 5 0 16 12
0 0 0 0 1 12 0 0 6 9 8 4 14 5 13 16
0 2 7 0 0 10 0 11 16 0 0 0 0 0 4 0
9 6 8 0 0 13 5 0 2 1 0 0 0 15 0 0
0 16 0 0 9 4 8 6 0 3 15 0 1 0 12 0
4 9 0 0 13 15 0 14 0 0 0 0 10 11 0 3
13 0 0 15 4 0 6 9 0 10 11 8 0 0 0 0
0 3 11 8 0 0 2 1 0 0 0 0 13 0 0 14
0 1 0 0 0 0 11 3 14 0 0 15 4 6 7 9
16 5 12 0 0 0 10 8 15 0 13 3 2 4 0 0
11 0 13 0 2 0 4 7 0 6 0 9 16 0 0 0
6 0 0 0 16 0 0 5 0 2 4 1 11 13 3 0
2 0 0 1 11 3 13 0 5 16 12 14 0 0 9 0
