4
0 0 2 0 0 0 0 7 10 11 0 0 0 0 0 0
0 0 10 0 5 0 14 13 0 15 0 1 0 0 0 9
12 0 0 15 3 6 9 2 0 0 0 4 0 11 8 16
14 0 0 5 0 8 16 0 2 3 0 0 0 15 0 12
0 0 0 0 6 0 2 0 9 4 13 0 0 0 15 0
0 15 12 8 0 3 0 9 0 0 0 5 16 6 11 0
0 3 9 4 8 0 10 0 16 0 2 11 0 0 5 7
2 0 0 0 0 0 0 0 0 0 0 0 9 4 0 0
8 0 15 0 14 13 0 0 5 12 1 7 11 9 0 0
0 7 0 0 9 2 0 11 3 14 0 13 0 16 0 8
0 13 3 0 0 10 0 15 0 9 6 2 0 12 0 0
0 2 11 0 0 7 1 5 15 16 8 0 3 14 0 4
15 12 1 10 13 9 3 0 4 0 5 0 0 0 0 11
0 16 8 2 0 14 0 0 1 10 15 12 6 0 9 3
5 14 4 0 2 0 0 0 6 13 3 9 0 10 0 0
3 0 6 13 10 0 0 1 8 2 11 0 4 7 0 5
