5
18 0 17 0 4 20 5 0 22 0 13 10 2 15 11 0 0 16 1 12 0 0 0 21 7
0 2 10 13 15 12 0 19 1 16 0 14 7 6 9 18 0 0 4 25 22 0 23 20 8
0 16 0 0 0 21 0 14 6 0 25 17 24 4 18 0 23 8 22 20 15 0 10 0 2
5 0 23 0 22 0 11 10 15 2 0 19 16 1 3 9 0 7 6 21 0 0 0 25 0
0 7 14 21 6 0 0 17 4 0 20 0 0 22 5 0 0 2 15 13 1 3 19 0 16
12 3 1 0 16 19 21 6 7 9 0 4 0 24 25 20 22 5 8 0 2 13 0 23 11
20 0 0 17 8 0 13 0 0 11 10 0 3 16 0 0 0 9 7 19 24 25 0 0 0
0 0 0 0 2 10 12 0 0 3 0 6 0 7 0 25 0 18 24 14 8 0 22 0 5
25 18 4 0 0 17 20 22 8 5 0 15 11 0 0 12 1 3 16 10 0 21 6 19 9
0 0 6 19 0 14 25 4 0 0 0 22 5 8 0 13 15 0 2 0 16 12 0 10 0
1 19 0 16 21 7 6 0 0 0 0 0 17 0 4 22 11 23 13 8 12 15 3 2 0
0 0 11 8 0 2 15 0 0 10 16 9 19 0 0 0 18 14 0 0 0 0 0 0 17
4 0 5 0 0 0 22 11 13 23 2 0 0 12 15 1 9 0 0 0 25 6 18 7 0
6 0 0 0 0 24 4 0 0 0 8 11 23 0 22 0 0 10 0 2 21 1 0 0 19
15 0 3 2 12 16 1 0 21 0 0 18 14 25 6 4 5 0 20 24 0 22 0 0 23
2 15 0 11 0 0 0 21 19 1 9 25 6 0 7 0 20 4 0 18 23 8 13 5 22
0 22 13 5 0 11 0 12 10 15 0 21 1 0 16 7 25 0 0 9 0 0 20 18 4
0 0 0 3 19 9 7 25 14 0 18 20 4 17 0 8 13 22 23 5 10 2 0 0 0
0 4 20 0 17 5 8 0 0 22 11 12 15 0 0 16 21 1 19 3 14 0 25 9 6
7 0 25 0 0 18 24 20 17 4 5 13 22 23 8 0 12 15 10 11 0 0 21 0 1
0 0 0 1 9 6 14 0 18 25 0 8 20 5 0 23 2 13 11 22 0 10 16 15 12
0 13 2 22 11 15 10 16 3 12 1 0 21 9 19 14 0 25 18 6 0 0 8 0 0
0 0 16 0 3 1 0 7 0 21 6 24 25 18 14 17 0 0 0 0 11 23 0 0 0
17 20 0 4 0 22 0 0 11 13 15 0 12 0 0 19 7 0 0 1 18 14 24 6 25
0 25 0 6 18 4 0 8 0 0 22 0 13 0 0 0 16 0 3 15 9 19 7 0 21
