4
0 0 0 9 10 0 0 1 7 0 12 16 6 0 13 0
0 8 12 0 6 15 13 0 2 3 1 10 0 4 5 11
13 15 14 6 16 0 0 0 0 11 0 9 0 0 2 3
0 3 0 10 0 0 0 0 13 0 14 6 0 0 0 8
0 16 0 0 0 6 0 0 0 0 0 0 0 0 4 9
14 6 11 13 0 16 12 0 4 9 8 5 0 0 0 0
4 9 8 5 2 10 0 15 12 16 3 7 0 11 0 6
0 0 0 0 5 0 4 8 0 6 11 13 7 3 0 16
10 12 2 3 11 14 9 5 6 0 13 15 0 0 16 4
9 14 0 11 3 0 0 0 16 4 0 8 0 13 6 1
16 0 0 8 0 0 6 0 0 12 2 3 0 5 9 14
6 1 0 0 8 4 0 0 9 14 5 11 3 2 10 12
0 0 0 1 4 5 8 16 11 0 0 14 12 0 0 7
0 7 10 12 14 13 0 9 0 2 6 1 4 16 8 0
8 5 16 4 0 2 0 0 0 7 0 12 0 9 0 0
0 0 9 0 0 7 3 10 8 5 16 4 1 6 0 0
