5
12 21 25 24 0 0 0 14 4 0 2 8 15 0 0 0 23 17 5 13 1 18 0 22 16
3 10 4 0 7 0 0 0 23 13 6 0 1 0 22 11 0 0 2 15 12 0 0 9 21
0 17 23 5 19 11 0 2 0 0 24 25 0 21 9 22 0 16 0 0 0 4 0 0 0
15 20 8 2 11 0 16 0 18 1 0 0 0 10 7 9 25 21 24 0 13 0 5 0 17
1 0 18 0 22 9 0 24 25 0 5 23 13 17 0 0 4 10 0 0 15 8 2 0 20
0 0 0 0 8 18 0 0 20 6 0 21 14 0 4 25 16 1 22 24 0 0 7 23 0
0 1 16 22 0 4 12 9 0 14 0 17 0 13 0 23 10 3 7 5 6 20 11 0 15
0 0 20 11 18 25 1 22 0 0 7 10 5 3 0 4 21 12 9 14 0 0 0 8 13
5 3 10 0 23 0 13 0 0 2 22 16 24 0 25 18 20 0 11 6 14 0 9 0 0
0 0 21 0 0 23 0 0 0 5 11 20 0 0 18 0 0 0 0 0 0 16 22 25 1
0 2 13 0 20 0 6 18 15 22 4 12 7 14 10 21 1 24 0 9 19 3 23 0 5
9 0 0 0 0 10 14 4 0 7 8 13 11 2 20 0 0 5 23 0 22 15 0 0 6
7 14 12 0 10 0 5 0 0 19 18 0 0 6 16 20 13 0 8 11 9 0 0 21 0
19 0 0 0 0 20 0 8 13 11 0 1 0 24 0 0 0 6 18 22 7 0 4 10 14
22 6 0 18 0 21 0 0 1 0 0 3 19 5 17 0 12 0 0 0 11 13 8 0 2
25 22 0 16 0 12 9 0 0 4 17 5 8 19 13 0 14 7 0 23 18 0 0 15 0
23 7 0 10 0 13 0 17 0 0 0 6 0 22 0 15 0 0 20 18 4 24 21 12 9
4 9 24 0 0 3 7 0 14 23 20 2 18 11 15 13 5 0 17 0 0 0 16 1 22
8 0 0 0 13 15 0 20 2 0 0 24 0 0 0 1 6 22 0 0 0 14 0 0 0
18 0 2 20 15 1 22 0 6 25 10 14 23 0 3 0 24 9 21 4 8 5 17 13 19
16 0 11 15 6 0 25 1 0 21 3 7 17 0 0 14 9 0 12 0 20 0 13 2 8
21 25 22 1 24 14 4 12 9 10 13 0 0 8 2 5 7 0 3 17 16 11 0 0 0
17 23 0 3 0 2 8 13 19 0 0 22 21 25 24 6 11 18 15 16 10 9 12 14 4
10 4 0 12 14 0 23 3 7 0 15 11 16 18 6 0 19 0 13 20 21 22 1 24 25
20 8 0 13 2 0 0 15 11 0 12 9 10 4 14 24 22 25 1 21 17 0 3 0 23
