4
0 5 0 1 6 0 0 0 14 16 0 0 10 7 0 0
10 0 12 0 0 9 0 4 15 0 3 11 13 5 0 0
3 0 0 6 0 12 0 0 0 1 13 8 4 0 0 16
0 0 0 16 0 8 5 13 0 2 0 12 3 0 11 6
0 0 0 4 0 5 1 9 2 0 0 7 8 0 15 3
8 6 0 3 0 0 0 11 1 0 0 0 12 16 14 0
0 2 0 0 0 14 0 0 0 0 8 15 9 0 5 13
9 1 0 0 3 15 0 8 16 0 0 14 11 0 7 10
0 8 0 0 15 10 11 0 0 14 0 13 2 0 4 7
0 0 13 14 0 3 0 1 0 7 2 0 6 0 10 15
2 12 4 7 14 13 9 16 0 0 0 10 0 8 0 0
6 11 10 15 0 4 12 2 8 5 1 0 16 9 13 0
0 0 16 0 9 1 13 14 0 0 15 2 0 3 0 8
0 0 1 0 8 0 0 5 0 0 7 16 15 0 2 0
0 0 2 11 0 16 0 0 3 8 5 0 0 0 0 9
5 0 0 8 0 0 0 15 0 0 14 1 7 4 16 0
