5
0 5 23 0 25 14 17 18 0 7 0 8 15 0 10 4 16 0 6 1 0 0 24 12 13
13 12 0 2 11 0 10 0 15 20 0 0 21 4 16 23 25 0 3 5 0 17 14 7 22
0 20 0 8 0 23 25 0 19 0 12 2 0 24 11 14 0 22 18 7 6 16 4 0 21
0 7 14 0 0 4 16 0 21 1 5 0 19 23 25 0 11 13 2 12 0 10 0 0 0
0 0 4 6 0 24 11 2 0 0 7 0 22 14 0 9 10 15 0 20 0 25 0 5 19
25 23 0 0 3 0 18 7 17 0 0 0 10 21 8 19 6 16 0 4 12 2 22 0 11
10 9 0 20 8 13 0 0 25 23 24 12 11 22 0 0 18 17 0 0 1 6 19 0 16
17 0 15 7 18 19 6 0 0 0 23 0 25 13 3 22 2 11 12 0 0 8 21 9 10
0 24 22 12 0 0 0 20 10 9 4 1 0 0 0 0 3 25 5 0 7 18 0 14 17
0 4 19 1 6 0 0 0 11 24 14 7 0 15 0 21 8 0 0 9 5 3 0 23 0
12 17 0 22 0 6 9 0 0 16 25 19 1 3 0 2 23 5 0 0 15 14 8 10 7
0 16 6 21 0 2 23 13 5 11 17 0 0 18 0 0 0 7 15 10 19 4 0 0 0
0 11 2 0 23 8 14 15 7 0 16 0 20 0 0 3 0 1 19 0 0 24 18 0 0
1 25 3 19 0 0 24 0 12 17 10 0 7 8 14 0 0 20 21 16 13 23 0 11 0
7 10 8 0 14 3 0 19 0 25 11 13 5 2 23 18 0 0 22 0 0 0 6 0 20
3 13 11 23 0 0 7 14 18 0 0 0 8 0 20 25 1 6 0 0 24 0 17 22 0
6 0 0 4 0 17 12 0 2 22 15 14 0 10 7 16 20 0 9 0 23 5 0 13 0
18 15 0 14 0 0 1 0 0 19 13 0 3 11 5 17 12 2 24 22 9 0 16 21 8
0 0 17 24 12 0 20 0 8 0 19 4 6 25 1 11 0 3 23 13 14 0 0 15 18
0 21 16 9 20 0 0 23 0 0 0 24 2 17 12 10 7 18 14 15 4 0 25 0 6
4 0 5 25 0 7 0 17 0 18 8 10 14 0 0 0 21 0 16 6 11 13 12 2 0
0 0 12 0 0 20 15 10 14 8 0 0 9 1 21 5 19 0 25 3 17 0 0 18 0
24 18 7 17 0 1 0 16 9 0 3 25 4 5 19 12 13 0 11 2 10 15 20 8 0
14 0 0 10 15 0 19 0 0 0 2 0 23 0 0 7 22 24 0 18 0 21 1 0 9
9 0 0 16 21 12 13 11 0 0 18 0 24 7 22 0 15 0 10 8 0 19 5 0 4
