5
0 10 13 0 0 0 15 22 0 4 0 0 0 14 2 11 5 0 0 18 23 1 7 0 0
0 0 7 0 6 0 0 0 2 0 11 19 5 0 18 25 0 10 0 0 0 0 20 0 0
21 15 20 4 22 3 0 11 0 5 0 10 12 13 9 0 1 23 7 0 17 0 0 2 16
0 0 0 0 11 7 23 0 8 1 0 0 4 20 21 0 0 17 14 0 10 0 0 9 0
0 17 0 0 0 13 10 25 0 0 0 23 1 7 0 0 0 15 20 0 19 0 0 0 11
12 0 21 15 13 18 11 20 0 19 14 0 10 9 24 3 23 0 0 0 0 0 0 0 0
0 0 9 0 14 21 0 13 0 0 7 16 17 0 1 20 19 11 18 0 6 23 8 5 3
4 0 18 19 20 8 0 3 0 23 13 0 15 21 0 7 17 16 2 1 25 0 9 0 0
5 6 0 23 3 0 0 0 1 17 20 11 0 18 4 0 10 0 0 24 22 15 0 12 0
0 16 2 0 7 0 0 0 0 0 3 0 0 0 5 13 15 0 21 12 11 0 18 4 20
3 0 6 8 0 0 1 23 7 0 15 0 18 11 20 0 9 24 0 0 0 0 22 13 10
13 12 0 0 10 0 4 15 20 18 17 24 9 25 14 19 8 5 6 0 1 0 16 7 0
7 0 16 2 23 0 24 17 14 9 0 0 8 6 3 0 21 12 22 13 0 18 11 20 0
14 24 0 0 17 0 0 10 13 0 0 1 2 16 0 15 0 4 0 20 0 0 6 3 0
0 4 0 0 15 6 0 19 3 0 10 12 21 22 13 23 0 1 16 0 24 9 25 14 0
17 14 24 0 0 0 13 9 10 0 8 7 16 1 0 21 0 20 0 15 3 6 5 19 18
10 0 0 0 9 4 0 21 15 0 2 14 25 24 0 18 6 3 5 19 7 16 1 23 8
23 7 0 16 0 24 14 0 17 25 18 3 0 5 19 0 22 13 0 10 0 11 4 0 21
19 3 5 6 18 1 0 0 23 16 21 20 11 4 0 2 25 0 0 0 13 22 0 0 9
15 0 0 0 0 0 3 0 0 0 0 0 22 12 0 8 0 7 1 0 14 0 0 17 2
0 0 17 0 1 10 9 24 0 0 5 8 0 23 0 12 0 0 15 0 18 3 0 11 0
11 0 19 3 0 23 8 5 0 0 0 21 20 15 0 1 14 0 17 0 9 13 0 25 0
0 0 15 20 0 0 18 4 11 0 24 0 13 10 0 5 0 0 0 6 2 0 17 0 0
6 0 23 7 5 17 0 1 16 0 4 18 0 19 0 24 0 0 0 25 21 20 15 22 0
0 9 10 13 24 15 0 0 22 20 1 0 0 17 16 0 0 18 19 0 8 7 23 0 5
