4
5 7 8 3 0 0 0 0 0 0 12 15 0 0 0 2
1 15 9 0 7 8 0 0 13 4 0 2 0 10 0 6
14 6 11 10 0 13 16 4 0 5 0 7 0 12 0 15
4 0 0 0 0 0 0 1 0 14 0 6 8 0 5 0
9 0 5 15 0 14 7 0 0 0 0 0 4 6 11 16
0 0 0 6 12 0 0 13 14 8 7 0 5 15 9 3
0 0 1 2 3 0 0 0 0 11 6 16 14 7 8 0
8 0 0 0 0 4 6 11 5 9 0 3 0 2 13 12
0 0 16 0 13 12 4 2 0 0 0 8 0 0 0 9
0 8 10 0 11 16 14 6 0 15 0 9 0 0 0 0
15 9 3 0 8 10 5 7 0 2 4 13 0 14 6 11
0 13 12 4 0 0 0 15 16 6 14 0 10 5 0 8
0 4 0 0 1 15 13 0 6 0 8 0 7 9 3 5
3 5 7 9 0 6 8 10 0 0 0 1 2 0 0 0
10 14 6 0 0 0 11 0 0 0 9 5 15 13 12 0
0 1 0 13 0 7 9 0 2 16 0 4 6 8 10 14
