5
7 25 11 19 0 6 0 20 14 0 3 23 0 0 2 0 15 0 9 13 1 0 12 10 22
9 13 17 0 15 0 3 23 21 16 12 0 10 0 0 18 0 14 0 6 8 0 0 7 19
16 2 3 0 0 25 11 8 19 7 17 15 9 0 13 12 0 22 10 4 0 6 18 24 14
0 0 0 0 0 0 12 1 0 10 0 0 0 19 25 0 0 21 16 2 15 13 0 9 5
10 4 12 22 1 13 17 15 0 9 18 20 24 0 0 11 8 0 7 25 23 2 3 16 0
0 14 25 7 0 22 0 0 0 0 2 0 23 16 0 0 17 0 15 21 0 5 4 0 10
1 0 4 10 0 21 13 17 9 0 6 18 0 0 22 25 0 0 8 14 0 0 0 23 16
20 0 6 24 18 5 0 12 10 1 0 11 0 7 0 0 3 16 23 0 0 21 13 15 9
15 21 13 0 0 19 2 3 16 0 0 12 0 0 0 6 18 0 20 22 11 14 0 8 7
0 0 0 0 3 14 25 11 7 8 13 17 0 9 0 0 12 0 1 5 18 22 6 20 24
3 7 0 23 2 24 14 25 0 11 21 13 17 15 0 5 0 0 0 9 0 10 0 18 20
0 24 14 0 0 10 22 0 20 0 19 2 3 23 0 21 0 15 17 16 4 0 5 12 1
12 9 0 1 4 16 21 0 15 17 0 6 18 0 0 14 25 8 0 24 2 7 0 3 23
17 0 0 15 0 7 19 0 0 3 5 4 0 0 0 22 6 20 18 10 0 24 0 0 0
18 10 22 0 0 9 0 4 0 0 14 25 11 0 24 0 2 0 3 0 0 0 21 0 15
0 18 20 25 24 12 1 0 6 22 0 0 0 0 11 0 0 0 0 0 9 17 0 5 4
22 0 0 0 10 17 15 0 4 0 0 24 14 25 18 0 7 2 19 11 16 3 23 0 0
0 0 0 0 16 0 0 0 2 0 15 9 5 0 0 1 10 6 22 0 24 18 0 14 25
5 0 15 4 0 3 23 0 13 0 1 10 22 6 12 20 24 25 14 18 7 0 8 19 2
19 0 0 0 7 18 0 24 0 14 23 16 21 13 3 15 0 4 5 0 10 12 0 22 6
25 20 0 11 0 1 10 22 0 6 0 19 0 3 8 16 21 0 0 23 5 0 9 4 12
13 23 16 0 21 0 0 0 3 2 9 5 4 12 15 10 22 0 6 1 14 20 24 0 11
0 1 0 0 22 15 9 5 12 4 24 0 0 11 0 7 0 3 2 0 21 23 16 13 0
4 15 0 0 0 0 16 0 17 13 10 22 0 18 1 24 0 11 25 20 19 8 7 0 3
0 8 7 3 19 0 24 14 0 25 0 21 13 17 23 0 5 12 0 0 22 1 10 6 18
