4
0 11 0 0 16 4 0 0 0 10 14 8 6 5 0 15
10 0 8 14 0 5 0 15 11 0 0 0 12 0 16 0
0 0 0 12 10 0 14 0 0 0 6 0 0 0 9 0
0 0 5 0 9 0 0 0 0 0 12 0 0 8 10 13
3 16 0 0 4 0 0 10 0 8 13 14 15 0 0 9
0 10 0 1 8 0 13 7 0 5 0 6 0 0 0 16
0 9 6 15 0 0 11 16 10 4 1 12 0 0 8 7
8 7 0 0 0 6 15 9 16 3 0 0 0 0 4 0
0 0 7 0 0 0 0 0 0 11 4 0 0 10 1 14
0 0 10 8 13 0 5 0 2 15 3 0 4 16 0 0
11 12 16 0 1 10 8 0 0 13 0 7 3 9 15 0
15 2 0 0 0 16 4 0 0 0 8 10 0 0 13 6
12 0 1 0 0 13 0 5 0 0 0 0 0 11 0 4
0 5 0 0 0 0 9 0 4 2 16 0 0 0 12 8
0 0 0 16 12 0 10 8 5 0 7 13 0 0 6 3
6 0 0 0 0 11 16 0 8 0 10 1 7 0 0 5
