5
5 2 20 1 10 7 17 18 0 6 24 0 22 4 0 0 0 16 0 11 19 0 0 0 0
6 18 0 0 0 19 0 9 12 8 0 0 0 0 23 0 0 10 20 0 0 0 22 0 0
8 9 0 3 12 0 13 24 0 22 2 20 5 0 0 0 18 0 7 6 0 16 11 23 15
11 15 0 0 16 0 1 2 10 5 9 0 8 0 0 0 24 4 21 0 7 25 0 0 0
22 24 21 0 4 0 23 15 16 11 0 7 6 25 17 3 0 12 0 8 20 10 5 0 2
21 22 0 24 13 4 0 11 23 14 0 10 7 17 0 9 8 3 25 0 16 1 20 2 5
7 6 0 18 17 25 9 8 0 0 11 4 14 23 0 2 5 1 16 20 12 13 21 24 22
19 8 0 0 3 0 0 22 0 0 5 0 0 1 2 18 0 17 0 7 4 0 14 15 11
0 11 4 15 23 0 2 5 0 0 8 0 0 3 0 24 22 13 12 21 0 17 7 18 6
20 0 0 2 1 10 18 6 0 7 22 0 0 0 0 15 11 23 4 0 25 0 0 9 8
17 0 18 19 0 0 21 0 0 0 0 15 23 0 0 0 10 6 2 1 24 11 0 14 0
3 12 0 21 22 0 14 4 11 13 10 0 0 0 7 19 0 8 18 17 15 5 23 20 16
23 16 0 20 0 0 0 0 0 1 12 9 3 22 21 0 4 11 24 0 18 8 17 19 25
13 0 0 14 11 15 0 16 0 23 0 18 17 8 19 21 12 22 9 0 0 0 1 7 10
1 10 2 7 6 0 19 0 8 17 4 24 0 11 14 0 0 0 0 23 0 0 0 21 12
0 21 3 22 24 13 0 0 15 4 0 1 0 18 6 8 19 9 0 0 23 2 16 5 20
16 20 23 0 2 1 6 0 18 0 21 3 12 0 0 0 0 15 0 4 0 0 0 8 0
0 14 13 11 15 0 5 20 0 16 19 17 0 9 8 22 21 24 3 12 0 0 10 6 7
0 0 0 0 9 0 0 21 24 12 0 0 0 2 0 6 0 0 0 10 13 15 4 11 14
10 7 0 6 0 0 8 19 9 25 0 13 4 0 11 0 0 0 23 0 3 24 0 22 21
0 0 8 0 21 22 4 13 14 24 1 5 2 7 10 25 17 19 6 0 11 0 0 16 23
2 0 5 10 7 6 25 0 19 0 13 0 24 14 4 16 23 20 11 15 8 0 0 0 0
24 0 22 4 14 11 0 23 0 15 17 6 0 19 25 12 3 21 8 9 5 7 2 10 1
0 17 6 25 0 0 12 0 0 0 0 11 15 20 16 0 1 0 5 2 0 14 0 4 13
15 0 0 16 0 5 10 1 0 2 3 8 9 21 12 4 0 14 0 24 0 19 0 0 17
