5
21 7 25 0 1 0 0 24 0 0 0 14 19 0 16 0 20 10 2 0 23 18 13 17 0
20 8 0 10 6 0 14 9 16 11 15 23 17 13 18 5 0 3 0 22 12 0 25 7 21
4 5 24 3 22 0 0 0 18 15 21 12 7 0 1 0 0 14 9 0 10 6 2 8 20
11 19 0 14 16 7 12 0 0 21 0 10 8 2 0 17 15 0 0 0 0 22 24 5 0
0 17 13 23 18 8 10 2 6 20 4 0 0 24 22 0 21 0 25 0 14 16 0 19 11
9 16 14 0 11 1 0 12 0 25 2 19 6 10 0 0 13 0 0 15 17 4 0 22 0
0 22 0 0 4 18 8 23 15 0 25 0 0 12 21 0 0 7 0 11 19 0 0 0 2
13 18 23 8 15 0 19 10 20 2 0 17 22 3 4 1 25 5 12 21 7 11 14 0 9
25 1 0 5 0 22 17 3 4 0 9 7 0 0 0 6 2 19 0 0 8 0 23 0 0
0 6 0 19 20 16 0 0 11 9 13 8 0 23 15 0 24 17 3 4 5 0 12 1 25
0 24 18 15 3 0 0 6 23 8 5 4 0 22 12 9 7 0 1 14 11 0 0 0 19
7 9 1 0 14 25 4 0 0 0 19 11 2 0 0 13 8 20 6 0 15 3 18 24 17
8 0 6 0 23 2 0 16 10 19 17 15 0 0 3 25 5 4 0 0 21 0 1 9 7
5 25 22 4 12 24 15 18 0 17 7 21 0 0 14 2 0 0 16 10 20 23 6 13 0
0 2 16 0 10 9 21 1 14 7 8 20 13 0 0 24 0 15 0 3 0 0 22 0 5
3 4 17 18 0 15 0 8 0 23 12 22 21 5 25 11 14 1 7 0 0 0 0 20 10
0 21 0 0 25 0 0 0 24 0 14 0 0 7 9 0 0 16 19 2 6 13 8 15 23
14 11 0 0 9 21 22 5 0 12 0 0 20 19 2 15 23 0 8 0 18 24 17 4 0
0 15 8 6 13 20 16 0 0 0 3 18 0 0 0 21 0 0 5 25 1 9 7 11 14
0 0 0 0 2 11 1 7 9 14 23 6 15 0 13 4 3 18 17 24 22 25 0 0 12
0 0 11 0 0 14 0 0 0 0 0 2 0 20 0 3 18 13 15 17 0 0 4 12 0
0 0 0 25 7 0 0 4 5 22 16 0 0 0 19 23 6 0 20 8 13 0 15 3 18
0 12 4 24 0 0 0 0 0 0 1 0 14 0 0 0 0 0 11 19 2 8 20 23 0
6 23 20 2 0 10 9 0 0 16 18 0 3 0 17 0 22 0 4 5 0 7 0 14 0
18 3 15 0 17 23 2 20 8 0 22 0 12 4 0 0 1 25 21 0 0 0 11 0 16
