4
9 16 7 12 0 0 0 10 8 0 4 0 5 0 2 0
3 13 10 15 12 0 9 0 2 5 11 14 0 1 0 4
0 5 0 0 8 0 1 0 0 0 7 0 13 3 0 0
0 0 0 0 0 0 0 0 15 13 10 0 16 9 0 7
0 3 0 0 0 0 0 0 5 14 0 11 1 0 0 0
7 0 0 0 13 0 10 0 6 0 12 4 14 11 0 15
4 1 0 0 0 14 11 15 13 3 8 0 0 0 0 2
11 14 15 5 0 1 0 12 16 9 2 7 3 10 0 8
5 0 0 7 10 8 0 0 4 12 9 16 0 13 0 3
13 15 3 0 4 12 0 0 7 0 14 5 8 6 0 0
6 8 0 0 0 2 5 14 0 15 3 13 12 16 4 0
0 0 0 4 11 15 13 3 0 8 1 6 0 5 7 14
0 7 0 9 3 0 8 0 0 4 0 0 11 15 0 13
15 11 13 14 0 0 12 16 0 7 0 2 0 8 3 6
12 4 16 1 14 11 15 0 3 10 6 8 7 2 9 5
8 0 0 3 0 7 0 0 14 11 0 0 4 0 1 0
