5
18 17 6 25 0 3 9 7 23 12 24 1 0 11 10 0 8 16 14 13 5 0 0 15 4
4 0 5 22 0 11 24 0 1 0 20 0 0 0 16 17 6 18 0 0 23 0 0 9 12
0 20 8 14 0 22 15 0 5 4 0 23 7 3 12 24 1 10 11 19 0 21 25 17 0
0 24 1 11 19 25 17 21 6 18 15 5 0 0 4 9 23 12 0 7 8 13 0 0 0
12 0 23 3 7 14 20 13 8 16 17 0 21 0 0 15 5 0 0 2 0 19 0 0 10
13 3 20 0 23 4 14 8 0 2 25 9 6 0 7 0 24 19 10 0 0 1 0 11 21
0 11 17 18 0 12 0 6 0 7 0 24 0 0 19 3 0 13 16 23 15 0 0 14 0
7 25 9 0 6 16 3 23 20 0 11 17 0 18 21 14 0 2 4 0 24 5 0 22 0
2 0 15 4 0 10 0 5 24 19 0 0 23 0 0 0 17 21 18 1 9 6 12 25 0
19 0 0 0 5 0 11 1 0 21 14 15 8 4 0 25 9 7 12 0 20 23 16 0 0
23 0 3 13 0 0 16 20 14 8 0 25 17 7 0 4 0 5 0 15 0 24 21 10 1
5 4 22 0 0 0 10 24 11 1 16 14 20 2 8 18 25 0 0 17 0 9 13 12 23
0 18 0 7 0 13 0 0 3 23 10 0 0 21 0 16 0 8 0 20 0 15 0 4 0
1 10 11 21 24 7 18 0 25 6 4 22 0 19 5 12 3 0 13 9 14 20 2 16 8
0 16 0 2 20 19 4 15 22 5 12 0 9 13 0 10 0 1 21 0 0 17 0 0 0
17 21 18 0 0 23 7 25 12 0 19 10 22 1 0 0 16 0 0 3 4 14 5 2 0
20 0 16 8 3 5 0 0 4 15 0 12 0 23 0 19 10 0 0 22 18 11 6 21 17
9 0 12 0 25 0 0 3 16 20 21 18 0 6 17 2 4 0 0 14 10 22 0 0 0
24 19 0 0 22 6 0 11 18 17 2 0 14 5 15 0 0 9 23 0 16 3 8 0 20
0 0 0 5 0 0 19 22 0 24 13 16 3 8 0 21 18 17 6 11 12 0 0 0 9
22 0 19 24 4 17 1 10 21 11 8 2 16 15 0 0 7 25 0 0 0 12 0 23 3
3 0 13 20 12 15 8 16 2 0 6 7 18 0 25 5 19 0 24 0 21 10 17 0 11
11 1 21 0 10 0 6 0 7 0 0 19 4 24 22 23 13 3 20 0 2 16 15 8 14
25 6 7 0 18 20 0 12 13 3 1 21 10 17 11 8 2 14 15 0 0 4 0 5 22
0 8 0 0 16 0 0 4 19 0 23 0 0 0 3 1 0 11 17 0 7 18 9 6 25
