4
0 10 0 0 14 7 0 0 5 0 12 13 0 0 0 0
0 0 14 3 0 13 2 12 0 15 11 8 0 1 0 4
0 0 0 0 9 0 15 0 4 16 1 0 7 6 3 14
11 8 9 0 4 10 0 0 14 0 6 0 0 0 2 5
0 9 10 11 7 4 1 3 0 0 2 14 5 15 12 0
0 14 13 6 0 0 12 15 10 11 0 9 4 3 1 7
0 0 0 0 13 0 6 0 8 12 15 0 9 0 0 0
0 5 8 0 10 0 11 0 7 0 3 4 0 0 0 0
10 15 11 0 1 16 4 0 0 0 13 3 0 0 0 12
0 2 12 0 11 15 9 10 1 0 0 0 0 0 14 0
7 16 0 0 0 3 0 0 12 5 0 2 0 0 0 0
0 0 6 14 0 0 5 8 0 0 10 0 0 0 0 0
0 0 0 0 3 0 0 14 0 13 5 6 0 0 0 15
0 12 15 8 16 0 0 4 0 7 14 1 6 5 13 0
14 0 3 7 2 6 13 5 15 8 0 12 0 4 0 16
0 6 0 13 0 12 0 9 16 0 4 11 0 14 0 0
