5
0 1 20 0 12 18 14 10 2 24 17 0 9 22 3 8 0 16 19 23 0 6 25 0 0
24 0 0 0 2 9 5 0 0 0 13 0 6 0 25 0 11 1 20 0 15 19 16 8 23
0 3 9 5 17 6 0 25 13 0 8 15 19 0 0 0 0 10 18 24 11 20 1 0 0
0 25 6 21 0 19 0 0 8 23 0 11 0 0 1 17 0 3 0 22 0 18 10 2 0
23 16 19 0 0 0 0 1 12 4 2 14 0 24 10 0 0 25 0 0 5 0 3 17 22
0 9 0 22 16 21 0 0 1 13 10 0 15 0 19 0 24 0 0 0 0 11 20 0 12
0 20 0 4 0 0 24 0 25 0 0 22 0 0 0 10 0 19 0 8 7 21 6 0 0
2 0 14 0 0 5 22 0 16 17 0 7 21 13 6 0 4 20 0 12 0 15 0 10 8
8 19 15 0 0 11 0 0 3 12 0 0 14 2 18 1 0 6 21 13 22 5 9 16 0
0 6 21 7 1 15 0 19 10 8 0 4 11 12 20 16 0 9 5 17 0 14 18 0 2
0 11 4 0 9 0 0 0 0 25 0 17 22 0 0 18 0 15 23 0 13 7 21 20 1
25 14 0 2 6 22 17 5 19 16 20 13 7 1 21 0 12 0 4 3 0 23 15 0 10
0 21 7 13 20 23 8 15 18 0 9 12 4 0 0 19 17 5 0 0 2 0 14 0 0
0 5 22 17 0 7 0 0 20 1 18 0 23 10 15 0 2 14 0 25 0 4 11 0 3
0 0 23 8 18 0 12 11 0 3 0 0 24 25 0 20 13 0 7 1 17 22 5 19 16
9 0 12 3 5 2 0 24 21 0 15 16 17 0 22 14 0 23 8 0 1 0 0 0 0
6 24 2 25 21 0 0 22 15 0 0 1 0 20 7 5 3 4 0 9 10 0 23 14 0
0 22 17 0 15 13 1 7 0 20 0 10 8 18 23 21 0 0 0 6 3 0 4 0 9
18 0 8 10 14 12 0 4 0 9 21 0 2 6 24 11 1 7 13 20 16 17 22 15 19
20 7 13 0 11 8 10 23 14 0 5 3 0 9 4 0 0 22 0 19 0 2 0 21 6
21 0 25 0 7 16 19 0 0 0 4 20 0 0 0 22 9 0 3 0 0 0 8 24 14
11 13 0 20 4 10 0 8 24 0 22 0 3 5 0 23 19 0 0 0 0 25 2 7 0
15 0 16 19 23 1 0 13 0 11 0 18 10 0 0 7 6 2 25 0 9 0 0 22 0
5 12 0 0 22 0 0 2 0 21 0 19 16 0 17 24 0 8 10 14 20 1 13 4 0
0 8 0 18 24 3 9 12 0 5 7 0 25 21 0 4 20 13 1 0 0 16 17 23 15
