5
6 18 0 17 0 22 19 0 0 1 3 9 21 12 0 23 5 7 8 0 0 24 4 0 0
0 5 0 0 0 15 0 0 9 12 0 0 0 4 24 22 10 19 2 1 14 17 6 0 0
4 0 0 0 0 0 7 5 0 0 10 0 0 0 0 17 18 20 14 0 0 15 12 0 21
0 10 2 0 19 0 16 11 25 4 18 14 20 0 17 15 3 0 9 12 0 23 0 5 7
12 3 0 15 21 17 20 18 0 6 5 8 0 0 23 0 11 0 25 0 0 22 0 10 0
17 7 0 18 0 0 2 21 0 0 0 12 9 15 3 0 19 8 13 23 0 11 24 0 0
24 20 4 11 0 0 0 19 13 23 0 0 2 22 10 0 7 0 6 0 12 3 15 0 9
22 0 0 0 0 11 25 0 4 24 7 6 0 17 18 3 16 0 12 0 0 5 23 0 8
23 19 0 5 8 3 9 16 0 0 20 4 0 0 0 10 21 0 1 0 0 0 17 7 0
0 16 12 3 0 0 0 0 0 17 19 13 8 23 0 0 20 0 4 24 0 10 22 21 0
10 9 22 21 0 20 0 0 0 11 8 0 6 0 7 16 0 12 15 3 0 19 0 0 13
3 25 15 16 12 0 6 8 17 0 2 23 13 0 19 20 14 4 24 0 22 21 0 9 1
18 8 17 0 6 21 1 9 22 10 25 0 12 3 16 0 0 13 0 5 0 20 0 14 4
5 0 23 19 13 16 12 25 15 3 0 0 0 11 0 21 0 0 0 10 0 7 18 8 6
11 14 24 20 4 19 13 2 23 5 9 22 0 10 0 0 0 0 17 0 15 0 3 25 12
0 15 21 12 10 0 11 17 20 0 0 7 18 8 13 4 24 3 16 25 0 0 2 0 0
2 22 19 1 0 0 3 24 0 25 0 20 0 0 6 12 15 0 0 9 7 0 0 0 0
0 23 7 13 18 12 10 0 21 9 0 16 3 0 4 0 22 5 19 2 0 6 14 17 11
25 24 16 4 3 13 18 23 7 8 22 19 5 0 1 0 17 11 0 14 21 12 9 0 10
0 17 20 0 11 1 5 22 19 0 15 0 0 0 12 0 23 0 7 8 16 4 25 24 3
20 6 0 0 24 2 0 1 0 0 0 10 22 21 9 0 13 17 18 7 0 0 0 4 15
21 12 10 0 0 0 24 0 11 20 13 18 0 0 8 0 0 0 0 0 5 2 0 1 23
7 13 0 8 0 0 22 0 10 21 0 3 0 0 25 2 0 23 5 19 11 14 0 6 24
0 0 5 2 0 25 0 0 3 16 6 0 24 0 14 9 0 22 0 0 18 0 7 0 17
0 0 0 25 0 8 0 13 0 7 1 0 23 19 0 14 0 24 11 0 10 9 21 12 22
