5
0 0 8 14 0 0 25 3 0 0 21 0 12 23 10 6 0 18 0 0 0 0 19 0 17
13 24 7 0 6 8 1 0 0 5 4 3 0 0 25 0 0 0 0 19 12 0 21 0 11
4 0 0 16 25 23 0 11 12 21 19 17 22 15 9 0 8 14 2 0 18 0 13 0 24
0 17 0 22 9 7 6 0 0 0 5 2 14 8 1 10 23 12 11 21 0 20 4 25 3
21 0 23 0 0 15 9 17 0 0 13 24 18 7 0 25 20 16 3 0 14 0 0 1 0
0 16 3 4 7 11 0 12 21 0 9 22 0 17 0 0 0 5 0 1 0 24 0 23 18
0 0 11 0 0 0 20 0 0 9 6 18 13 0 0 7 3 4 0 0 5 2 1 0 14
0 18 0 13 23 2 0 14 0 0 0 16 4 3 7 20 17 19 0 9 21 11 0 8 12
1 0 2 5 0 0 7 0 4 0 10 12 21 0 0 23 0 13 18 0 19 17 0 20 0
9 22 17 19 0 0 0 0 0 0 0 14 5 2 0 8 11 21 12 10 4 3 25 0 16
18 0 0 24 0 10 0 8 2 0 16 20 3 0 4 0 1 17 15 22 11 6 0 0 0
12 0 6 11 0 0 19 0 17 22 0 7 24 0 13 0 9 0 20 16 2 10 14 0 0
22 0 1 17 19 0 13 7 0 18 14 8 2 10 0 21 0 0 23 12 3 0 16 4 0
16 20 9 0 0 0 21 23 0 12 22 15 17 1 19 5 10 0 8 14 24 25 18 0 0
14 8 0 2 5 9 4 20 0 16 12 23 11 6 0 0 25 24 7 18 17 1 22 0 15
15 5 14 1 17 16 0 0 25 0 8 21 10 0 0 0 18 6 13 23 9 0 0 0 19
0 0 16 25 24 12 2 21 0 0 0 19 9 0 3 17 14 0 0 15 6 18 0 11 13
20 19 22 9 3 18 11 0 6 23 0 5 0 14 0 2 0 10 0 8 0 16 7 0 4
23 13 18 6 0 0 17 5 0 15 0 4 25 16 0 3 0 0 0 20 10 0 0 0 21
8 21 12 10 2 22 0 0 9 20 23 0 0 18 0 24 0 0 0 7 1 14 15 0 5
17 1 5 15 0 0 18 25 7 0 2 0 8 21 0 12 13 23 0 11 20 19 3 0 9
24 0 0 0 0 21 14 0 8 2 3 9 0 19 0 22 5 0 1 17 23 13 0 12 0
2 10 21 8 14 0 16 9 0 0 0 6 0 0 0 18 0 7 0 24 15 5 0 22 0
11 0 0 23 12 5 22 0 15 17 24 0 7 4 0 16 19 20 0 3 8 0 2 14 10
3 0 0 20 16 0 12 0 23 11 17 0 15 5 22 14 21 8 0 2 7 4 24 18 0
