5
16 7 1 23 0 8 2 0 0 6 0 5 0 19 0 0 0 0 11 10 25 12 0 3 15
4 21 18 19 5 0 0 0 17 7 20 14 10 0 0 15 25 22 0 3 0 0 2 0 8
0 12 3 0 25 0 24 10 14 0 0 13 0 2 0 0 17 23 7 0 5 21 0 18 4
0 6 0 0 13 15 0 3 25 0 16 17 1 23 7 0 5 19 21 18 14 11 24 10 0
0 11 10 0 14 0 19 0 0 21 0 25 3 0 0 8 13 2 6 9 0 7 23 1 0
25 0 0 0 12 14 10 0 11 0 13 0 8 0 24 17 7 1 22 16 21 0 18 4 5
0 22 16 1 7 0 9 8 0 24 0 0 4 0 0 0 11 10 23 20 12 0 0 15 25
13 0 8 0 6 25 3 15 0 19 17 7 0 0 0 5 0 18 2 0 11 0 10 20 14
5 2 4 18 21 17 1 16 7 0 14 0 20 0 23 25 0 0 19 15 6 0 9 8 13
0 0 20 10 0 5 18 0 21 2 25 12 15 3 19 0 0 9 0 0 7 22 1 0 17
0 0 0 0 19 0 20 0 23 1 0 24 13 8 10 0 22 0 0 17 2 9 4 5 0
11 1 14 20 23 21 4 5 2 0 12 0 25 15 0 0 24 8 10 13 22 0 0 0 0
6 10 0 8 24 12 15 25 19 18 0 22 0 0 0 0 2 0 9 5 23 1 20 14 0
21 9 5 4 0 0 16 17 22 3 0 23 0 0 1 12 19 15 18 0 24 10 8 0 6
7 0 17 0 22 0 0 0 24 10 21 2 0 4 9 11 23 20 1 0 0 18 15 0 12
3 0 22 7 15 0 6 24 20 0 9 0 2 21 13 1 16 11 17 0 4 5 12 19 0
9 13 2 0 0 3 0 0 0 25 1 16 23 0 17 0 0 0 5 19 20 14 0 0 10
1 17 0 11 0 9 0 2 8 13 0 4 19 12 0 10 20 6 0 0 15 25 0 0 3
10 14 0 6 20 0 12 19 4 5 0 0 22 0 25 0 8 21 13 0 0 17 11 0 1
18 5 19 0 0 1 0 23 0 0 10 20 24 0 0 3 15 7 25 22 0 13 21 2 9
22 15 7 17 3 0 0 6 10 20 2 9 0 5 8 23 1 0 0 11 18 4 25 12 19
24 0 0 0 10 19 25 12 0 4 22 3 7 17 15 0 0 5 8 21 1 16 14 0 0
2 8 21 5 0 22 17 0 3 15 23 1 11 14 16 19 18 25 4 12 10 0 13 6 24
19 0 0 25 18 0 14 0 1 16 0 10 0 13 0 22 3 17 15 7 9 8 5 0 0
23 16 11 0 1 2 5 21 9 8 0 0 12 0 0 24 10 13 20 6 0 0 17 7 22
