4
7 10 5 0 8 0 6 0 14 12 2 0 9 0 4 13
0 16 12 0 9 13 0 4 8 0 11 3 0 0 7 10
0 0 1 0 14 0 12 2 0 5 0 10 0 0 11 3
11 3 6 0 0 0 5 0 9 1 0 13 14 0 2 0
0 11 13 1 0 7 16 0 5 10 0 0 6 3 8 2
0 0 16 0 0 11 13 9 6 3 0 0 5 10 15 4
15 0 10 5 6 2 0 8 12 16 14 7 0 0 0 11
0 2 3 0 5 0 10 15 0 0 0 0 0 16 14 0
1 0 11 0 16 0 0 12 10 0 5 9 0 2 0 14
5 0 4 10 0 0 2 0 0 0 0 15 0 0 0 8
0 0 2 3 10 0 0 0 13 11 1 8 16 0 12 15
12 0 0 16 13 8 0 0 0 0 0 14 10 4 0 0
0 0 8 11 0 5 0 16 0 0 10 1 0 0 3 0
16 5 0 0 11 6 8 13 0 14 3 12 4 9 0 0
0 0 0 2 0 1 9 0 11 0 13 0 7 0 0 5
10 1 9 0 2 0 0 3 7 15 16 5 11 8 13 0
