5
6 0 0 19 20 11 23 14 0 2 5 7 0 15 10 16 0 12 3 13 0 9 1 0 24
24 0 9 0 0 18 0 0 19 6 0 14 2 11 8 5 15 10 21 7 12 25 0 0 3
21 0 0 10 5 0 0 0 12 3 1 22 24 0 17 0 18 0 6 4 0 11 23 14 2
3 13 25 0 16 9 1 22 17 24 20 0 6 18 19 23 0 0 2 0 0 15 5 7 0
2 14 11 0 0 0 0 7 0 0 0 0 0 25 12 0 9 17 24 22 0 0 20 0 6
0 16 2 25 0 21 17 1 9 0 0 20 0 0 18 8 24 0 0 23 15 6 0 5 7
7 5 0 15 10 0 12 0 25 0 17 0 0 21 0 19 3 18 0 20 11 0 0 23 0
0 1 21 9 17 3 0 20 0 0 8 23 14 24 0 0 0 15 0 5 25 0 12 16 13
4 20 3 18 19 24 8 23 11 14 10 0 0 6 15 0 2 25 13 16 9 0 17 1 22
14 23 24 11 0 0 10 5 0 0 12 16 13 0 0 17 21 9 0 1 18 3 19 0 4
0 17 0 0 9 0 18 0 3 20 11 8 23 22 24 0 4 0 5 10 0 14 0 12 16
0 12 0 2 25 0 9 17 0 1 18 19 20 13 3 11 22 24 23 8 6 0 15 10 0
23 8 22 24 11 4 15 10 0 5 0 12 16 14 2 0 7 0 0 0 3 13 18 19 20
0 10 4 6 15 14 25 12 2 16 9 17 1 0 21 18 0 3 20 0 24 22 0 8 0
20 19 13 3 18 0 0 0 24 23 15 10 5 4 0 25 14 2 0 12 21 7 0 17 1
0 6 0 20 0 0 0 2 23 25 0 21 0 0 5 0 0 16 0 0 1 17 0 24 11
0 0 0 23 14 10 7 21 5 0 13 0 18 12 0 22 17 0 0 24 20 19 0 0 0
18 0 12 0 13 17 0 0 0 11 4 0 0 0 20 14 8 23 0 0 5 10 7 21 0
9 21 10 5 0 12 13 0 16 0 0 0 11 0 0 4 19 20 0 6 23 8 0 2 0
11 24 17 0 22 19 4 0 20 15 0 2 25 8 23 7 0 5 9 21 0 12 13 0 0
0 25 0 0 0 0 21 9 7 17 3 0 0 16 13 24 1 0 8 11 4 20 6 0 10
0 0 1 0 0 0 0 0 4 10 2 25 12 23 14 21 5 7 17 9 0 16 3 0 19
0 0 5 7 21 0 3 0 13 19 0 11 8 1 22 6 0 0 0 0 0 0 2 25 0
19 18 16 0 3 1 24 11 22 0 6 0 0 20 4 2 23 0 0 0 0 5 0 9 17
10 15 0 0 6 0 2 0 14 0 21 9 17 0 7 0 16 13 19 18 0 1 24 0 8
