4
0 6 0 0 11 2 0 12 4 0 16 0 0 0 0 0
0 4 0 0 14 0 0 7 6 15 0 3 0 0 11 0
11 12 2 1 0 8 10 0 7 13 14 5 15 6 9 0
0 7 0 13 9 0 15 6 0 1 0 2 10 4 16 8
15 0 0 7 1 11 6 2 0 0 0 16 4 0 13 14
0 8 16 0 0 14 0 0 3 7 15 0 0 0 1 0
0 2 0 6 10 16 0 8 0 0 0 0 7 3 0 0
13 0 14 0 15 0 0 3 0 0 1 11 12 8 0 0
0 13 0 16 0 0 14 15 1 9 3 0 11 10 2 12
3 1 6 9 0 0 11 10 13 0 0 4 14 15 0 0
2 0 12 11 8 0 16 0 15 14 0 0 9 0 0 0
5 15 7 14 0 6 9 1 0 0 2 12 16 13 0 4
12 0 10 2 4 13 8 0 9 5 7 0 3 11 6 0
7 0 0 5 0 0 3 0 0 2 12 0 8 14 4 13
4 0 13 8 7 0 0 9 11 3 6 1 2 0 0 0
6 0 0 3 12 0 2 0 14 0 4 13 5 0 0 0
