5
14 0 24 0 8 16 12 0 21 0 7 19 0 0 11 23 0 0 25 4 10 3 15 0 5
5 10 0 15 2 13 25 4 0 6 8 20 22 0 0 18 19 0 17 7 9 16 12 1 0
23 6 13 0 0 0 0 8 14 20 0 9 12 21 16 5 10 3 0 0 19 0 17 7 0
18 19 11 17 7 3 15 0 5 0 4 6 0 0 13 21 9 0 12 0 20 24 22 0 14
21 0 16 0 1 11 17 7 0 0 0 10 15 5 0 14 20 0 0 8 6 13 0 4 23
0 7 25 6 0 22 0 14 24 2 0 0 9 0 0 3 1 15 0 0 8 17 19 18 11
16 4 12 0 21 17 0 0 11 8 0 1 0 0 15 24 0 22 20 0 0 25 6 23 0
0 0 17 19 18 15 0 5 3 1 0 7 0 13 25 0 4 12 0 0 2 22 0 14 24
0 1 15 0 0 0 0 23 13 0 0 2 20 0 22 11 8 0 0 18 4 0 0 21 16
24 2 22 20 14 12 9 21 16 4 18 8 19 0 17 13 7 25 6 0 1 0 10 5 3
8 22 14 0 19 21 16 0 1 0 6 0 0 7 18 0 0 0 0 0 15 5 3 20 2
1 0 0 0 10 18 11 0 7 17 0 15 0 2 5 8 22 14 24 19 25 23 13 0 4
4 25 23 13 0 14 24 19 8 22 0 0 0 1 21 2 15 0 3 0 17 0 11 0 7
0 15 5 3 0 23 0 9 0 25 19 22 24 8 14 0 17 0 0 0 12 21 16 10 1
7 0 18 11 6 5 3 20 2 15 9 0 13 4 23 1 12 0 16 10 22 0 24 19 0
19 0 8 14 17 1 0 15 10 16 25 0 0 6 0 9 0 0 23 12 3 2 5 22 20
9 0 4 0 0 8 14 0 19 24 15 16 21 0 1 0 3 2 5 0 11 7 0 25 6
20 3 0 5 22 0 23 12 9 13 17 0 14 19 8 6 0 7 18 0 16 1 0 0 10
6 11 7 0 0 0 5 22 20 3 0 13 0 9 4 10 16 0 21 15 0 8 14 0 19
10 16 1 21 15 7 0 0 6 0 0 0 5 0 2 0 24 8 0 0 13 4 23 12 9
0 21 0 0 3 0 7 0 25 0 24 0 0 0 20 0 0 19 8 11 23 9 0 16 12
25 18 6 0 13 20 2 24 0 0 16 0 4 12 9 15 21 0 1 3 14 0 8 0 0
0 5 20 0 24 0 0 16 12 0 11 0 8 0 19 25 18 6 7 13 21 10 0 0 15
17 14 0 8 11 0 1 0 15 21 0 18 0 0 6 0 23 0 0 16 0 20 0 24 22
12 0 9 0 0 0 0 11 17 14 3 0 1 15 10 22 0 0 0 24 18 6 0 0 0
