5
23 0 1 9 0 19 7 18 11 14 0 22 0 17 21 4 0 15 0 25 0 0 5 12 16
0 14 7 0 19 0 22 21 0 17 0 16 0 0 0 24 0 0 9 1 0 15 8 0 25
0 17 22 3 20 2 0 0 5 6 0 25 0 0 0 19 18 14 11 7 0 10 9 23 0
0 6 16 0 2 4 0 0 8 15 0 1 0 0 0 20 21 17 0 0 19 0 11 18 7
13 15 0 8 4 24 1 23 9 0 11 7 19 14 0 2 12 6 5 0 20 17 3 0 22
25 0 4 0 17 0 24 0 23 9 0 19 15 11 0 14 16 0 12 2 10 3 21 22 0
16 5 2 12 0 0 4 25 0 0 23 0 6 9 0 10 0 3 21 0 15 11 0 7 0
7 0 0 0 0 10 0 22 21 3 12 2 0 0 16 6 1 0 23 0 17 8 0 0 0
22 3 20 21 10 0 2 0 12 5 13 0 17 8 0 15 7 11 18 19 6 0 23 0 24
0 9 24 23 6 15 19 0 0 11 0 20 10 3 22 17 25 8 13 4 14 5 12 0 2
2 12 0 16 11 3 0 4 25 13 1 6 5 23 0 0 0 21 0 10 8 18 7 19 15
0 0 0 1 5 0 15 0 7 0 22 10 0 0 0 3 4 13 0 17 11 0 16 0 14
0 0 0 25 3 5 6 24 0 23 0 15 8 0 19 11 2 12 0 0 0 21 22 0 10
20 21 10 0 9 0 14 0 16 0 25 0 3 13 4 0 19 18 7 15 5 0 0 24 6
19 0 0 7 8 9 10 20 22 0 0 14 0 0 2 0 24 0 0 0 3 0 0 4 17
0 0 0 15 25 1 23 9 0 0 14 18 7 2 11 16 5 24 6 12 22 0 17 0 21
9 0 0 10 1 7 0 11 14 0 0 0 22 0 3 25 8 0 15 13 0 0 0 5 12
0 24 0 6 0 25 13 8 0 19 10 23 1 20 0 0 0 4 17 0 7 2 0 11 18
3 0 21 17 22 16 0 0 0 24 15 13 25 0 8 0 11 0 14 18 1 20 10 9 23
11 2 18 14 0 22 0 3 17 4 6 0 16 24 5 1 9 0 10 0 25 19 0 8 0
0 7 8 19 0 23 9 10 20 22 2 11 0 0 14 12 0 0 24 5 0 25 4 17 0
10 22 9 0 23 0 11 14 2 16 4 0 21 0 17 13 15 7 19 8 12 0 24 6 5
0 25 0 4 0 0 5 0 24 1 19 0 13 7 15 0 14 16 2 0 23 22 20 10 9
6 0 5 24 12 13 0 15 19 7 20 9 23 22 10 0 0 0 0 3 18 16 0 0 11
14 16 11 2 18 21 3 17 4 0 24 5 12 0 6 23 0 0 0 9 0 0 19 0 8
