4
15 13 0 5 0 0 9 0 0 3 7 0 6 1 0 4
3 16 7 0 6 0 0 12 5 0 0 0 0 0 8 10
8 0 0 14 11 7 0 3 6 0 0 1 5 13 0 0
0 1 0 6 5 2 13 15 0 8 10 0 0 16 3 7
0 0 12 0 2 15 14 0 10 0 8 0 0 0 0 3
9 0 8 10 0 0 6 0 4 1 12 0 0 14 0 0
0 6 0 7 4 0 0 1 2 13 15 14 10 11 9 8
13 14 15 2 10 0 11 0 7 16 0 0 0 5 0 12
6 4 16 3 12 1 0 5 15 14 0 0 0 0 11 9
11 0 9 0 0 0 0 0 12 5 1 2 15 10 14 13
0 0 0 12 0 13 10 14 0 0 9 0 0 4 0 0
14 10 13 0 0 0 7 11 0 6 0 4 12 2 5 1
4 0 6 16 1 5 15 0 13 10 0 0 9 3 7 0
2 15 0 0 13 0 8 10 9 0 11 0 0 12 4 6
0 0 14 13 0 0 0 0 16 4 6 0 0 0 2 5
7 3 11 0 16 6 12 4 1 2 5 0 0 8 10 0
