4
11 0 16 8 2 0 0 0 0 7 0 0 0 0 4 1
9 0 0 0 4 0 0 10 0 2 14 3 16 11 0 8
6 2 0 3 0 8 16 11 0 0 12 0 13 9 7 5
10 0 0 1 0 0 13 0 0 0 0 8 14 0 2 0
0 6 0 14 11 16 5 0 0 0 8 12 3 0 9 13
15 10 8 0 0 0 3 2 0 11 0 16 1 4 6 0
2 0 3 0 10 12 8 15 0 6 1 0 5 0 0 16
0 11 0 0 0 14 1 4 2 9 0 13 0 0 10 0
13 5 7 11 0 6 0 12 14 0 2 9 15 0 8 0
0 0 0 6 0 11 7 0 16 8 15 0 2 14 0 9
14 0 0 0 0 10 15 0 12 1 4 6 7 13 5 11
0 8 15 0 0 9 2 14 0 5 7 11 4 12 1 0
0 0 11 15 0 0 6 1 3 0 9 7 10 8 12 0
0 0 0 2 0 15 0 5 8 0 10 4 9 3 13 7
8 0 0 4 0 7 0 3 5 0 11 0 6 1 14 2
0 13 9 7 12 4 0 0 0 14 6 0 0 0 16 15
