5
14 0 0 0 7 16 0 21 19 18 9 15 5 0 3 12 2 10 22 0 24 17 0 25 1
0 5 0 6 3 17 13 25 1 24 19 18 16 23 21 0 11 4 14 7 12 2 0 8 22
0 2 12 10 0 0 0 3 0 15 14 20 11 4 0 24 0 0 0 0 0 16 23 0 0
19 16 18 23 21 2 10 8 22 0 1 24 0 13 25 15 5 0 9 3 0 0 4 0 0
0 17 24 0 25 11 4 7 14 0 0 12 2 10 8 18 16 23 19 21 15 5 6 3 9
6 0 3 15 5 9 24 17 13 0 23 0 0 18 16 0 0 0 4 11 8 0 12 2 10
13 9 25 24 17 1 0 0 0 0 10 0 19 12 0 21 0 0 23 16 0 0 0 0 6
23 14 0 18 16 0 0 2 0 8 13 0 0 0 0 3 22 15 0 5 0 1 20 0 4
4 0 0 0 0 14 0 16 23 21 6 3 0 0 0 8 0 12 10 2 25 9 24 17 0
0 19 0 12 2 22 15 0 6 3 4 7 0 0 11 25 0 24 13 0 0 0 0 16 23
18 4 16 21 14 23 0 19 12 2 24 17 6 0 9 0 0 3 15 22 11 13 7 1 20
24 0 17 25 9 13 7 1 20 0 12 2 0 8 0 16 4 0 18 0 5 10 0 22 15
0 0 5 0 0 6 0 9 0 17 0 0 4 21 14 11 13 0 20 1 0 0 8 0 12
20 13 11 0 1 4 21 0 0 0 0 0 0 3 22 2 23 0 12 19 17 6 25 9 24
12 23 0 8 0 0 3 22 15 5 20 0 13 7 1 0 6 0 0 9 16 4 21 0 18
17 3 6 0 15 0 1 24 0 13 2 23 21 19 18 4 0 14 0 20 10 8 22 0 0
0 25 13 0 0 7 14 20 0 4 0 10 8 0 0 23 0 19 0 0 0 3 0 0 17
5 0 10 0 12 0 0 15 0 0 16 4 7 0 0 13 0 0 0 0 23 21 0 18 0
2 21 0 0 18 0 22 12 5 0 11 13 25 1 24 6 3 9 0 15 4 0 14 20 0
16 7 4 0 20 21 19 18 2 0 17 6 0 9 15 0 0 0 5 12 13 0 0 0 0
25 0 9 0 6 24 11 13 0 1 0 19 18 2 23 0 20 0 0 4 22 0 5 10 0
21 20 0 0 0 18 2 0 0 0 0 9 15 17 0 0 12 0 0 0 1 24 0 13 7
8 0 19 2 23 12 0 10 3 22 7 1 0 11 13 0 15 17 25 6 14 20 16 4 21
7 0 1 11 13 20 0 4 0 14 0 0 12 5 0 19 0 0 8 23 0 15 17 6 25
3 12 22 5 0 15 0 6 25 9 21 14 20 16 0 1 24 0 0 13 0 18 2 0 8
