5
0 1 15 0 18 12 16 6 0 0 7 11 0 23 0 19 0 8 9 0 0 22 20 0 17
19 0 0 9 3 0 0 13 18 2 25 17 20 14 22 0 23 0 0 0 12 6 0 0 0
0 16 12 0 0 0 0 22 0 17 0 9 8 0 19 0 0 1 2 0 0 10 4 7 11
0 4 0 0 7 24 8 0 3 0 0 21 16 0 0 22 0 20 0 0 15 0 1 0 2
0 20 14 17 0 23 0 10 0 0 0 2 1 15 13 0 0 16 21 0 24 0 8 0 0
18 0 10 1 0 19 12 5 21 16 0 4 0 0 0 3 22 24 0 9 13 25 0 17 0
5 0 19 16 0 13 14 0 17 20 0 8 24 0 0 18 0 0 0 2 0 7 0 0 4
7 23 6 0 11 22 24 3 9 8 0 16 12 0 5 25 13 14 20 0 10 18 15 0 0
0 0 22 8 9 10 15 0 2 1 17 20 14 0 25 7 6 0 4 11 0 5 12 0 0
0 14 0 20 17 6 0 0 0 0 0 1 15 0 18 0 0 0 16 0 22 0 24 0 8
0 0 20 25 22 4 11 15 10 7 0 18 2 1 14 0 16 0 5 6 8 12 0 19 3
15 0 4 7 0 8 0 0 0 0 6 0 0 0 23 24 20 0 25 22 1 14 0 13 18
12 9 0 0 0 1 2 14 13 0 22 25 17 0 24 0 4 0 0 10 16 23 21 0 0
14 2 1 18 13 16 21 23 6 5 10 0 11 0 15 12 8 9 3 0 20 0 0 22 25
23 21 16 5 6 20 0 24 22 25 19 3 9 0 12 0 1 0 0 13 4 0 11 0 7
16 3 9 19 12 2 18 0 0 0 24 0 25 17 8 1 11 7 10 0 21 0 5 23 6
1 7 0 10 15 0 3 16 0 19 0 0 5 21 4 8 17 25 0 24 2 20 0 0 0
8 0 17 0 0 11 7 0 15 10 14 13 18 0 20 4 21 5 6 23 9 16 3 0 19
20 18 2 13 0 21 5 4 23 6 15 10 7 11 1 16 9 3 19 12 17 0 25 24 22
4 5 21 6 23 17 25 8 24 0 0 0 0 0 0 20 0 18 13 14 0 0 7 0 10
9 22 0 0 0 7 10 2 1 15 0 0 13 18 17 0 5 6 0 4 0 21 0 16 0
0 19 3 12 16 18 0 0 20 14 0 24 0 25 9 0 7 10 15 0 5 11 0 4 0
0 6 5 23 0 25 22 9 8 24 16 12 19 0 0 0 18 13 14 20 0 2 0 1 15
2 10 7 15 1 3 19 21 16 12 4 0 0 5 11 9 0 22 0 8 0 0 0 0 0
0 13 18 0 20 5 0 11 0 0 1 0 0 7 2 21 3 0 12 16 0 0 22 0 24
