4
0 0 12 11 0 0 0 6 4 9 0 8 13 0 0 5
8 4 0 0 0 0 14 0 10 12 0 0 15 16 0 6
2 0 0 5 0 3 0 11 15 7 6 0 4 8 9 1
16 0 7 6 4 8 9 1 13 14 0 0 0 3 12 11
4 0 8 0 1 13 0 14 0 3 12 10 11 15 16 7
0 0 0 12 0 0 0 7 0 8 0 4 0 0 0 14
15 11 0 0 0 4 8 9 0 0 0 13 0 0 3 0
13 0 0 14 0 0 0 0 11 0 0 0 0 0 0 0
11 12 15 16 7 0 4 0 0 0 2 1 0 0 10 0
0 14 10 0 0 11 15 0 0 0 8 6 0 0 13 0
6 7 0 8 0 1 13 0 0 0 0 0 12 0 0 0
1 9 0 0 14 5 10 0 12 0 0 0 0 6 0 8
12 0 11 15 0 0 6 0 0 0 0 0 0 0 0 0
9 0 1 13 2 14 0 0 3 0 15 12 0 7 0 0
0 2 0 10 3 0 11 0 16 6 4 7 8 0 1 0
7 0 6 4 8 9 1 0 2 5 10 14 3 0 0 15
