4
11 10 0 9 3 0 0 16 14 0 0 7 0 0 5 0
3 4 15 0 13 5 1 12 10 0 0 11 0 0 8 14
0 1 0 12 0 0 0 6 0 15 16 0 0 11 2 0
7 0 0 0 11 2 0 9 0 0 0 13 0 0 0 4
10 0 6 0 4 0 11 0 13 12 8 0 0 1 16 3
0 13 12 0 0 0 0 2 3 16 5 1 15 4 9 11
4 0 9 15 1 0 3 0 7 6 0 10 0 0 12 13
1 3 16 5 14 0 0 0 0 9 15 4 0 10 6 7
2 6 0 0 0 4 9 0 12 14 7 8 13 0 1 0
15 9 4 3 5 1 0 0 6 0 11 2 7 8 14 0
8 0 0 7 2 10 6 0 0 0 13 5 0 15 4 9
0 0 1 0 0 0 0 7 9 0 3 0 0 2 10 6
16 0 3 0 12 0 5 14 2 0 4 0 10 6 0 8
12 5 0 0 6 7 8 10 0 0 1 0 4 9 11 0
0 2 0 4 0 3 15 1 8 7 0 0 0 0 13 5
6 0 0 10 9 11 0 4 5 13 0 0 0 16 3 15
