5
0 12 0 20 0 23 19 22 17 0 8 15 0 21 0 10 16 6 0 7 13 24 0 11 5
0 6 10 0 16 0 11 5 0 0 12 9 0 2 20 19 17 14 22 23 8 0 15 4 18
0 13 11 5 25 0 1 0 9 0 14 17 0 23 22 0 0 8 18 0 6 0 16 10 3
21 8 4 18 0 7 10 0 0 0 13 0 11 24 0 0 9 0 20 0 14 23 17 19 0
0 0 19 0 17 21 4 18 15 0 6 0 10 7 3 11 25 13 0 24 0 2 9 0 20
0 16 3 6 24 11 0 0 0 25 0 23 20 0 0 0 0 0 14 19 0 4 0 18 8
11 25 5 13 2 0 20 0 23 0 17 0 22 0 14 18 7 15 8 4 16 10 0 3 6
0 9 0 0 23 0 22 14 21 17 0 0 18 0 8 3 0 16 0 0 25 0 2 5 0
0 15 0 8 7 0 3 0 24 0 25 2 5 11 13 0 23 9 0 1 0 19 0 22 14
0 17 22 14 21 4 18 8 0 15 0 24 0 10 6 5 0 25 0 11 0 1 0 20 0
0 4 17 21 18 8 15 0 3 0 11 5 0 6 24 0 0 0 0 13 19 0 22 9 23
13 1 0 0 20 0 0 0 0 0 4 0 17 14 0 0 3 10 7 0 11 6 5 0 24
0 0 16 24 0 0 0 2 20 1 19 22 9 0 23 17 18 0 21 14 10 8 3 0 7
8 10 15 0 0 6 0 24 5 11 1 0 0 13 2 9 0 19 23 12 0 14 18 17 0
12 0 9 0 22 0 0 21 18 4 10 0 15 8 7 0 5 11 0 0 0 13 20 25 2
0 5 24 11 13 25 2 0 12 0 0 0 23 9 19 21 8 18 4 0 3 0 6 0 10
25 20 2 0 12 9 0 0 14 22 18 0 21 0 4 7 0 0 10 0 5 0 0 0 11
15 3 0 10 6 16 24 11 13 5 0 12 2 0 1 0 14 0 19 0 0 0 8 21 0
9 0 0 19 0 17 21 0 8 0 3 0 0 15 10 24 0 5 0 0 20 0 12 2 1
17 18 21 0 8 0 0 10 6 0 5 13 24 0 0 0 12 20 1 25 0 9 14 0 19
18 7 8 0 0 0 6 16 11 24 0 1 13 0 25 0 0 23 9 0 21 22 0 0 17
0 24 6 0 11 5 13 0 0 2 23 0 0 20 9 14 4 21 0 22 7 18 10 8 15
5 0 13 0 0 0 0 9 19 0 21 4 14 22 17 8 0 7 0 18 24 3 0 6 16
0 0 14 0 0 0 8 15 0 0 0 11 0 3 0 13 1 2 25 5 23 0 19 12 9
20 23 12 0 19 0 14 17 4 21 7 0 8 0 0 6 0 0 16 3 0 0 1 0 25
