5
0 14 8 2 0 0 11 19 17 0 0 16 5 23 7 13 0 25 21 22 20 1 18 10 0
19 0 0 0 17 0 13 22 6 0 10 0 18 20 1 9 16 0 7 0 15 0 2 0 12
0 0 7 0 0 1 0 20 0 18 0 17 0 19 0 0 12 2 0 15 22 0 25 13 6
22 13 0 25 6 7 0 0 0 5 14 0 0 0 8 10 0 0 1 20 19 24 0 11 0
20 0 1 0 3 8 0 15 12 0 13 0 25 0 21 11 17 0 24 19 0 7 5 9 16
18 0 3 10 20 0 7 0 0 0 0 22 13 0 6 0 19 11 17 0 5 0 0 24 23
0 0 6 0 0 16 24 5 0 9 7 15 14 0 0 0 20 10 3 18 4 0 11 0 19
4 0 17 11 0 6 0 25 22 0 0 0 10 0 3 24 0 9 0 5 2 12 14 7 15
2 7 0 14 15 17 0 4 19 11 24 0 9 0 0 0 0 13 6 25 0 3 0 0 20
5 0 0 9 0 3 21 18 20 10 0 0 11 0 17 0 0 14 0 2 0 6 13 8 0
0 17 23 24 0 20 6 0 18 0 0 0 0 11 19 16 2 7 15 0 13 22 8 12 25
10 6 20 0 18 15 16 14 0 0 12 0 8 0 22 3 0 0 19 11 0 0 24 0 0
0 0 19 0 4 22 0 13 0 8 0 18 21 0 20 0 5 24 0 0 0 15 0 0 2
14 16 15 0 0 0 3 0 4 1 0 0 24 9 23 12 25 0 0 13 10 20 21 0 18
0 12 0 0 25 0 17 9 0 24 16 0 7 14 15 0 0 21 20 10 11 19 1 0 4
3 18 0 20 1 13 0 12 0 15 25 0 0 6 0 4 0 0 9 17 16 14 23 5 0
0 0 9 0 24 0 25 6 21 22 0 1 20 3 0 5 0 23 14 16 0 13 15 2 0
12 2 13 0 8 9 0 0 24 19 5 0 23 16 14 25 21 0 0 6 0 11 20 0 0
6 25 10 22 0 0 5 16 0 23 2 0 15 0 0 18 0 20 0 3 17 9 19 0 24
0 0 14 23 7 11 0 3 1 20 0 0 19 17 0 2 0 0 13 0 6 10 0 25 21
0 0 5 17 0 18 22 21 10 6 20 11 3 0 4 0 0 16 2 7 0 25 12 0 13
0 22 0 6 10 2 0 7 0 16 0 0 12 0 25 0 11 0 4 1 0 0 0 0 9
1 0 4 0 0 25 15 8 13 12 22 10 6 21 0 19 9 0 5 0 7 2 16 23 14
0 0 0 12 13 5 0 24 9 0 0 0 16 7 0 0 10 6 18 0 0 0 0 20 0
7 23 0 16 0 4 20 0 11 3 19 9 17 24 5 0 0 12 25 8 0 18 6 22 0
