5
23 0 19 0 0 25 14 0 5 11 0 21 0 10 4 3 6 20 0 0 17 15 8 24 0
0 22 0 0 10 0 19 23 9 0 0 7 3 20 1 15 0 18 17 0 2 11 0 14 25
2 11 0 5 0 0 24 17 0 15 19 0 0 13 23 0 16 10 4 21 0 0 7 6 20
17 15 24 8 0 0 6 1 0 3 14 5 11 25 2 12 19 13 23 0 4 22 21 0 0
0 0 0 7 20 10 16 4 0 22 24 8 15 0 0 0 14 25 2 5 23 0 0 19 0
24 20 0 0 8 7 22 0 0 10 15 17 18 0 0 25 11 0 0 0 16 0 0 12 0
14 0 15 0 5 0 3 24 1 0 0 2 25 9 19 13 12 0 16 23 6 10 0 22 7
0 0 0 0 9 0 0 14 0 18 0 23 13 21 0 0 22 0 6 0 0 0 1 3 8
0 10 22 0 7 21 12 16 0 13 0 0 0 8 0 0 0 5 14 0 19 25 0 0 0
0 13 0 23 21 9 11 19 2 25 22 4 10 7 6 20 0 0 0 1 14 0 17 0 5
20 1 7 3 0 6 0 10 0 4 8 0 17 14 0 2 5 19 25 11 0 0 0 0 16
10 4 21 22 6 16 9 0 0 23 7 3 1 0 20 17 0 14 18 0 25 0 11 5 0
25 2 0 0 0 0 0 0 0 17 9 12 23 0 13 0 21 6 10 22 20 1 3 7 24
13 0 0 12 0 0 5 0 0 2 0 22 4 6 10 0 0 24 20 3 0 17 0 8 0
18 17 8 0 0 0 7 0 0 1 5 0 2 19 25 23 9 16 0 12 0 4 22 0 6
21 16 0 13 0 12 2 9 0 0 4 0 6 3 0 24 0 0 0 0 5 0 0 17 0
0 14 0 18 11 15 1 0 20 24 0 25 19 12 9 16 0 0 21 13 7 6 10 0 3
9 0 2 25 12 11 0 0 0 14 0 0 16 22 21 6 0 3 7 10 8 24 20 1 15
8 24 1 20 15 3 4 0 10 6 17 18 14 0 5 19 0 12 9 0 0 16 13 0 22
7 6 4 10 3 22 0 0 0 16 1 0 24 15 0 14 17 0 5 0 0 19 25 2 0
15 0 0 24 17 1 10 0 0 0 18 14 0 2 0 0 0 0 0 0 22 21 16 13 4
0 0 18 14 0 17 20 15 24 8 25 19 9 23 0 0 13 4 0 16 3 7 6 10 1
12 9 25 19 23 0 18 11 14 0 0 16 21 4 0 0 10 1 3 6 15 0 24 0 17
3 7 10 6 0 4 13 22 0 21 20 24 8 17 15 0 0 2 11 0 0 9 19 0 0
0 21 0 16 4 0 25 12 19 9 10 6 7 0 3 8 20 17 0 24 11 0 0 18 0
