5
0 24 4 11 19 22 0 8 3 16 18 0 1 25 13 14 5 15 17 20 6 21 0 7 12
13 18 10 25 1 24 4 2 0 0 0 0 17 0 14 21 9 12 7 0 16 8 23 3 22
21 0 9 6 7 15 5 14 0 0 22 23 0 16 0 2 4 0 19 0 25 0 0 1 18
8 0 0 0 3 12 9 21 0 6 0 4 0 11 2 0 10 18 1 25 0 14 5 17 0
14 15 0 20 17 0 10 0 1 25 12 9 0 0 21 8 0 0 3 0 0 2 4 19 0
5 20 0 3 8 0 0 0 0 7 6 0 0 0 0 23 18 16 0 0 0 0 15 14 0
23 0 18 1 0 0 24 9 0 19 11 15 14 0 4 0 12 0 21 7 3 0 0 0 20
9 6 24 19 0 20 22 0 0 3 16 18 13 0 23 4 15 0 14 0 7 10 0 21 25
0 0 0 7 21 0 15 4 14 0 20 22 8 3 5 0 0 6 0 0 0 0 18 13 0
4 0 15 17 0 16 18 0 13 1 0 12 0 7 10 0 22 20 8 3 19 9 24 0 6
0 5 0 22 20 10 21 0 25 0 0 0 6 0 7 0 13 0 16 0 0 0 0 0 4
7 0 2 24 0 5 8 17 0 0 0 13 16 18 3 19 14 4 0 15 0 0 21 25 10
1 10 21 12 25 0 0 19 0 15 5 0 0 0 17 7 2 9 6 0 0 3 13 16 23
0 0 0 18 0 0 2 7 0 24 4 14 11 15 19 0 21 0 0 12 0 0 8 20 0
19 4 14 15 11 23 13 3 0 18 10 21 25 0 1 17 8 0 20 0 24 0 0 6 9
0 0 16 13 0 7 6 12 9 0 19 11 4 0 24 0 25 0 10 21 8 15 20 5 0
15 0 20 8 5 1 0 18 10 0 7 0 9 0 12 22 16 0 23 0 14 24 0 0 0
0 0 11 14 0 0 16 22 0 0 1 25 10 21 0 0 20 0 5 0 0 12 6 9 7
12 0 6 0 9 17 20 15 5 8 0 0 23 13 22 24 11 0 4 14 21 0 0 10 1
18 1 0 21 10 19 11 24 0 14 17 0 0 0 0 12 0 0 9 2 0 22 0 0 0
16 13 0 0 0 2 19 0 24 4 14 17 15 5 0 0 7 0 0 9 23 20 0 0 0
11 14 0 5 15 0 1 16 18 10 21 7 0 0 25 20 0 8 22 0 0 6 19 24 0
6 0 19 4 24 0 3 20 0 23 0 0 0 0 16 11 17 14 15 0 0 0 7 0 21
0 8 3 0 22 21 7 25 12 9 2 19 24 0 6 16 1 13 18 0 5 11 17 15 14
25 21 7 9 12 14 0 0 15 5 8 3 0 23 20 6 0 0 24 4 10 16 0 18 0
