4
0 0 4 0 0 3 9 0 0 14 11 12 13 8 7 0
7 8 13 1 16 5 0 0 3 10 2 9 11 0 12 14
9 3 2 10 0 0 0 0 0 1 0 0 4 0 0 16
12 0 11 14 1 8 7 13 5 0 0 0 2 0 0 10
0 10 15 0 2 0 3 0 1 11 12 0 7 0 0 0
0 0 12 11 13 16 8 0 10 4 0 5 0 14 3 2
0 14 9 0 11 1 0 12 0 0 7 0 0 10 0 4
8 0 7 0 4 0 5 15 14 2 0 0 12 0 0 11
1 13 6 12 7 0 0 0 2 0 0 10 0 11 0 0
0 0 8 0 15 2 0 5 11 0 3 0 6 0 0 0
0 2 5 0 9 11 14 0 0 12 6 1 8 0 0 0
14 0 3 0 0 13 1 0 0 7 0 16 5 2 0 0
2 9 0 5 3 12 11 14 7 0 1 13 0 0 0 8
13 7 1 0 0 15 0 16 9 5 10 2 14 0 11 0
0 12 0 0 6 7 13 0 0 8 0 0 10 9 0 5
0 15 16 0 5 0 2 0 0 0 0 11 1 7 13 6
