5
0 0 21 0 17 3 22 11 5 0 0 8 0 0 7 0 10 15 14 2 0 24 0 0 19
18 24 0 0 0 13 20 0 6 0 10 0 0 0 14 3 5 11 0 1 23 7 12 0 8
0 14 0 10 2 0 0 8 23 12 6 21 0 13 0 0 25 0 0 4 5 22 1 3 11
0 7 8 0 12 18 24 0 0 0 0 0 0 3 22 0 6 21 0 17 0 14 0 16 0
3 22 11 0 1 0 14 0 10 2 0 19 4 18 0 9 0 0 0 12 6 20 0 13 21
4 18 24 0 0 0 13 0 8 6 0 14 10 2 16 1 19 22 0 5 11 0 0 12 0
17 0 20 8 0 0 0 22 19 5 11 7 23 0 9 2 21 0 0 0 15 18 0 4 0
0 16 0 0 10 12 9 7 11 0 0 0 0 17 0 0 15 24 0 0 19 3 0 1 22
1 0 22 19 5 2 0 0 21 0 15 24 0 4 18 0 11 7 9 23 0 0 6 0 0
0 0 0 11 0 4 0 24 15 25 19 22 5 0 3 0 0 20 13 6 21 16 10 0 14
0 0 17 0 7 19 5 0 18 24 3 0 22 11 23 0 13 2 10 20 16 0 0 0 0
0 25 4 16 14 8 6 17 9 7 0 0 20 0 0 19 0 1 0 24 3 23 22 11 0
19 0 1 18 0 21 10 2 13 0 16 4 0 15 0 0 3 12 23 22 0 6 7 8 0
0 0 2 13 20 11 23 12 3 0 9 17 7 8 6 0 0 4 0 14 18 5 24 0 1
0 23 12 0 22 0 25 4 16 0 18 1 0 0 0 0 0 17 0 0 0 10 0 0 0
23 0 0 22 0 25 0 18 14 0 24 3 19 5 1 6 0 13 17 0 0 2 21 0 0
5 1 0 0 0 0 2 16 0 21 14 18 0 25 0 23 22 9 0 11 7 0 8 6 0
0 2 16 0 21 0 12 9 22 0 7 0 8 6 0 0 14 0 4 15 24 1 19 5 0
0 4 18 14 0 6 17 13 0 0 0 0 0 10 2 5 24 3 1 19 22 12 11 23 9
0 17 13 0 8 0 0 0 0 19 0 9 0 23 12 0 20 0 2 21 14 0 15 25 18
22 11 23 1 3 14 15 25 2 16 4 0 18 24 19 0 12 6 0 9 17 0 0 20 0
7 0 6 12 0 24 19 5 0 0 1 0 0 0 11 20 17 10 21 13 2 15 16 0 25
0 21 0 0 0 22 11 0 0 3 0 6 0 0 8 14 0 0 15 16 4 19 18 24 5
24 19 0 0 0 20 21 10 17 0 0 0 16 0 15 22 0 23 11 3 12 0 0 0 6
14 15 25 2 0 7 0 6 12 9 17 0 0 20 21 24 4 0 0 18 0 0 0 0 23
