4
0 2 0 0 0 1 12 8 14 5 10 15 0 11 9 16
0 10 5 15 0 0 11 6 3 0 2 0 0 0 13 1
0 16 0 9 7 2 4 3 8 0 1 13 14 5 15 10
8 0 12 0 15 10 0 14 0 11 16 0 3 4 7 2
0 14 0 16 0 6 0 0 4 7 0 1 0 0 10 8
0 0 7 1 0 0 13 0 5 15 14 0 0 0 2 6
12 0 13 10 16 14 15 5 0 0 6 2 0 0 0 0
11 6 9 0 0 0 7 4 0 13 8 10 0 0 16 0
7 4 0 0 14 0 10 13 15 0 0 0 9 0 0 11
15 0 16 0 0 11 2 0 7 0 4 0 0 0 0 12
9 11 2 3 0 4 1 7 0 10 12 0 0 0 6 0
13 12 10 14 6 5 0 15 0 2 11 3 7 1 0 0
0 7 0 12 0 0 14 0 0 0 15 0 2 3 0 0
0 0 0 4 12 0 8 0 0 14 13 5 0 0 11 15
16 15 6 11 4 0 3 2 0 8 0 0 10 0 0 13
0 0 14 5 0 0 6 0 0 3 0 0 0 8 12 7
