4
2 0 3 14 9 13 0 5 0 8 7 6 4 10 0 15
0 0 0 0 10 11 15 0 1 14 2 0 0 0 6 8
0 4 11 15 0 0 8 0 5 0 9 13 0 2 3 0
7 0 6 0 2 3 0 0 4 15 10 11 5 9 13 0
15 0 5 0 0 0 0 10 2 0 12 1 7 14 0 6
8 0 4 0 14 0 6 7 9 0 15 0 0 12 1 0
14 0 0 0 12 1 3 2 10 11 0 4 0 15 0 0
12 0 1 3 0 5 13 9 0 6 14 0 0 0 0 0
4 0 15 0 0 0 10 6 13 0 0 0 0 1 14 7
0 3 0 7 5 12 2 13 6 10 16 0 11 0 15 9
16 6 0 10 1 0 7 0 0 0 0 0 0 0 0 2
5 13 12 2 0 15 9 11 3 0 0 14 6 0 8 0
0 12 2 1 0 0 5 15 0 0 3 0 8 0 0 4
0 15 0 0 6 10 0 8 12 1 13 2 0 3 7 16
3 14 0 16 0 0 1 0 8 4 0 0 15 0 0 5
6 8 10 0 3 7 16 14 15 5 11 9 12 0 2 0
