4
14 5 10 0 0 4 1 0 13 9 2 11 15 12 0 7
6 0 0 0 12 15 7 0 0 5 8 10 2 13 11 9
0 0 3 0 0 0 0 11 0 1 4 16 8 0 0 5
0 0 11 2 14 8 0 10 12 0 15 0 0 6 0 1
0 0 0 16 0 0 15 12 0 8 10 14 11 5 0 2
0 0 0 10 0 0 0 0 0 2 11 0 3 0 12 0
9 0 0 0 0 11 0 13 0 0 16 0 10 0 14 8
5 2 0 11 0 0 0 14 0 15 0 12 16 0 6 0
0 0 8 5 16 0 0 0 0 0 9 2 7 0 15 0
0 12 2 0 10 0 13 0 3 6 0 0 1 16 4 14
0 14 4 0 0 0 0 0 0 0 5 0 9 11 0 12
0 6 0 7 11 9 12 0 0 14 1 0 0 10 8 0
8 0 5 0 0 0 0 1 0 0 0 9 6 15 7 0
0 0 0 0 2 0 3 9 4 0 14 0 13 0 0 11
4 0 0 0 15 0 0 0 0 0 0 0 12 2 9 0
2 3 9 12 8 0 0 0 0 16 0 0 14 0 1 10
