5
9 3 24 25 14 0 15 12 8 17 11 1 10 20 22 7 5 19 23 0 21 6 16 0 4
2 0 0 0 0 20 11 10 22 1 21 13 0 6 16 0 18 17 8 12 25 14 3 0 9
4 16 13 21 6 5 7 0 0 19 15 17 12 0 0 0 14 0 3 0 11 0 0 1 10
12 0 17 15 18 6 21 0 16 13 0 0 0 14 3 11 20 1 0 0 7 5 0 0 2
10 0 0 0 0 14 0 0 3 0 0 0 2 0 0 0 0 13 0 4 15 18 8 17 12
0 0 7 0 13 0 0 0 0 11 12 21 0 17 18 9 0 15 14 0 10 1 20 0 0
8 14 0 0 24 17 12 16 18 21 0 25 3 1 20 0 0 11 5 22 4 0 6 0 23
3 0 25 0 1 24 9 8 0 15 0 11 22 0 0 4 13 7 6 0 12 17 0 21 16
22 0 11 2 19 1 0 3 20 0 4 7 23 0 6 0 0 21 18 0 0 24 14 15 0
16 18 0 12 17 13 4 0 6 7 9 15 8 24 14 10 0 25 20 0 0 19 5 11 22
17 15 0 18 0 4 6 13 21 0 14 8 0 0 25 20 10 3 0 1 5 2 7 22 0
1 11 0 20 10 9 14 24 25 8 5 0 19 2 7 0 0 0 21 0 0 12 15 16 17
19 7 0 5 2 10 20 1 11 3 6 0 13 0 0 18 12 0 15 17 14 9 0 0 0
13 21 23 0 4 2 5 19 7 22 18 16 17 12 0 14 9 8 25 0 20 10 11 0 1
24 25 0 14 9 12 18 0 15 0 0 3 1 0 11 5 2 0 7 19 0 0 21 23 13
20 0 10 22 0 25 0 14 1 9 0 2 5 0 13 16 21 4 17 6 8 0 24 12 18
0 17 4 16 21 7 0 5 13 2 8 0 0 15 24 3 0 9 0 0 22 11 0 10 20
14 1 9 3 25 0 8 18 24 0 0 10 20 0 19 0 0 2 0 5 16 0 0 4 6
5 0 0 23 7 0 22 20 19 10 0 0 0 0 0 8 15 0 0 0 3 25 1 9 14
18 0 12 8 15 21 0 6 17 4 3 9 0 25 1 0 11 10 0 20 23 0 13 2 5
0 4 5 0 23 22 0 11 0 20 17 0 21 16 0 0 8 18 0 0 1 3 0 14 25
25 0 0 0 3 8 0 15 9 18 19 20 11 22 2 13 23 5 4 7 17 16 0 0 21
15 0 18 24 8 0 17 21 12 6 1 14 0 3 0 0 22 20 2 11 13 23 0 0 7
21 0 6 17 16 23 13 7 4 0 0 18 15 8 9 1 3 14 0 25 0 22 2 20 11
0 2 20 19 22 0 1 25 10 14 13 5 7 23 4 17 0 6 12 0 0 0 0 0 15
