5
0 14 21 1 10 3 0 5 23 0 24 0 15 9 6 2 16 18 17 8 25 4 11 20 0
5 3 19 23 13 0 24 9 0 15 0 0 11 25 7 21 0 0 0 14 0 8 16 2 18
9 22 24 6 15 4 0 0 7 0 2 8 16 0 18 0 13 23 5 3 12 14 10 21 1
17 0 0 0 0 14 0 12 1 10 19 3 0 0 23 0 11 0 25 4 9 0 15 24 6
0 4 0 7 0 8 0 0 18 16 21 14 10 12 0 0 15 0 9 22 5 3 0 19 0
14 24 0 12 6 20 0 3 0 7 15 2 18 22 9 16 0 0 8 19 4 0 1 11 25
0 19 0 0 0 0 0 14 0 6 13 20 7 3 5 0 1 25 4 21 0 2 0 15 0
22 2 0 9 18 0 11 4 0 1 16 19 23 0 0 0 0 5 3 20 14 24 0 0 12
0 0 0 5 0 2 0 22 0 18 0 0 0 0 0 10 6 12 14 0 0 19 23 16 17
4 21 0 0 1 19 16 8 0 23 10 24 6 14 12 15 18 0 0 2 3 0 7 13 5
2 16 0 22 17 0 1 21 4 12 23 13 5 0 8 0 25 0 20 11 24 0 9 6 14
19 0 0 8 0 0 6 24 14 0 7 11 0 20 3 1 0 4 21 10 2 16 0 18 22
0 11 7 0 25 16 0 0 22 17 0 10 12 21 4 0 9 14 0 15 19 13 0 23 8
21 10 0 4 0 13 23 19 8 5 6 15 0 24 14 18 0 22 2 16 0 11 25 7 3
24 15 6 14 9 11 7 20 3 25 18 0 17 0 0 23 0 0 19 13 21 0 12 0 0
0 0 0 0 21 5 8 23 16 19 14 0 24 6 10 0 2 0 0 17 0 25 0 0 13
23 0 0 16 0 9 14 6 0 24 3 25 0 7 13 4 0 0 1 12 0 17 2 22 15
7 25 3 13 0 17 22 0 15 2 0 12 21 1 0 14 24 10 6 0 23 5 19 0 0
18 17 0 0 0 12 0 1 0 21 0 0 19 0 16 3 0 13 0 0 6 9 24 14 10
6 9 14 0 0 25 0 0 13 20 22 0 0 18 15 8 19 16 0 5 1 12 21 4 0
0 0 0 2 8 6 0 0 0 0 5 0 3 13 19 25 0 0 11 1 0 18 22 0 0
13 0 5 0 3 0 9 0 24 22 25 0 4 11 20 12 0 21 0 6 16 23 0 0 2
10 6 12 21 14 0 5 13 19 0 9 18 22 0 0 17 0 2 16 0 11 0 4 25 0
0 1 25 0 4 0 17 16 2 0 12 6 14 10 21 9 22 0 15 18 13 7 0 5 0
15 0 0 24 22 0 25 0 0 0 17 0 8 0 2 5 3 0 13 0 10 0 14 0 21
