4
13 0 0 7 10 1 0 4 0 11 8 0 0 12 16 3
0 0 0 0 0 0 0 8 1 14 4 10 15 7 0 0
0 14 1 4 0 3 0 0 2 15 0 13 11 8 0 6
0 11 6 0 13 0 15 7 0 9 12 16 14 0 10 0
0 8 5 3 15 13 7 0 0 12 1 9 0 0 0 10
14 4 10 2 9 0 12 1 0 7 0 0 8 3 0 0
0 12 16 0 11 5 8 3 0 4 2 14 0 0 0 13
0 7 13 6 0 0 4 0 0 0 0 11 12 1 0 0
12 1 9 10 8 11 3 0 0 2 0 4 6 5 7 15
0 0 14 13 0 0 1 0 0 6 5 7 3 16 8 11
8 0 11 16 7 15 6 5 0 1 10 0 0 13 0 0
0 0 0 0 4 14 0 13 11 0 16 0 1 0 0 0
0 0 12 0 3 8 0 0 4 13 15 0 0 11 0 7
0 0 8 0 6 7 5 0 12 10 14 1 0 0 2 4
0 13 4 15 0 12 10 0 7 5 11 0 0 0 3 8
6 0 0 11 2 0 13 0 8 16 9 3 10 14 0 12
