4
14 2 5 16 1 0 0 0 0 15 3 6 13 0 0 4
0 4 8 10 0 5 0 0 7 0 9 0 0 3 0 0
0 6 3 15 0 0 0 13 14 0 5 0 0 0 0 0
7 0 0 1 0 3 0 0 13 10 8 4 0 5 16 0
8 0 0 6 4 0 13 5 0 2 0 0 3 0 0 7
3 7 1 0 6 15 12 0 5 4 10 0 0 16 0 14
0 13 0 0 2 16 14 0 3 11 1 7 8 15 0 12
9 0 16 2 0 0 7 0 0 0 15 0 5 10 4 0
0 15 0 0 8 0 0 4 0 5 0 16 11 0 9 1
4 10 0 8 0 13 16 2 0 9 0 1 6 7 3 0
0 0 13 5 0 14 0 11 6 0 0 15 0 0 0 0
11 1 14 9 3 7 15 0 4 0 12 10 2 0 5 16
16 0 0 0 14 2 0 1 15 0 11 3 10 0 12 0
10 0 6 0 13 0 0 16 1 0 2 0 15 11 7 3
15 3 11 7 0 6 8 10 0 13 4 5 0 2 0 0
1 9 0 0 7 11 0 15 10 12 0 8 0 4 13 5
