4
15 11 0 9 1 3 6 0 8 2 0 0 7 0 5 4
0 3 0 0 7 4 0 0 12 0 0 15 0 13 0 2
13 0 0 14 9 0 15 0 0 0 7 16 0 6 0 0
16 0 0 7 14 2 13 0 10 0 0 6 9 0 0 0
0 5 3 0 16 8 0 4 0 10 0 0 0 9 2 0
14 8 4 16 13 0 0 2 3 5 0 7 15 1 11 0
0 0 11 15 6 5 7 3 0 12 0 0 16 14 4 0
9 0 2 0 15 0 0 0 0 0 0 0 6 0 3 0
0 9 0 12 0 0 3 0 16 14 8 0 5 4 6 7
0 0 0 0 0 0 2 0 15 0 0 0 12 0 0 9
0 1 15 10 5 7 4 6 13 9 0 0 0 0 0 0
2 14 16 8 12 0 0 0 0 7 5 4 10 3 0 1
0 0 9 0 0 0 5 0 0 13 0 12 0 8 7 16
0 0 7 4 0 0 12 0 0 0 0 5 11 0 9 0
0 13 0 2 11 15 10 9 0 16 0 8 3 0 1 0
0 0 1 3 4 0 8 0 0 15 0 10 0 12 14 13
