5
24 4 0 0 0 0 0 20 0 5 0 9 14 13 11 6 12 0 15 0 0 21 19 23 0
0 16 0 19 21 12 17 3 15 0 20 22 0 5 2 4 1 24 18 10 25 14 11 9 13
9 0 25 11 0 0 24 10 18 4 3 17 12 0 15 0 21 0 0 0 0 7 0 0 5
17 6 0 15 0 0 9 25 0 13 8 23 21 0 19 5 7 22 2 20 10 1 0 24 0
22 5 20 0 7 21 23 8 0 16 10 24 1 4 18 0 14 9 0 0 3 0 15 17 6
0 0 11 7 0 4 8 18 0 0 15 10 6 17 0 0 0 25 14 0 2 5 12 0 0
3 0 2 12 5 16 25 19 14 23 0 8 0 24 0 0 13 20 7 11 0 0 1 10 0
0 0 19 14 0 6 0 15 0 17 2 3 0 22 12 24 0 8 0 18 11 13 0 20 9
0 17 15 0 0 13 20 11 0 9 19 25 0 23 0 22 5 3 12 0 18 4 21 0 24
8 0 18 21 0 5 0 0 12 22 11 0 13 9 7 0 6 0 1 15 19 16 14 25 23
1 15 6 17 3 0 0 13 9 11 0 0 8 19 23 0 20 12 22 0 4 10 24 21 18
7 0 13 9 0 10 21 0 24 18 6 1 3 0 0 19 8 14 23 0 5 20 22 0 2
0 2 0 22 0 8 14 16 23 19 0 21 10 0 24 0 25 0 9 13 6 3 17 1 0
0 19 16 23 0 3 1 0 17 0 5 0 20 0 0 18 10 0 24 4 13 0 0 0 11
0 0 4 0 10 20 12 5 22 2 13 0 25 11 0 15 3 0 0 0 16 0 0 14 0
19 0 0 16 24 0 15 12 6 0 7 0 9 20 0 10 17 0 4 1 14 23 13 11 25
0 3 0 6 0 0 0 0 13 0 0 0 0 0 16 20 9 2 5 7 1 0 4 18 10
11 0 14 13 23 17 0 0 4 10 12 0 0 0 6 8 0 0 0 21 7 0 5 2 0
18 10 1 0 17 0 2 7 0 20 14 11 23 0 13 0 22 15 6 12 21 24 16 19 0
2 20 0 5 9 0 19 21 16 8 1 18 0 10 4 25 23 0 0 0 0 22 0 15 3
6 12 22 3 2 0 0 23 25 14 24 16 18 0 8 7 0 5 20 0 0 15 10 4 0
5 0 9 0 11 0 16 0 0 0 17 4 0 1 10 14 19 13 0 0 0 2 3 6 0
0 14 23 25 0 15 4 0 10 0 0 0 2 0 0 21 18 16 8 24 9 11 20 0 7
16 21 0 8 18 0 0 22 3 12 0 5 11 0 20 1 0 0 10 17 0 19 25 0 14
4 0 17 10 15 11 5 0 20 7 0 13 19 14 25 12 2 6 0 0 0 18 8 16 0
