5
6 22 0 15 0 7 14 0 9 0 17 3 4 0 10 18 13 0 23 0 0 0 20 0 0
11 14 0 19 7 0 0 16 2 8 0 0 13 12 18 0 1 15 6 22 4 0 10 0 5
0 0 4 3 10 18 12 21 13 23 11 0 0 14 7 20 2 0 8 24 0 0 25 6 0
0 24 0 16 20 10 5 0 0 17 6 15 1 0 25 7 9 19 11 14 13 21 18 23 12
23 12 0 0 18 25 22 15 1 0 8 0 0 0 20 10 4 0 17 0 9 19 7 11 14
0 0 0 2 8 0 0 4 0 0 15 1 22 0 6 11 14 0 0 10 12 0 23 21 7
15 20 22 0 6 0 10 0 14 19 3 4 5 25 0 23 0 13 0 7 24 0 8 16 18
0 10 14 9 11 8 18 0 24 16 21 13 0 7 23 0 22 1 15 20 5 4 17 3 25
21 0 12 0 23 0 0 1 22 0 16 2 24 18 8 17 5 4 3 0 0 9 0 19 10
3 0 5 4 17 0 0 13 0 21 19 9 14 10 0 0 24 2 16 18 22 1 6 15 20
4 6 0 5 3 0 11 12 0 0 9 0 10 17 19 16 18 24 2 23 20 0 15 1 8
13 11 7 12 21 0 8 0 20 1 2 24 18 23 16 3 0 5 4 6 10 14 19 9 0
2 23 18 0 16 3 6 5 25 0 0 0 20 0 15 19 0 14 9 17 7 12 21 0 0
0 17 10 0 19 0 23 24 18 0 13 0 7 0 21 15 20 0 0 8 25 5 0 4 6
1 0 20 22 0 19 17 14 10 9 4 0 25 6 0 21 7 12 0 11 18 0 0 0 23
18 0 21 0 24 5 1 6 15 25 20 8 16 0 22 14 0 17 10 0 0 0 12 7 9
7 0 0 11 12 0 2 8 16 20 0 0 0 13 0 5 15 6 25 0 3 0 14 10 0
20 2 16 0 22 14 0 0 3 10 0 6 15 1 5 0 19 0 0 9 21 23 24 0 13
10 0 3 17 14 24 13 0 21 18 7 0 19 9 12 0 16 8 20 2 15 6 5 25 1
25 1 15 6 5 12 0 0 0 7 10 17 3 0 14 0 0 23 18 13 16 8 22 20 2
5 0 6 0 4 13 19 0 11 12 0 10 17 3 0 2 0 18 0 21 8 0 1 0 16
14 0 17 10 0 2 21 18 0 24 12 7 11 19 13 1 0 0 22 16 6 25 0 0 15
12 0 11 0 13 0 16 0 8 22 24 18 23 21 0 0 0 0 5 0 17 10 0 14 3
22 16 8 20 0 9 3 10 17 0 5 25 6 15 4 0 11 7 12 0 23 18 2 0 21
24 21 23 18 0 0 15 25 6 5 22 0 8 16 0 0 17 0 0 0 11 7 0 12 0
