4
15 12 0 8 0 0 10 5 0 11 14 3 0 0 9 4
0 0 5 0 0 7 0 3 6 0 0 9 15 12 0 0
7 0 0 0 4 6 0 9 0 0 12 2 0 10 5 13
6 0 9 4 0 15 12 2 0 0 0 5 7 14 3 11
0 13 15 0 0 10 11 0 0 0 4 7 16 8 6 9
14 0 0 3 0 16 8 0 12 2 13 0 10 0 1 5
0 0 0 0 3 14 0 7 0 0 0 0 12 13 15 2
16 0 0 9 2 12 0 15 0 0 11 0 0 0 0 0
0 6 0 14 16 0 15 8 0 0 1 13 3 0 11 0
2 15 8 16 0 0 1 13 3 10 7 11 9 6 4 0
0 0 13 12 0 3 0 11 0 14 6 0 2 15 8 0
0 0 0 0 0 0 0 4 0 16 0 8 5 1 13 0
0 5 0 0 1 0 3 0 0 0 9 14 8 0 16 0
8 2 16 6 0 13 5 12 11 0 0 0 4 0 14 7
4 0 14 0 0 0 2 0 13 15 5 0 0 3 10 0
0 0 10 0 0 0 0 0 8 6 0 0 13 5 0 15
