4
5 11 13 0 14 2 7 10 0 12 3 15 0 0 16 6
0 10 0 0 0 9 0 16 5 11 8 0 0 0 12 0
9 16 0 0 15 0 0 12 2 10 0 0 5 13 11 8
0 12 15 3 13 0 0 0 0 16 0 0 0 0 0 0
0 0 0 2 7 0 0 14 12 0 0 0 16 0 1 4
10 14 0 9 6 16 0 0 0 13 0 8 12 0 15 0
16 0 0 0 0 0 5 0 10 14 0 7 11 0 0 0
0 15 0 5 0 11 0 13 16 0 4 0 10 7 0 9
8 0 0 14 0 7 1 9 3 0 13 0 6 0 0 15
0 4 12 0 0 0 13 0 7 9 1 0 8 10 2 14
0 5 11 0 10 8 14 2 6 0 0 12 0 16 0 0
7 0 0 1 12 6 15 0 8 0 0 10 3 11 0 0
14 7 9 16 0 1 12 6 0 8 0 0 15 0 0 0
13 8 2 0 0 0 16 0 15 0 11 5 0 4 0 0
0 0 0 11 0 0 0 0 1 6 0 0 0 0 7 0
0 0 4 0 5 15 11 0 14 7 16 0 0 0 0 10
