4
0 13 7 0 0 9 8 0 0 0 0 0 0 0 3 0
0 0 2 0 0 0 10 15 9 0 0 12 6 13 0 0
10 0 0 5 1 2 11 16 7 0 14 0 0 12 0 8
8 0 0 4 0 7 14 0 3 5 0 0 1 16 0 11
7 11 0 16 0 0 0 0 0 12 0 8 0 14 6 3
0 0 6 0 12 0 2 0 1 16 0 11 15 0 0 0
2 8 4 12 13 6 0 14 0 0 9 10 0 0 1 0
9 0 5 0 0 1 7 0 0 0 3 0 12 8 4 0
0 4 10 9 0 11 0 0 14 0 15 5 2 1 0 16
15 5 0 3 2 0 0 1 11 0 0 0 9 4 10 12
16 1 0 0 0 0 15 5 0 0 0 0 0 0 0 0
13 6 0 0 0 10 0 4 8 0 0 0 0 0 14 15
0 3 0 0 8 0 0 0 0 11 0 7 0 9 15 4
4 9 0 10 0 0 6 7 0 14 5 3 8 2 0 0
0 2 0 8 14 0 5 3 15 10 4 9 11 0 0 0
0 7 16 11 0 15 4 0 0 8 1 0 14 0 0 5
