4
0 4 0 6 0 14 1 0 10 0 2 0 3 0 0 9
0 0 0 9 0 0 15 0 0 0 6 4 0 8 1 0
15 0 10 2 0 0 7 11 0 1 13 8 0 4 12 6
1 0 0 13 6 16 0 0 3 0 0 0 0 5 0 0
0 12 5 10 0 0 0 0 8 0 14 0 4 7 6 16
0 7 4 16 0 0 13 0 5 0 0 0 0 1 9 0
0 15 0 0 16 0 0 7 11 9 3 0 5 12 0 10
9 0 0 0 0 5 2 12 4 6 16 7 0 15 0 14
5 16 6 0 1 0 11 0 0 0 0 0 9 3 0 7
0 0 9 0 0 0 0 10 6 5 12 16 13 0 11 1
8 10 0 15 7 9 4 0 0 11 0 0 6 16 0 12
11 14 0 0 12 0 5 16 9 4 0 0 2 0 0 0
10 0 0 0 0 0 0 0 15 14 0 2 7 9 0 4
3 13 1 11 5 12 10 6 0 16 4 0 0 2 14 8
0 0 7 0 8 0 0 2 12 0 5 6 0 0 3 0
0 2 0 0 4 7 0 9 1 0 0 0 12 0 0 0
