5
25 7 16 3 5 0 8 0 0 0 9 4 1 0 0 19 0 15 18 12 17 0 0 0 21
11 0 0 9 10 18 0 0 0 0 22 0 2 0 8 21 13 0 0 20 16 0 0 7 25
19 14 0 18 12 3 25 5 7 16 0 17 0 0 21 11 1 4 9 10 6 23 22 0 0
21 13 0 24 0 0 11 0 1 4 0 0 7 0 25 8 2 6 22 23 15 0 18 14 0
8 2 6 22 23 0 21 0 0 17 18 15 0 12 19 25 7 0 3 5 4 0 0 1 11
0 10 11 1 17 0 0 4 12 19 0 0 23 0 22 24 20 21 0 0 0 15 7 0 0
3 5 25 0 0 0 22 0 0 8 0 11 10 0 9 18 0 19 14 0 21 6 13 0 0
18 0 19 14 4 7 0 15 0 25 0 21 0 6 0 0 10 0 1 0 0 16 2 0 0
22 0 0 2 16 0 24 6 20 21 14 19 12 4 18 3 5 25 7 15 11 0 1 0 9
24 20 21 13 0 0 9 17 10 11 7 25 5 15 3 22 23 0 2 0 19 4 0 0 18
0 9 0 0 1 0 15 14 0 5 8 20 22 2 6 17 24 0 21 13 0 7 0 0 16
0 24 10 21 0 0 0 1 0 12 0 0 0 7 0 6 22 20 8 0 0 0 0 0 0
0 22 20 0 0 0 17 0 0 0 19 5 18 14 0 16 3 23 0 7 12 1 11 0 4
15 18 0 0 14 25 0 7 0 23 21 10 0 0 17 0 9 12 11 1 0 2 8 0 6
16 3 23 25 7 0 6 2 0 20 11 12 0 0 4 15 18 5 19 14 10 13 0 24 0
7 0 3 0 19 0 0 0 0 0 10 9 17 0 0 0 0 0 12 0 0 8 20 6 13
14 0 18 12 0 0 7 0 15 3 20 24 6 8 13 1 0 0 10 21 22 0 0 16 2
0 6 0 20 0 10 0 21 17 9 5 3 15 19 0 2 16 22 0 25 18 0 0 0 0
0 0 9 10 21 0 14 11 4 18 0 22 16 25 2 13 6 0 20 8 3 19 0 0 7
2 0 0 23 25 0 0 8 6 24 12 18 0 11 0 0 0 3 0 19 9 0 10 17 0
12 11 14 0 9 15 5 18 19 7 0 13 0 22 0 0 0 0 17 0 2 3 16 0 23
5 0 7 15 18 16 0 0 25 2 0 1 21 24 0 12 11 14 0 0 13 22 6 0 20
0 21 0 17 24 4 12 0 0 0 16 2 25 3 0 20 8 13 0 22 7 18 15 0 5
23 25 2 16 3 6 20 22 0 13 4 0 0 9 12 5 0 7 15 18 0 0 17 21 0
20 8 0 6 0 0 10 24 21 1 0 0 0 18 0 23 0 2 0 3 14 9 0 11 0
