4
0 0 9 0 12 3 0 14 0 1 13 0 2 0 7 0
0 12 0 0 0 0 8 0 0 0 0 6 11 1 13 15
2 0 6 0 0 1 0 15 8 10 0 0 16 3 12 14
11 13 15 0 0 5 0 0 0 0 0 14 8 10 0 9
13 14 1 0 0 2 7 5 0 16 0 3 0 8 0 0
0 9 0 2 0 11 0 0 0 0 15 10 0 16 6 3
0 0 0 0 6 16 12 0 0 11 0 1 7 2 0 5
0 6 3 16 0 0 4 10 7 2 0 0 13 11 14 1
0 8 7 0 16 0 0 13 1 15 11 4 5 0 2 12
1 0 0 15 0 0 0 0 0 14 0 13 0 9 8 0
5 2 0 6 0 15 0 0 10 9 8 0 3 14 0 0
0 16 0 14 0 9 0 7 5 0 0 0 1 15 0 4
6 5 16 0 0 0 15 8 9 7 10 2 0 0 3 0
9 0 2 7 0 13 14 11 0 4 0 0 0 12 0 0
0 3 11 0 10 7 9 0 6 0 0 0 15 0 0 8
0 0 0 0 5 0 0 16 0 0 0 11 0 0 10 2
