5
17 20 3 23 0 7 0 21 18 15 14 0 9 5 0 16 8 6 12 1 22 10 13 4 19
0 8 16 6 12 5 2 25 9 14 4 0 13 0 10 0 21 15 7 0 0 20 17 23 0
18 21 24 0 7 19 22 10 13 4 0 0 0 0 0 0 25 14 5 0 16 8 0 6 12
0 0 22 0 19 12 16 0 1 0 15 24 18 7 0 3 20 0 0 17 2 0 9 0 0
9 25 2 14 5 0 0 20 17 0 0 0 0 12 8 0 10 0 19 0 0 0 18 15 0
14 5 0 8 16 0 17 11 23 25 10 1 6 22 12 13 19 21 24 0 18 7 15 0 3
4 19 13 21 0 22 0 12 0 10 20 18 15 0 7 0 0 25 2 23 9 5 14 8 0
15 0 18 20 0 24 13 0 0 0 25 17 0 0 11 0 5 8 16 0 0 0 6 10 22
0 11 17 0 2 3 0 7 15 0 8 0 14 16 0 1 12 10 22 0 0 19 0 0 24
0 12 1 10 0 16 9 5 0 8 0 13 4 24 19 18 7 0 3 15 17 11 23 25 0
8 16 0 12 1 9 0 0 0 0 0 6 0 13 22 4 24 7 0 21 15 0 20 11 0
21 24 4 7 18 0 6 22 10 19 11 0 20 0 3 23 0 5 9 25 0 16 0 12 1
20 3 15 11 0 0 4 0 0 7 5 23 0 0 2 14 0 12 1 8 6 0 10 19 13
25 0 23 5 9 17 0 0 20 11 12 14 0 1 16 6 0 0 0 10 4 24 21 7 0
0 22 6 19 13 1 14 16 0 12 0 4 21 18 24 15 3 11 17 20 23 2 0 5 9
24 4 19 18 21 0 12 6 22 13 17 0 3 20 15 11 0 9 25 2 0 14 16 1 0
16 14 0 0 8 0 11 23 2 9 13 0 22 0 6 19 4 18 21 24 7 15 3 0 20
0 6 12 0 0 0 5 14 16 0 18 19 0 0 4 7 0 0 20 3 11 23 2 9 25
3 15 0 17 20 21 0 4 0 0 0 0 0 0 23 5 14 1 8 16 12 0 22 13 10
2 0 11 9 25 0 7 0 3 17 0 0 16 0 14 12 6 13 0 0 19 0 0 18 21
11 0 0 2 23 15 0 0 0 3 0 25 5 0 0 0 1 0 6 0 0 13 0 24 0
7 18 0 3 15 0 0 13 0 24 2 20 0 0 17 0 0 16 0 5 8 0 0 0 0
0 0 25 16 14 23 20 17 0 2 0 0 0 6 1 10 0 24 4 19 21 18 7 0 15
0 1 8 22 6 14 25 9 5 16 24 0 0 4 0 21 18 3 15 7 0 17 11 2 23
19 13 0 0 4 0 0 1 12 22 3 21 7 0 18 0 0 2 0 0 25 9 5 0 14
