5
17 0 20 21 8 0 23 2 1 0 0 24 0 0 18 15 0 0 14 0 9 0 4 19 0
0 25 12 11 15 8 0 16 17 20 1 7 0 10 2 6 22 0 19 4 18 13 3 0 0
5 18 24 0 13 0 0 9 0 22 0 12 0 15 0 0 0 2 1 23 16 8 0 17 0
1 2 0 0 10 13 3 18 5 24 19 22 0 6 9 8 0 16 17 0 0 0 11 14 12
0 9 22 0 0 15 0 0 0 0 0 20 21 8 16 13 24 18 0 0 2 10 0 1 7
10 0 3 1 0 18 5 24 0 4 6 11 19 9 22 16 0 20 8 0 12 25 14 15 0
13 24 4 5 18 9 19 22 6 11 15 0 14 25 0 2 3 7 10 0 20 0 17 8 23
6 22 11 19 9 25 14 12 15 21 8 0 0 0 0 18 4 24 0 5 7 0 1 10 0
0 12 0 0 25 0 17 20 0 23 10 0 0 2 7 0 11 0 6 19 24 18 5 13 0
0 0 23 17 0 2 0 0 10 3 13 0 0 18 0 0 21 12 0 0 22 0 0 0 11
0 1 0 16 0 3 0 0 0 0 24 0 18 4 19 21 8 0 0 25 0 0 0 0 15
0 17 8 0 21 0 16 1 20 10 7 13 2 0 5 11 15 0 0 9 19 4 18 24 6
0 0 13 2 0 4 18 19 24 0 22 0 9 11 0 23 0 1 20 16 17 21 0 12 8
24 0 6 0 0 11 9 14 22 15 0 0 25 21 0 3 13 0 7 2 1 23 16 20 0
0 14 0 9 0 21 25 17 12 8 0 10 0 23 1 0 0 0 24 18 5 3 2 7 0
0 0 9 24 0 0 22 0 11 25 21 16 12 17 0 5 18 13 3 7 0 1 0 23 0
21 8 16 12 17 1 20 10 23 2 3 18 7 5 13 14 0 0 11 22 0 19 0 4 9
11 0 25 22 0 17 12 0 0 16 23 0 20 0 10 0 0 6 4 0 13 0 0 0 0
0 13 0 0 5 19 0 6 0 0 11 25 0 14 15 1 0 10 23 20 0 17 12 21 0
0 10 0 20 0 5 0 13 0 18 0 9 0 19 6 17 0 8 21 0 0 14 0 0 25
2 3 5 10 7 0 0 0 18 19 0 14 6 22 11 20 1 23 16 0 0 0 0 25 17
9 0 14 6 22 0 0 21 0 17 16 0 8 0 0 0 0 4 0 0 3 0 10 2 0
0 4 19 13 24 22 6 11 9 0 25 0 15 12 21 7 5 0 2 0 0 20 0 16 1
0 0 0 15 0 20 8 23 0 1 2 5 0 7 3 22 14 11 9 0 4 24 0 0 0
16 23 1 0 0 0 0 3 2 5 0 19 13 24 4 12 17 21 0 15 11 22 6 9 0
