5
16 18 23 14 19 22 12 0 0 6 0 0 0 24 3 20 25 7 0 10 11 0 0 17 1
6 0 0 0 22 0 11 9 8 17 0 0 23 0 0 13 0 24 21 3 0 0 20 0 0
7 25 20 15 0 3 0 0 0 0 11 8 9 0 1 2 0 0 0 0 14 0 23 16 19
17 0 9 11 1 10 15 0 25 0 12 0 2 0 0 0 0 0 0 19 0 4 0 24 3
0 4 13 21 3 19 14 0 18 16 0 25 20 7 10 9 8 17 11 1 12 5 2 6 0
20 0 3 4 15 0 18 19 24 13 0 17 0 9 11 1 0 2 8 12 5 0 22 23 0
0 17 0 25 0 0 0 3 0 0 8 0 1 2 12 0 0 0 0 14 0 24 19 13 21
0 0 0 5 0 12 0 1 6 0 18 24 0 0 0 0 7 20 0 15 25 17 0 9 11
0 6 1 0 0 0 0 10 17 0 5 16 0 23 14 19 24 0 18 0 4 7 3 20 15
0 24 0 0 0 14 5 22 0 0 0 7 3 20 0 0 17 0 0 0 8 0 1 2 12
0 1 0 0 0 7 20 0 0 15 0 22 8 12 0 0 19 14 0 16 13 3 0 0 24
0 3 18 13 24 16 0 0 19 14 20 10 4 0 0 25 1 11 0 0 2 22 8 0 6
15 10 4 0 7 24 13 18 0 21 9 0 25 11 17 8 0 12 2 6 23 19 5 0 0
14 19 5 23 16 6 2 0 22 12 0 0 0 21 24 0 10 15 20 0 9 0 25 11 17
0 22 8 0 0 17 9 25 0 11 23 0 5 14 0 0 0 0 0 0 20 0 4 0 7
0 13 14 0 0 5 0 12 0 22 24 20 21 3 4 0 9 0 0 25 17 2 11 1 0
0 9 15 0 25 4 24 0 20 0 17 0 11 1 0 0 0 22 0 0 0 13 14 0 18
1 0 0 0 0 25 0 15 9 10 6 23 12 22 5 14 13 0 16 0 0 0 21 3 4
22 0 12 6 5 0 17 0 2 1 16 13 14 19 0 0 20 3 24 0 0 9 15 0 25
0 20 21 0 0 18 0 14 13 0 7 0 15 0 25 11 2 0 17 8 6 23 12 22 0
0 0 6 22 23 2 1 0 0 0 19 21 0 0 0 24 0 0 3 0 10 11 7 25 9
25 11 0 10 9 20 0 0 0 4 1 12 17 0 2 0 0 0 0 23 19 21 0 0 13
18 21 0 0 13 23 22 6 0 5 3 15 24 4 20 7 0 25 10 0 0 12 17 8 0
4 0 0 3 20 0 0 16 21 18 10 11 7 25 9 17 12 8 1 0 22 14 6 0 23
8 12 0 0 2 9 10 7 11 25 22 14 6 5 0 16 0 18 19 0 3 15 24 0 0
