4
2 0 16 3 0 0 0 7 0 0 9 0 8 0 0 5
0 8 12 14 0 0 16 2 7 15 0 10 0 4 1 13
13 0 4 1 14 8 12 5 0 3 11 0 6 10 15 7
7 6 0 0 1 0 0 0 5 14 0 12 11 16 0 0
1 0 13 9 0 4 5 14 3 11 12 2 16 0 6 0
14 4 5 0 0 12 0 0 15 0 0 0 0 13 0 1
3 12 0 11 6 0 0 0 0 0 0 0 4 5 0 14
0 16 0 0 0 10 0 0 14 8 4 5 0 0 11 3
16 3 0 0 0 15 9 10 4 13 0 0 0 0 5 0
10 15 0 0 0 1 0 4 12 0 0 0 0 0 2 0
0 14 0 5 0 3 6 16 0 7 15 0 0 8 13 0
4 1 0 13 5 0 11 12 16 0 3 0 15 9 7 10
8 13 0 0 0 0 3 0 6 16 0 0 7 0 0 0
9 0 0 0 4 13 0 0 11 0 5 0 0 15 0 0
0 5 3 12 0 2 15 0 9 10 7 1 0 0 0 0
0 0 15 0 0 7 1 0 8 0 13 14 0 3 0 0
