5
3 6 0 0 10 5 4 8 0 0 11 19 0 2 9 18 0 0 14 13 15 17 21 20 16
5 22 12 0 0 0 17 0 15 20 6 1 23 3 10 0 9 24 0 0 25 7 0 0 18
0 14 0 13 7 2 9 0 24 11 20 21 0 16 17 5 4 12 22 0 0 10 1 0 3
0 20 15 21 17 18 0 0 25 14 22 8 0 5 4 3 0 23 6 0 24 9 0 0 0
2 0 24 0 0 0 10 1 0 6 14 0 0 18 7 0 17 15 0 0 12 4 0 0 5
19 0 9 24 11 0 0 23 10 5 2 0 0 13 14 0 0 17 0 0 0 22 12 16 8
8 16 4 12 22 21 20 0 17 18 5 0 0 1 6 19 11 9 3 0 7 14 25 2 0
1 5 10 23 6 8 0 0 4 16 3 24 9 19 0 0 0 0 2 25 17 20 15 18 21
21 18 17 15 0 13 14 0 7 2 0 12 4 0 22 1 6 0 5 0 9 11 24 3 19
0 2 7 25 14 19 11 0 0 0 18 15 0 21 0 8 0 4 0 12 10 6 23 5 0
4 15 16 22 21 0 0 20 18 25 0 0 5 10 8 0 1 3 23 11 2 19 14 0 7
0 23 0 11 0 0 0 6 5 12 0 14 0 7 19 0 13 0 25 20 16 0 22 15 4
10 12 5 0 0 4 21 22 16 0 23 0 3 0 0 7 19 2 24 0 18 13 0 25 17
7 24 2 14 19 9 0 0 0 23 0 20 0 17 0 4 0 16 15 22 0 8 6 12 10
17 0 0 20 13 7 19 0 2 0 15 22 16 4 0 0 0 0 12 6 0 0 0 0 9
22 17 0 16 0 0 25 0 13 0 4 0 8 6 12 0 0 1 0 3 19 24 2 9 14
0 0 19 2 24 11 0 0 1 0 7 18 13 20 25 22 0 0 0 16 8 12 0 4 6
11 10 0 0 23 6 12 5 8 4 0 0 0 14 24 0 25 0 7 18 0 15 16 17 22
6 4 8 5 12 22 0 0 0 17 0 3 0 11 0 14 24 19 9 2 13 25 18 7 20
0 7 0 0 25 14 24 0 19 9 17 16 21 0 15 0 0 8 0 0 0 23 0 10 0
12 21 22 0 16 15 18 17 20 0 8 10 6 0 5 24 3 11 0 9 0 2 0 19 0
0 19 14 7 2 0 0 9 11 1 13 17 20 15 18 0 16 22 21 0 6 0 10 0 23
23 8 0 10 5 12 16 0 0 21 1 9 0 24 3 25 2 14 19 0 20 0 17 0 15
24 1 0 0 3 23 5 0 6 8 0 7 0 25 0 15 18 20 0 17 22 16 0 21 12
0 13 20 17 18 25 0 0 14 19 21 4 0 12 0 23 0 6 8 0 0 0 9 1 24
