5
22 0 0 6 15 0 16 5 18 0 0 0 0 4 0 13 14 17 23 0 7 0 0 9 2
0 0 21 0 4 23 17 1 14 0 9 0 7 20 24 6 0 8 15 0 25 0 5 16 0
0 24 9 7 20 15 8 0 0 0 16 18 25 10 5 0 0 21 0 11 13 23 1 17 14
0 5 0 25 10 0 0 0 0 19 0 14 13 23 1 7 2 0 20 0 6 15 12 8 22
14 1 0 0 23 0 9 24 2 7 8 22 6 15 12 0 18 16 10 5 19 0 11 0 3
15 3 6 0 8 16 25 0 10 5 19 0 11 0 2 0 23 13 17 0 24 0 0 0 0
4 2 19 0 0 0 0 22 23 1 7 20 0 0 18 0 15 6 0 0 0 16 0 25 10
20 0 7 24 9 8 6 0 0 12 0 10 0 16 0 11 4 19 21 2 0 17 22 13 0
23 22 13 1 0 0 0 18 0 24 0 15 12 0 3 5 10 25 0 0 11 21 2 0 4
10 0 0 5 16 21 0 0 0 11 13 23 0 0 22 0 20 7 9 0 12 8 0 6 15
12 0 0 21 3 0 23 0 5 0 20 0 9 2 7 8 1 15 0 6 16 0 0 0 24
0 0 20 9 2 22 15 0 1 8 0 24 16 18 0 0 12 4 0 0 17 0 13 23 5
0 25 10 16 0 3 0 19 12 0 0 5 17 14 13 9 0 0 2 7 8 22 6 15 0
0 13 23 0 14 2 20 0 11 0 0 1 0 0 0 16 24 0 18 25 21 0 19 4 12
0 0 0 8 0 18 10 25 24 16 4 0 21 3 19 0 0 0 0 0 9 2 7 0 11
6 0 3 4 12 5 0 17 25 0 2 19 20 11 9 15 0 22 0 0 0 24 16 18 7
19 9 2 20 11 0 22 8 13 0 0 7 0 24 16 4 0 3 12 21 0 0 17 14 25
0 8 22 15 1 0 18 16 7 10 0 6 0 12 21 23 25 14 0 17 20 0 9 2 19
0 16 18 0 0 12 3 0 0 4 14 0 23 0 17 20 19 0 11 9 0 1 8 22 13
0 17 0 0 0 11 2 9 0 0 0 13 0 1 0 10 7 18 24 0 4 12 21 3 6
21 20 11 0 19 0 1 15 17 22 0 9 18 7 10 0 8 0 6 4 14 25 23 0 16
9 10 0 0 7 6 12 0 8 3 0 0 0 0 23 0 0 11 0 0 0 13 15 1 17
17 0 0 22 13 7 0 0 9 18 12 8 3 6 4 14 16 0 25 0 0 19 20 11 0
8 4 0 3 0 25 5 23 16 14 11 21 0 0 0 22 17 1 0 15 0 7 0 24 9
16 0 0 0 25 0 11 0 21 0 0 17 0 0 15 0 0 0 7 10 3 6 0 12 0
