4
3 0 0 2 5 10 6 0 1 4 0 11 0 16 0 9
10 0 6 0 15 3 0 2 16 8 0 0 4 1 0 11
9 0 0 0 1 0 0 0 0 0 12 3 7 0 0 10
11 0 14 4 16 9 0 0 0 7 0 0 0 0 12 0
2 0 16 13 11 7 0 0 3 12 15 4 6 0 5 8
0 0 15 12 10 8 0 0 11 14 1 0 13 0 16 0
0 0 0 6 3 0 15 0 9 13 16 2 14 11 0 7
7 11 1 14 9 2 16 13 10 0 5 8 12 3 0 4
16 13 8 10 14 1 0 0 12 9 2 0 11 6 7 5
15 0 2 0 6 5 0 11 14 0 4 1 10 13 8 16
5 6 0 0 12 15 0 9 13 10 8 16 3 0 4 0
0 14 4 0 13 0 8 10 6 0 7 5 9 0 2 0
6 0 0 0 0 12 0 0 0 5 10 13 15 0 3 14
0 0 0 0 0 13 0 5 7 0 11 6 0 0 0 12
13 8 10 5 0 14 0 0 0 0 9 0 0 7 0 6
12 2 0 0 7 6 0 1 0 15 0 14 0 8 0 0
