4
2 16 6 12 8 15 1 0 0 11 14 0 7 0 0 0
0 0 0 0 0 0 0 0 7 10 0 0 0 0 8 0
0 0 0 0 0 10 0 13 0 12 0 0 9 0 4 0
3 7 13 10 0 0 0 0 1 0 0 8 16 0 2 0
11 4 0 14 0 6 0 9 0 13 0 10 0 0 15 0
0 0 16 5 0 13 0 1 2 6 9 0 4 0 11 14
12 2 0 6 15 0 0 16 0 0 7 11 3 0 10 13
10 0 0 13 11 0 4 0 0 5 16 0 2 9 0 6
13 10 0 0 14 7 11 0 15 16 2 5 12 0 0 0
14 0 0 0 0 0 0 4 10 1 0 0 15 2 5 0
0 0 0 0 5 16 15 0 0 0 0 0 10 0 13 0
0 0 0 16 13 1 0 0 12 9 4 0 0 0 14 0
0 6 0 0 16 0 0 12 14 0 10 0 0 0 1 8
1 13 15 0 7 3 14 10 5 2 0 16 0 11 9 4
16 0 12 2 0 0 13 15 6 4 11 9 0 10 7 0
7 0 10 0 9 0 6 11 0 8 15 0 0 0 0 2
