4
11 0 0 8 0 0 0 0 0 0 5 0 0 4 6 0
1 0 0 0 0 13 10 0 0 6 0 9 11 0 0 7
0 6 0 0 11 7 0 8 1 0 15 16 3 5 0 13
0 0 13 5 14 0 0 0 0 12 8 7 1 15 2 16
10 0 4 13 6 0 11 9 0 1 7 0 2 0 0 5
0 0 0 7 0 5 3 0 10 0 13 4 6 0 11 8
2 0 5 16 10 4 14 13 6 0 9 8 0 0 0 0
0 0 0 9 0 0 0 7 2 0 0 5 0 0 0 0
0 4 10 3 0 6 8 14 0 15 11 0 16 1 5 2
0 5 2 1 0 0 0 0 9 0 14 6 7 0 15 12
9 8 6 14 7 12 15 0 0 5 1 0 0 0 4 10
0 15 12 0 0 2 5 1 13 0 0 10 0 14 0 6
0 0 14 10 8 0 7 6 0 16 12 0 0 0 0 3
5 13 3 2 4 14 0 10 0 7 0 11 0 12 16 1
15 0 1 12 5 0 13 2 0 9 10 0 0 6 0 0
0 0 11 6 15 1 16 0 0 0 2 3 0 10 0 14
