4
0 9 0 12 0 0 0 0 8 3 5 0 0 6 0 1
4 0 0 7 1 15 0 0 0 10 12 13 14 5 3 8
0 0 3 5 0 0 10 12 0 11 6 15 4 7 16 2
0 1 0 0 8 14 3 5 2 0 0 0 0 0 0 0
9 0 4 10 7 0 15 0 5 0 3 0 1 11 14 6
0 5 0 0 12 9 4 10 0 0 11 1 2 0 15 7
1 6 14 11 0 8 0 3 0 15 0 2 9 0 4 0
2 7 15 0 0 0 14 0 12 4 0 0 8 3 13 5
7 0 0 0 0 0 8 14 0 2 4 0 0 13 0 3
0 0 8 0 3 5 0 0 16 0 15 7 0 0 2 0
5 3 0 0 10 0 2 0 0 0 14 0 0 15 0 0
12 10 0 4 16 7 0 15 0 9 13 5 6 0 0 11
10 4 7 0 15 0 0 1 13 0 9 0 0 8 0 14
0 0 0 0 13 3 0 9 15 6 0 16 10 0 7 4
0 13 12 0 4 0 0 0 0 5 0 11 16 1 6 15
0 0 6 1 0 11 0 8 0 0 0 10 0 9 12 0
