4
8 16 0 0 13 7 5 0 0 3 10 0 2 9 15 12
9 0 0 12 0 0 0 4 0 0 0 0 0 6 0 5
0 0 10 0 15 2 0 0 6 13 0 5 0 8 16 0
0 0 0 5 16 1 14 8 0 15 2 0 0 4 0 0
10 0 14 16 6 5 13 0 0 4 0 0 0 1 9 15
1 9 12 15 4 11 0 7 10 0 14 0 0 0 6 0
0 6 0 0 8 14 16 10 1 0 12 15 0 7 4 3
0 4 11 3 0 12 0 0 0 6 0 0 0 10 8 0
13 5 0 7 0 9 1 16 0 0 6 0 8 0 0 10
15 12 6 2 11 8 10 3 0 14 9 0 4 13 0 7
0 11 0 10 12 0 0 0 13 0 0 0 9 0 0 1
16 14 0 1 0 4 7 13 3 0 8 10 0 15 0 0
0 0 0 4 1 15 9 14 0 0 13 0 16 11 10 8
0 2 0 0 10 0 0 0 0 0 15 0 0 0 0 4
14 0 15 0 0 0 4 5 0 10 0 0 13 12 2 0
0 0 0 8 0 13 6 0 5 7 3 0 0 0 0 0
