4
16 12 3 7 2 14 10 8 0 0 9 0 0 0 0 4
0 0 5 0 13 0 0 4 12 0 7 3 2 10 0 0
6 0 0 1 12 16 7 3 0 14 0 8 15 9 11 5
0 0 8 10 15 11 0 5 13 6 1 0 0 0 0 3
1 4 11 0 0 0 12 0 8 0 2 16 0 15 0 14
7 0 0 12 8 10 2 0 5 0 0 14 4 13 0 11
0 8 16 0 5 0 0 0 4 0 13 0 3 0 7 0
9 5 14 15 4 1 13 11 0 7 12 0 0 0 0 0
0 0 10 5 11 13 4 9 0 12 3 1 16 8 2 0
0 11 0 4 6 12 3 0 0 2 8 7 0 0 0 10
2 16 7 8 0 15 5 10 11 13 4 9 6 3 0 1
0 0 1 3 16 2 8 7 14 0 5 0 0 0 13 9
8 0 12 16 0 5 0 2 9 0 0 0 1 6 3 0
5 0 0 14 0 0 0 15 0 3 0 0 7 16 0 0
3 0 0 6 0 0 0 0 10 5 14 2 9 0 0 0
0 9 15 11 1 3 6 0 7 8 16 12 10 0 0 2
