4
10 0 15 0 0 0 11 0 0 0 0 0 16 4 2 0
0 0 12 0 0 13 0 9 16 3 4 2 0 0 10 0
0 4 0 3 0 10 0 15 12 0 7 5 0 1 13 14
0 0 0 14 0 2 3 16 15 8 6 0 12 7 0 11
0 11 0 5 0 16 13 0 0 0 0 15 6 0 12 10
0 8 6 0 0 0 0 7 1 0 0 0 4 0 0 2
0 0 0 2 8 12 10 0 7 5 11 0 0 0 16 13
16 14 1 0 0 0 2 0 0 10 8 0 7 0 9 5
0 2 0 0 10 0 12 0 11 9 5 0 0 0 4 0
0 5 11 9 0 0 16 14 0 0 2 6 8 10 0 0
0 0 8 0 0 0 0 11 14 0 0 0 3 2 0 15
0 13 14 0 2 6 0 3 0 12 10 7 11 0 0 9
0 0 13 0 15 8 6 2 10 0 12 11 0 0 14 1
0 12 10 0 9 0 0 5 0 4 16 3 0 0 0 0
14 0 5 0 16 3 4 0 0 6 15 8 10 0 11 0
8 0 0 0 12 0 0 10 0 1 0 14 13 16 3 4
