4
16 0 6 10 5 0 0 8 9 2 0 12 0 0 0 0
12 0 0 13 15 1 7 3 0 0 0 0 0 8 0 0
0 8 5 11 9 0 12 0 0 3 0 7 6 0 10 16
0 3 15 0 0 10 16 4 5 8 11 0 0 2 0 12
0 9 8 14 2 0 0 0 0 6 0 10 4 5 16 0
10 6 0 0 0 0 11 0 0 0 14 0 0 0 0 0
0 0 0 0 3 7 10 6 0 0 0 0 0 9 14 13
0 0 4 16 8 14 0 0 0 0 0 1 3 6 0 10
3 0 0 0 16 6 0 11 0 13 0 0 12 0 0 0
8 0 0 0 12 9 2 1 7 10 15 0 0 11 0 0
2 1 12 0 7 0 3 0 16 11 6 4 14 0 0 0
0 11 0 6 14 0 0 0 0 0 9 2 0 10 15 3
0 12 13 0 0 0 15 7 0 0 0 6 0 14 0 5
5 14 11 4 13 0 9 12 1 7 0 15 10 16 3 0
0 0 1 0 10 0 6 0 0 0 4 0 0 12 8 0
6 0 0 3 0 0 0 14 13 0 0 9 0 0 0 15
