5
19 5 22 17 10 15 6 11 9 3 8 16 1 0 14 20 24 0 25 0 13 0 2 0 7
0 2 18 0 0 0 10 22 0 19 0 24 23 0 0 11 0 3 6 9 21 1 0 0 0
23 12 0 24 0 16 21 8 14 0 22 17 0 10 5 18 0 0 13 2 6 3 9 11 15
0 0 8 16 21 7 13 18 2 4 0 0 3 6 0 22 17 0 10 5 0 23 0 20 0
0 9 11 15 6 24 0 20 12 23 18 0 0 13 0 8 0 1 21 14 0 19 0 0 17
0 4 24 0 2 0 0 16 19 22 17 25 0 12 23 7 6 0 0 0 14 8 1 15 21
0 3 7 0 0 0 12 0 0 20 24 13 18 0 0 0 21 0 0 0 0 22 0 0 0
22 19 16 0 0 6 9 7 3 11 0 0 8 14 0 0 0 20 12 23 2 0 0 0 0
8 1 15 0 14 13 0 0 0 0 7 6 11 9 3 16 10 22 0 19 12 20 23 17 25
20 0 0 25 0 21 0 0 1 8 0 0 22 5 19 24 0 0 0 4 9 11 3 7 6
0 6 0 8 0 18 0 23 25 12 0 0 2 7 13 0 0 14 0 21 17 5 10 19 0
0 0 0 0 0 0 0 19 10 5 23 18 0 0 0 3 0 0 15 6 16 14 0 1 22
0 10 0 20 17 8 0 3 6 9 1 22 14 16 21 23 18 0 0 25 0 0 13 4 0
0 25 0 18 24 22 0 0 21 14 0 0 0 0 10 0 0 2 7 0 15 0 6 3 8
0 0 1 22 16 11 0 0 13 2 0 8 9 0 6 0 20 5 0 10 24 12 25 23 0
16 0 21 0 19 9 3 0 11 0 0 0 0 1 0 10 12 17 0 20 4 24 0 25 2
0 20 0 0 23 14 1 6 8 15 0 5 16 19 22 25 2 24 4 18 0 7 0 0 9
7 0 13 9 3 0 23 10 20 17 25 2 0 4 18 0 14 15 1 8 0 16 22 21 5
0 0 6 0 1 2 0 25 0 24 13 9 7 3 11 0 0 16 0 0 23 17 0 0 12
24 18 25 2 4 5 19 21 22 0 0 12 17 23 20 0 0 0 3 11 0 15 8 6 14
10 0 0 0 20 1 8 9 15 6 14 19 0 0 16 0 4 25 18 24 11 13 0 0 3
25 24 12 0 0 19 0 14 16 21 5 23 10 20 17 0 0 0 11 7 0 6 15 9 1
13 7 0 0 0 23 20 5 0 10 12 0 25 0 0 0 1 6 8 15 22 0 16 0 19
21 0 0 19 0 0 11 2 7 13 9 1 0 8 15 5 0 0 20 17 18 25 24 12 4
6 15 9 0 0 0 18 12 0 0 0 3 13 0 7 14 19 0 0 16 20 0 17 5 23
