5
4 0 19 8 10 14 16 0 17 3 11 7 18 0 25 0 1 0 22 6 24 12 9 2 15
22 1 13 6 21 18 0 0 0 23 0 2 24 12 9 0 0 0 0 0 0 4 20 0 10
0 17 16 0 5 0 2 15 0 12 10 19 8 0 0 0 25 11 0 18 0 22 1 13 21
23 25 7 0 0 8 19 0 0 0 0 0 6 0 0 2 0 15 12 0 14 0 0 16 5
12 9 0 0 15 6 13 0 0 22 5 16 14 0 17 19 20 10 0 0 18 23 25 7 11
19 6 21 0 0 23 0 17 18 16 0 0 0 0 24 5 14 1 0 3 0 0 0 10 9
7 24 15 0 25 22 21 0 6 19 1 5 3 0 14 0 8 9 2 4 23 16 0 11 0
0 0 5 3 0 0 15 0 0 0 0 10 0 0 0 11 18 0 16 23 22 0 6 21 0
0 8 0 4 9 3 0 1 14 0 17 11 23 16 18 21 6 20 19 22 12 7 0 15 25
0 18 11 23 17 4 10 9 8 2 20 0 22 0 6 15 24 0 7 0 0 0 14 5 1
0 5 0 1 13 0 0 7 0 18 2 0 9 0 10 23 11 0 0 17 20 8 21 22 19
0 15 12 25 7 20 0 19 21 0 13 0 1 0 5 4 10 0 0 0 17 14 0 0 16
0 0 23 0 16 0 0 2 10 24 0 22 20 0 21 12 0 0 18 25 1 6 5 0 13
24 10 4 9 2 1 3 13 5 0 16 0 17 14 11 22 0 0 8 20 25 18 15 12 7
8 21 22 0 0 0 23 16 11 14 7 0 0 18 15 3 0 13 6 1 9 24 10 0 2
0 0 17 16 14 2 9 24 4 15 0 20 0 10 0 0 0 18 11 0 13 0 0 1 0
15 4 0 2 24 13 0 0 3 21 14 17 16 5 23 20 22 8 0 19 0 0 12 25 18
0 12 0 7 18 0 20 8 0 10 6 0 13 21 3 9 4 0 15 2 16 5 23 17 14
21 0 1 13 6 7 25 18 12 11 0 0 0 15 0 17 23 14 0 16 19 10 22 20 8
0 22 20 19 8 0 17 0 0 0 18 0 7 0 0 1 0 6 0 0 0 15 0 9 24
1 16 14 5 3 15 24 0 2 0 4 0 10 9 19 18 7 0 17 11 0 20 13 0 0
20 13 6 21 22 11 18 23 7 17 0 24 0 0 0 0 0 0 1 5 10 9 19 8 4
9 19 8 0 4 5 14 3 16 1 23 0 11 17 7 6 0 22 20 21 0 25 2 24 12
25 2 24 15 0 0 6 22 13 0 3 14 5 0 0 0 19 4 9 10 11 0 7 18 23
0 7 18 11 23 10 8 4 19 9 0 6 21 20 13 24 2 0 25 15 5 1 16 0 0
