5
10 13 8 19 21 12 0 0 22 6 0 2 18 4 14 1 24 7 25 23 11 5 0 0 0
0 6 12 9 20 23 0 7 24 25 19 0 13 21 0 11 0 0 3 16 15 4 14 2 0
2 18 0 15 0 8 19 21 0 0 11 0 3 5 0 0 22 0 0 12 0 7 0 0 0
24 25 23 1 7 0 0 0 0 0 9 0 0 20 12 0 2 0 0 14 19 21 8 10 13
17 3 0 11 0 14 15 0 0 0 1 0 25 0 23 19 10 21 13 0 9 0 0 0 6
4 0 15 0 25 19 17 3 21 8 22 0 0 6 0 2 20 18 12 0 10 13 1 7 23
7 23 0 10 0 11 22 6 0 16 2 20 0 0 9 0 4 25 14 0 0 0 19 21 8
5 16 11 22 6 15 0 25 4 14 10 7 23 0 1 0 21 3 0 19 2 0 0 20 12
0 12 0 0 0 1 10 13 7 23 17 21 8 3 19 22 5 6 0 11 24 0 0 0 0
0 8 19 17 3 0 0 18 0 12 24 4 0 25 15 0 7 13 0 1 0 6 0 5 16
0 7 0 8 0 0 12 0 11 5 14 9 0 0 0 23 0 24 4 0 0 17 3 19 21
0 5 6 12 22 25 23 24 0 0 8 0 7 0 13 0 0 17 21 3 0 2 0 0 0
0 0 25 23 0 0 16 17 19 0 0 0 5 0 6 0 9 0 0 18 8 0 0 1 7
19 21 0 16 17 18 14 2 9 20 0 15 4 0 0 8 1 10 7 13 12 22 0 0 5
9 20 0 14 0 13 8 10 0 7 16 0 21 0 0 12 11 0 0 6 0 0 25 0 0
25 15 0 7 0 17 5 0 3 0 20 6 0 12 0 4 18 14 0 2 21 0 10 0 1
0 9 2 4 14 10 0 8 13 1 0 0 0 16 17 20 6 12 11 22 7 23 24 25 0
13 0 10 21 0 22 20 12 0 0 0 18 9 0 2 7 0 23 15 24 5 16 17 0 19
3 0 0 0 0 2 4 0 0 0 7 25 15 0 24 21 13 8 0 10 20 0 22 0 11
0 0 0 20 12 0 0 0 25 15 0 13 0 0 10 0 3 16 19 0 4 14 2 18 9
23 24 0 0 1 5 6 0 16 17 18 12 0 0 20 0 14 0 2 4 0 0 0 8 10
0 22 20 18 9 7 13 0 23 0 3 8 10 19 21 0 0 0 17 0 0 15 0 14 2
0 17 0 6 11 0 0 0 14 2 0 0 0 1 7 3 0 0 10 21 0 0 20 12 22
8 10 21 3 19 0 0 9 0 0 25 14 0 15 0 13 0 0 0 0 6 11 5 16 17
14 0 0 0 0 21 0 0 8 10 6 0 17 11 5 0 12 9 0 20 0 1 0 0 24
