4
9 1 2 12 0 15 8 0 10 0 0 5 0 0 0 7
0 0 4 0 0 0 0 0 1 0 0 12 14 3 0 8
15 0 0 3 10 0 4 5 6 0 13 16 1 12 9 2
13 0 7 0 1 9 2 12 14 0 15 0 10 5 0 4
10 0 0 8 16 0 0 4 12 9 1 7 0 0 14 0
0 3 15 2 0 10 11 8 16 0 6 0 12 7 0 9
0 0 0 7 0 0 0 2 0 0 10 0 0 4 6 0
0 16 13 0 0 1 9 0 3 15 0 0 5 8 0 11
0 15 5 14 0 0 16 10 13 12 0 6 9 1 0 0
4 0 0 10 13 7 0 0 9 0 0 1 15 14 0 0
7 13 12 6 9 2 3 1 0 5 0 14 11 0 0 16
2 0 0 1 0 0 0 14 0 16 4 10 13 0 7 12
3 0 0 0 0 0 10 0 4 6 16 0 0 0 0 1
0 4 6 0 7 12 1 0 2 0 3 0 0 0 5 10
0 0 1 13 2 3 0 0 0 10 5 15 0 11 0 6
0 0 10 15 4 16 6 11 7 1 12 0 2 0 0 14
