4
16 0 2 0 3 0 0 0 9 0 6 0 0 15 0 0
0 0 7 0 0 0 0 13 5 14 3 0 4 0 0 9
0 5 0 0 6 4 0 8 0 11 0 0 16 0 2 0
0 0 0 0 0 11 10 0 0 0 2 0 14 1 0 0
5 0 14 0 4 0 8 3 15 10 0 6 0 0 0 0
0 8 4 0 0 0 15 0 13 0 16 7 5 2 14 1
0 0 0 0 14 0 0 2 8 0 0 3 10 0 11 0
0 0 0 0 0 12 13 0 1 0 0 2 0 0 4 8
0 7 0 0 5 0 0 16 3 0 9 14 15 4 10 6
0 0 5 0 9 0 3 0 6 15 0 4 13 0 0 7
0 6 10 0 12 13 0 0 0 0 0 16 8 14 9 3
0 0 9 14 0 15 0 0 7 13 12 0 1 16 5 2
0 0 13 0 0 2 16 12 14 3 0 5 0 0 15 4
6 4 15 9 0 7 0 0 0 0 1 12 0 0 8 14
0 0 1 12 0 0 14 5 4 6 15 9 0 10 13 11
0 14 8 0 0 0 4 0 0 7 0 10 2 0 0 16
