5
7 0 21 10 12 9 20 8 17 0 0 0 11 4 0 0 0 6 0 0 2 16 15 3 22
3 0 16 2 0 1 6 14 24 23 10 21 7 0 19 18 0 4 11 0 8 0 0 0 9
0 1 24 14 0 19 12 0 0 0 0 0 5 0 0 2 22 0 3 16 18 25 4 11 13
11 13 0 18 0 22 15 2 16 3 14 0 23 6 1 8 0 0 5 0 10 21 12 7 19
0 9 0 0 20 13 0 18 25 11 0 16 3 0 22 0 19 12 7 21 14 24 6 23 1
0 8 0 0 22 0 1 0 6 0 7 12 16 19 2 11 0 13 0 0 5 20 9 24 14
16 2 0 7 0 14 9 5 0 0 11 0 21 13 10 23 18 1 25 6 3 15 22 17 8
21 0 4 11 0 8 22 0 0 0 23 0 0 1 0 0 14 9 24 20 7 12 19 0 2
0 14 20 5 0 0 13 11 0 21 3 15 17 22 8 7 2 19 16 12 0 0 0 25 18
0 18 6 23 0 0 19 7 12 16 0 20 24 9 14 0 8 22 0 15 11 0 0 21 10
6 23 9 24 0 7 0 21 13 0 17 0 20 8 5 16 3 0 15 0 25 1 0 4 11
4 0 0 25 0 0 2 16 19 0 24 0 6 14 0 0 5 0 0 22 21 13 0 0 7
20 5 22 0 0 0 18 25 1 0 16 0 15 0 0 21 0 0 0 13 24 9 14 6 23
15 3 19 16 0 0 14 0 9 6 21 13 12 10 7 0 11 0 0 1 17 22 8 0 5
12 7 13 21 10 5 8 0 22 0 0 1 4 0 11 24 23 14 6 0 16 0 2 15 0
18 4 23 1 25 15 16 19 0 2 0 0 14 0 6 22 20 17 8 3 0 11 21 0 12
10 12 11 0 0 0 0 0 3 8 0 23 18 25 4 0 6 0 0 5 19 0 0 2 15
2 15 0 19 16 6 24 9 5 0 13 11 10 21 0 0 0 25 18 23 22 0 17 8 20
8 20 0 22 17 4 0 0 0 18 19 7 2 16 0 13 12 21 0 0 9 5 24 0 6
14 6 0 9 24 12 21 0 11 0 22 3 0 17 20 19 0 16 2 0 0 23 25 18 4
9 0 8 0 0 0 11 4 18 13 15 0 22 3 0 12 16 7 19 10 6 0 23 1 0
22 17 2 0 3 25 23 0 14 1 12 0 19 7 0 4 21 11 13 18 20 8 5 0 24
1 0 14 6 23 0 7 0 10 0 0 0 9 0 0 15 17 0 0 0 0 0 11 0 21
13 0 18 4 11 17 3 15 2 22 6 14 0 23 25 20 0 5 0 8 0 10 7 19 16
19 0 0 12 0 24 0 0 0 9 4 18 13 11 21 6 0 23 1 14 15 2 0 22 17
