5
22 5 6 24 0 13 12 21 18 0 0 25 3 0 20 14 8 4 17 23 16 19 1 11 15
11 0 15 19 16 0 6 24 0 22 4 23 8 17 0 13 21 18 9 0 2 3 20 10 25
10 20 25 0 0 1 15 19 16 11 0 12 21 9 13 5 24 7 22 6 4 8 0 17 23
17 14 23 8 4 20 0 3 0 10 7 6 0 22 5 1 0 16 11 15 18 0 13 9 0
9 13 12 0 0 14 23 8 4 0 0 15 0 11 1 20 3 0 10 0 0 24 5 22 6
0 17 8 2 14 10 3 16 20 25 5 24 0 6 22 11 7 0 15 19 13 0 0 12 21
0 0 24 0 0 9 21 4 13 12 20 0 16 0 10 0 2 14 23 0 1 7 0 0 19
25 10 3 0 0 0 19 7 1 15 0 21 4 12 9 0 18 0 0 24 14 0 0 23 8
15 11 0 7 1 22 0 0 5 0 14 0 2 23 0 9 0 0 12 0 20 16 10 0 3
12 9 21 0 13 17 8 2 0 23 1 0 0 15 11 10 16 0 25 0 5 18 22 0 24
0 2 0 25 8 16 11 0 0 1 24 9 12 13 0 7 6 19 0 22 0 23 4 0 17
1 16 11 0 0 7 22 6 0 0 21 0 23 0 4 18 12 24 13 0 8 25 2 20 0
13 18 9 12 24 4 0 23 0 0 0 11 0 0 16 0 0 0 20 10 19 6 7 0 22
0 7 22 6 19 18 9 12 0 13 8 10 25 0 0 0 23 21 0 0 3 15 16 0 11
14 4 17 23 21 2 0 25 8 20 19 22 6 5 0 16 15 3 1 11 0 12 18 13 9
0 0 2 0 17 25 0 1 10 3 22 0 13 24 6 15 5 0 0 7 9 14 0 21 4
0 0 0 0 22 12 4 14 0 21 0 0 1 0 25 23 20 17 0 2 0 0 15 19 7
0 0 0 14 0 23 2 0 17 0 11 0 5 19 0 25 0 10 3 16 0 13 6 24 18
0 0 7 5 11 0 18 0 22 24 0 2 20 0 0 12 14 9 0 4 10 1 25 3 16
0 25 0 1 10 15 7 0 11 19 0 4 14 21 12 6 13 22 0 18 0 0 0 8 2
7 19 5 22 15 24 13 9 6 0 23 20 10 2 8 21 17 12 4 0 0 11 3 16 1
16 3 1 0 25 0 0 22 15 0 12 14 17 4 21 24 0 6 18 13 0 10 8 0 20
18 24 13 9 6 21 0 17 12 0 0 0 0 0 3 0 10 23 2 20 15 22 19 7 5
4 21 14 17 12 0 20 0 0 2 15 0 22 7 0 3 0 0 16 0 0 9 0 0 0
2 8 0 0 23 3 1 11 25 0 0 0 0 0 0 0 22 0 7 5 12 0 0 0 0
