4
0 0 0 12 0 3 0 15 2 14 0 1 5 0 9 16
9 0 0 5 13 0 11 12 0 0 0 0 2 0 1 8
3 0 10 15 8 1 14 2 0 0 0 9 0 0 6 13
0 0 14 0 16 9 4 5 12 0 0 6 0 10 0 7
8 2 0 10 0 16 0 14 4 6 12 13 11 0 0 15
7 0 3 0 0 0 1 10 0 9 5 0 0 6 13 12
13 0 6 0 0 7 0 11 0 1 2 0 0 0 0 0
0 5 9 14 0 13 0 0 11 0 0 7 0 1 8 2
11 6 15 13 3 10 0 0 8 5 1 0 0 12 0 9
10 3 2 0 1 14 5 0 16 0 9 4 13 15 11 6
4 9 0 0 0 11 0 13 0 0 3 10 8 5 0 0
0 0 5 8 9 4 12 0 13 15 6 11 7 2 0 3
5 14 0 1 4 0 13 9 6 7 11 0 0 0 2 0
2 10 0 3 0 5 16 1 0 13 4 0 6 0 0 0
15 11 0 6 0 2 0 0 0 0 14 5 9 13 12 0
0 4 0 9 11 15 0 6 0 0 10 2 1 0 5 0
