5
12 15 0 22 0 0 25 21 0 6 17 10 0 1 0 11 19 18 0 9 20 0 13 5 2
2 13 20 16 0 11 9 23 19 18 0 0 15 0 0 0 1 0 17 10 25 6 0 21 24
0 0 0 8 17 13 20 0 2 0 23 9 0 0 18 0 24 0 21 25 3 22 15 14 0
0 0 25 6 21 4 10 17 1 8 0 20 13 2 0 15 12 22 14 3 9 18 11 0 19
19 11 9 0 0 15 0 14 12 0 21 0 7 24 6 0 2 0 5 20 0 8 4 17 1
23 9 0 19 11 3 6 0 14 0 7 0 25 21 0 20 5 0 0 18 0 1 10 4 17
0 0 16 0 0 20 18 0 5 0 11 0 0 23 19 25 21 24 7 0 6 12 3 15 14
5 20 18 2 13 0 22 11 23 19 0 0 3 0 0 0 0 1 0 0 8 24 0 0 21
0 3 6 12 15 25 0 7 21 24 0 16 10 0 1 9 23 19 0 22 0 0 20 13 5
0 25 8 0 7 0 16 4 0 1 13 18 20 5 2 3 14 12 15 6 0 19 0 0 23
7 8 0 21 25 16 2 0 4 17 0 0 18 0 0 6 0 14 0 24 12 23 0 9 11
15 0 24 14 3 8 1 0 7 0 0 0 0 4 17 22 0 0 9 0 19 0 0 20 0
11 22 12 0 0 0 24 0 15 14 0 1 0 7 21 18 13 0 0 0 2 0 0 10 4
4 16 0 17 0 18 19 0 13 5 9 0 22 11 23 8 0 21 25 0 24 14 6 3 15
13 0 19 5 20 0 12 9 11 23 3 0 6 0 0 16 0 17 10 2 1 21 0 0 7
6 0 7 0 0 17 0 0 8 25 2 13 5 16 0 0 0 9 12 0 11 0 23 19 0
16 5 0 0 2 0 11 19 18 20 12 0 14 22 0 17 8 25 1 4 7 3 0 0 0
0 17 4 0 0 0 13 0 16 0 0 0 23 0 20 0 0 3 24 7 15 0 14 12 22
18 0 11 0 0 14 0 0 0 0 0 0 0 0 3 5 16 10 2 0 4 25 17 0 8
22 14 15 9 0 21 0 0 6 3 0 4 17 8 0 23 18 0 19 0 13 10 5 2 0
10 2 0 4 16 19 0 18 20 0 0 14 12 9 11 1 25 7 8 17 21 0 0 6 3
0 12 0 0 22 24 21 0 0 0 8 0 0 25 0 19 20 13 18 0 0 4 0 16 10
0 24 0 15 6 1 17 8 25 0 0 0 0 0 4 12 0 11 22 0 0 13 19 18 20
20 19 23 13 18 12 14 0 9 11 0 21 0 3 0 2 0 4 0 0 0 0 0 8 25
0 0 0 7 8 2 5 16 10 4 18 0 19 0 13 24 3 15 6 0 14 11 12 0 0
