5
16 0 0 21 0 7 25 0 17 8 0 2 13 15 0 24 0 1 18 10 5 20 0 0 22
3 5 11 20 0 15 4 2 9 13 16 0 21 12 6 19 0 0 8 25 10 18 1 24 14
0 10 24 0 14 12 6 23 0 0 3 11 20 22 0 2 15 9 13 4 0 8 0 0 7
0 0 19 0 7 22 5 0 3 20 1 0 18 0 10 23 0 0 21 6 0 0 9 2 0
9 4 2 13 15 14 10 24 1 0 17 19 8 7 25 11 22 3 20 5 0 21 0 0 12
11 0 20 0 5 4 1 13 2 0 0 21 7 0 17 8 25 19 0 3 0 12 24 18 10
0 16 18 12 0 6 0 0 0 7 11 0 0 0 0 13 0 2 14 1 0 22 19 0 0
0 17 21 7 0 0 3 8 0 0 2 13 14 4 1 18 0 0 12 16 9 0 0 20 0
19 3 8 0 25 0 9 0 11 15 24 0 0 10 0 21 6 0 7 0 0 14 2 13 0
0 0 0 0 4 10 16 18 24 12 19 8 22 25 0 20 0 11 15 9 17 7 23 21 6
8 11 22 5 3 9 0 0 20 0 0 12 0 16 23 7 17 21 0 19 0 0 13 0 1
0 23 12 0 16 17 19 7 0 25 20 15 4 0 0 0 0 13 10 24 11 5 8 22 3
0 24 0 0 1 16 23 0 18 0 0 0 5 3 0 15 9 0 4 2 19 25 0 7 0
0 0 7 25 17 3 11 0 8 5 13 0 10 1 24 0 16 18 6 23 2 4 20 0 0
20 0 15 4 0 1 24 14 13 10 21 7 25 0 0 22 3 8 0 11 23 6 18 12 0
0 8 0 3 19 0 0 0 0 9 0 10 16 0 0 6 23 12 17 21 13 1 15 4 0
14 0 10 16 24 23 21 6 0 17 22 5 9 0 20 0 2 15 1 13 8 3 0 25 19
22 20 0 0 11 2 13 4 15 1 12 6 17 23 21 0 0 7 0 8 18 16 14 10 24
0 0 0 0 23 19 8 0 7 3 0 0 0 0 13 10 0 14 16 0 20 9 22 5 11
15 0 4 0 0 24 18 10 14 0 0 0 3 0 0 0 11 22 9 20 21 0 12 0 23
5 15 0 2 20 13 0 0 4 24 6 0 19 21 7 3 8 25 11 22 0 0 10 0 0
6 7 17 0 21 8 22 3 0 11 0 1 24 13 0 16 18 0 23 12 0 2 0 0 20
0 12 0 23 18 21 0 17 6 19 5 9 2 0 0 1 0 4 24 14 22 11 25 3 8
4 0 0 0 13 18 0 16 10 0 0 3 0 8 22 9 20 0 2 15 7 19 6 0 21
0 22 3 11 8 0 0 9 0 0 10 0 0 18 0 17 0 6 19 7 14 0 0 1 13
