5
4 25 6 20 0 19 7 21 11 2 0 0 3 12 0 13 24 1 14 0 8 17 0 0 0
0 0 22 8 15 0 13 14 9 24 10 6 0 0 4 3 5 0 16 0 0 11 19 2 21
0 12 16 0 0 0 8 0 17 0 24 0 13 9 1 0 2 19 21 0 0 0 4 10 6
0 11 0 7 0 18 3 0 12 5 15 22 0 0 23 20 10 0 6 0 0 0 0 24 14
1 9 14 0 24 4 0 0 25 0 2 21 7 11 19 8 15 23 22 0 3 12 18 0 16
0 23 0 9 8 6 25 24 1 13 0 10 11 0 0 0 3 22 5 18 0 19 0 7 0
22 18 5 17 3 14 0 15 23 8 13 0 0 1 0 0 7 16 0 19 0 4 21 20 0
16 19 2 12 7 22 0 5 18 0 8 0 9 0 14 11 0 21 10 4 25 1 6 0 24
0 4 0 11 20 16 0 2 0 7 3 5 17 18 0 25 0 6 24 0 0 23 14 8 0
6 0 24 25 0 0 11 0 4 20 0 2 12 0 16 9 0 14 15 23 17 18 0 3 5
10 6 0 4 0 0 0 20 21 11 12 7 18 16 5 0 9 24 0 14 23 22 0 17 3
5 0 7 0 12 0 23 0 0 17 0 8 1 14 24 19 0 2 20 21 4 6 10 25 13
24 14 0 1 0 0 0 13 6 25 11 20 19 21 2 23 17 0 3 0 0 0 5 12 0
2 0 0 19 11 0 18 0 0 12 0 3 23 22 15 4 25 0 13 6 1 0 24 0 8
0 22 0 23 0 24 1 8 14 9 0 13 0 6 10 18 12 5 0 0 19 0 2 11 20
9 8 0 24 14 25 10 1 13 6 0 4 2 0 11 15 22 0 18 3 0 0 0 16 19
0 20 0 2 21 12 5 0 7 0 22 18 15 0 17 10 6 25 1 13 24 0 9 14 23
25 13 1 10 0 11 2 0 20 21 16 19 0 0 12 24 0 0 23 8 0 0 0 0 18
17 3 18 15 0 9 0 23 0 14 6 1 10 13 25 0 0 12 19 7 2 0 11 21 4
0 7 19 5 0 0 15 18 3 22 14 0 24 0 9 2 21 11 4 20 0 13 25 6 1
0 0 0 14 23 0 6 9 24 1 4 0 21 10 20 22 0 3 0 5 0 2 7 19 0
3 5 12 22 18 8 0 17 15 23 1 9 6 24 13 16 19 7 11 2 21 0 20 4 25
7 2 0 16 19 0 0 12 5 18 23 17 14 15 8 21 4 20 25 10 6 24 13 1 9
13 24 9 0 1 20 21 0 10 0 0 11 16 2 7 14 23 8 17 0 22 0 0 18 12
0 10 25 0 4 7 16 11 2 19 18 12 22 5 0 6 0 13 9 0 14 15 8 0 0
