5
15 20 23 0 17 7 3 0 0 0 0 0 2 0 0 0 0 0 21 4 0 0 8 0 19
0 0 0 9 11 0 10 12 0 0 0 0 16 5 0 24 0 19 8 0 20 23 0 15 17
0 0 0 0 5 0 0 0 0 8 23 6 20 0 15 0 3 11 0 14 0 0 13 10 12
10 2 18 13 12 16 0 0 0 21 0 8 24 0 0 20 15 17 6 23 7 0 0 0 0
25 24 1 0 19 20 15 0 0 6 0 0 7 11 0 2 0 12 0 18 0 0 21 22 5
0 17 22 23 0 11 0 0 0 14 0 18 0 6 0 5 16 9 0 3 0 0 1 24 0
0 12 15 18 6 0 16 9 0 4 10 1 19 13 24 0 20 21 23 22 11 25 0 7 8
7 11 0 14 8 12 2 6 15 18 0 4 0 0 0 19 24 0 1 10 17 0 0 20 21
24 19 10 0 13 0 20 21 22 0 25 14 11 8 7 12 2 6 0 0 0 0 4 16 0
0 5 3 4 9 0 0 13 10 0 0 23 17 21 20 11 7 8 0 0 12 0 18 2 0
0 0 19 24 10 23 6 22 17 20 11 7 14 25 9 18 13 15 2 12 0 0 16 21 0
0 18 12 2 15 4 0 0 5 16 19 24 0 10 8 0 6 0 20 17 0 0 7 0 25
0 14 11 0 25 18 13 15 0 2 5 16 4 3 0 1 0 10 24 19 23 17 0 0 22
6 0 17 20 0 14 0 25 11 0 0 2 0 15 0 4 21 3 0 5 1 0 0 0 0
0 4 5 16 3 0 8 10 19 0 17 20 23 0 6 0 0 25 0 0 18 12 2 0 15
12 0 20 0 23 9 0 14 7 0 2 10 13 0 19 0 17 0 22 16 8 24 0 0 0
11 0 0 25 1 0 0 23 0 0 0 0 9 14 5 13 0 18 10 0 21 16 22 17 0
17 21 0 22 4 8 11 0 24 0 20 15 0 23 0 0 5 0 0 0 0 0 10 0 0
19 13 2 10 0 0 17 4 16 0 24 25 0 1 11 6 0 23 15 0 9 0 3 5 0
0 9 7 3 14 13 19 0 2 10 16 0 0 0 17 0 11 0 0 0 6 0 15 12 23
23 22 21 17 0 25 14 24 8 0 0 12 15 20 18 3 4 7 5 9 0 13 19 1 2
18 0 0 12 0 3 0 7 9 0 13 0 10 2 0 0 23 16 17 0 0 8 11 0 0
1 10 13 0 0 22 23 0 0 17 8 11 25 0 0 15 18 20 0 0 3 9 0 0 7
4 3 9 5 7 0 1 2 13 19 21 0 22 16 23 0 14 0 11 0 0 0 12 0 20
14 25 8 0 0 15 18 0 0 12 9 0 3 0 4 0 1 0 19 13 22 21 17 23 16
