4
12 9 0 0 16 14 15 0 1 7 10 8 0 5 0 0
4 0 5 13 0 0 0 8 9 3 0 0 11 15 16 14
0 0 15 0 0 0 6 0 2 13 0 4 0 10 1 0
0 1 10 0 0 13 5 0 0 14 0 0 12 6 0 3
3 5 9 4 10 0 0 14 6 12 0 7 13 2 15 11
0 0 0 12 0 0 0 0 10 8 16 0 3 0 5 4
14 10 0 8 0 0 9 3 15 11 0 0 0 0 6 12
13 15 0 11 0 12 1 0 5 4 9 3 14 16 10 8
15 0 0 0 0 9 3 0 0 0 13 5 10 0 0 1
10 12 0 1 11 2 0 5 0 16 14 15 0 0 4 9
0 0 3 9 8 16 14 0 0 1 0 0 5 0 11 2
0 0 0 0 0 0 0 10 4 0 3 6 15 14 8 0
0 0 0 0 0 0 0 0 3 0 0 1 0 11 0 0
0 0 11 0 0 6 12 0 0 5 0 0 0 0 7 10
1 0 12 0 0 0 0 0 0 10 8 0 0 4 13 0
16 7 0 0 0 5 0 0 0 15 11 2 1 0 0 6
