5
18 0 20 0 5 0 15 2 9 8 0 0 0 21 24 1 0 17 0 0 0 25 0 10 22
4 0 23 24 13 20 0 5 0 11 3 0 22 10 25 8 0 15 0 2 6 0 16 1 19
0 0 16 17 0 14 25 22 3 10 9 0 0 0 0 21 4 24 0 13 0 7 20 0 5
3 10 14 25 0 23 0 13 4 21 0 0 19 1 17 11 18 7 20 5 9 15 12 8 2
9 8 12 15 2 16 0 0 0 0 18 20 5 0 7 10 3 0 0 22 0 24 23 0 0
1 16 15 19 9 17 0 6 0 14 8 7 0 12 2 23 21 13 25 0 0 0 24 20 4
8 12 7 2 18 15 19 0 1 0 11 0 4 20 5 14 10 22 0 6 21 13 25 23 0
0 20 24 0 0 7 0 18 8 12 0 25 3 23 13 16 1 19 0 0 10 0 0 14 6
21 23 0 13 0 24 5 0 0 20 10 17 6 14 22 0 8 2 0 0 1 19 0 0 9
10 14 17 0 0 25 13 3 21 0 1 15 0 16 19 0 11 5 24 4 0 2 7 12 18
22 6 0 14 17 10 23 0 13 3 19 8 0 0 16 4 0 20 0 24 0 12 11 18 7
0 0 8 16 15 0 0 17 0 0 0 11 7 18 0 0 13 0 10 25 5 20 21 4 24
2 0 11 0 0 8 16 0 0 9 5 21 0 4 0 6 22 14 1 17 0 0 10 3 0
0 0 0 20 24 11 12 7 0 18 13 10 25 0 0 0 0 0 8 0 22 14 0 6 0
13 0 0 0 25 21 20 24 5 4 0 1 0 6 14 18 2 0 11 7 19 0 0 0 15
20 0 13 0 0 5 18 11 12 7 23 0 0 25 0 15 16 9 2 8 0 6 0 17 0
0 15 2 9 8 19 6 0 14 17 12 0 0 7 0 25 23 3 0 0 20 4 13 24 21
14 0 0 6 1 22 3 10 23 25 16 0 8 0 9 24 0 0 13 21 12 18 0 7 11
12 7 0 18 11 2 0 0 0 15 20 13 21 24 4 17 14 0 19 1 23 0 22 0 0
23 25 22 0 10 13 0 21 0 24 14 19 1 0 6 0 12 18 5 11 16 9 2 0 8
15 2 18 8 12 0 1 0 0 0 7 4 20 5 11 22 25 10 6 14 0 0 3 13 23
0 19 9 1 16 6 0 0 25 0 0 18 12 0 8 13 0 0 3 0 7 11 4 0 0
24 0 0 0 23 4 0 20 7 0 25 6 0 22 10 2 15 8 18 12 0 1 9 19 16
7 5 4 0 20 0 8 0 15 2 24 3 0 13 0 0 17 1 0 16 0 10 0 0 14
25 22 0 10 0 3 0 23 0 13 17 9 0 0 0 5 7 11 0 0 15 0 18 2 12
