5
13 25 3 8 18 0 0 0 10 0 0 6 2 0 0 4 12 9 21 5 0 19 15 0 14
20 0 16 6 2 15 19 1 0 22 23 0 0 0 17 0 13 18 25 3 5 12 0 9 21
19 14 22 15 0 0 13 0 25 3 5 4 9 21 12 7 0 24 10 0 16 0 0 2 0
0 10 23 7 24 4 12 9 21 5 22 15 0 0 0 6 20 0 0 16 3 0 8 18 25
12 21 5 4 9 6 20 2 11 16 3 8 18 25 0 0 19 1 14 22 23 17 7 24 10
21 3 0 13 4 0 11 6 23 2 18 20 0 16 0 12 0 0 5 1 24 10 0 0 0
10 22 0 0 7 13 0 4 0 0 1 12 0 5 14 0 11 6 0 2 18 25 20 8 0
14 5 1 12 15 0 25 8 0 0 0 0 4 3 21 19 10 0 22 0 2 11 17 6 23
11 0 0 17 0 12 14 15 5 1 24 19 7 22 10 0 25 0 0 18 9 21 0 0 3
25 0 18 20 8 19 0 7 22 0 2 17 6 23 11 13 21 4 3 0 1 14 12 15 0
0 4 12 3 21 23 2 0 6 20 13 16 0 8 18 5 1 14 15 0 17 0 0 10 0
1 0 19 0 14 0 18 25 8 0 0 3 21 4 9 22 24 10 7 0 20 2 23 0 0
18 8 13 0 0 22 24 0 0 17 0 0 0 6 0 3 9 0 4 12 19 1 0 14 0
24 0 17 0 10 3 0 21 4 12 19 5 0 15 0 0 0 0 0 20 13 18 16 0 0
2 6 0 23 0 5 1 14 0 19 17 0 0 7 24 16 18 25 8 0 12 9 3 0 0
0 24 6 10 0 21 5 12 0 15 7 14 19 0 22 11 0 20 2 8 0 3 25 13 18
5 0 0 21 12 0 0 20 0 0 4 25 0 18 3 14 22 0 1 7 6 23 10 17 24
22 0 7 14 19 25 3 13 18 4 15 21 12 0 5 10 0 17 0 0 8 16 11 20 2
3 18 4 25 13 10 23 17 0 0 8 11 0 2 16 21 5 0 9 15 0 22 14 19 1
16 2 8 11 20 14 0 19 1 7 6 0 17 24 23 25 3 13 18 0 15 5 21 12 9
15 0 14 0 0 2 8 0 20 25 21 18 3 13 4 0 0 0 0 0 11 6 24 0 0
0 0 0 1 0 18 4 3 13 21 14 9 0 12 0 0 0 23 17 11 0 0 2 16 0
0 0 25 2 16 1 7 22 0 10 0 24 23 0 6 18 4 3 0 21 14 15 9 0 0
4 13 21 0 0 24 6 23 17 11 25 2 16 0 8 9 15 5 12 14 0 0 0 0 19
6 17 11 0 23 9 0 0 0 0 10 1 22 19 7 2 0 16 20 25 21 4 0 3 13
