4
0 0 10 0 0 0 0 11 0 14 0 0 0 15 0 0
0 9 0 13 10 0 6 7 4 0 15 16 14 0 0 0
0 1 14 8 0 0 0 0 0 2 0 9 0 0 0 0
4 16 5 0 0 1 8 3 0 0 0 0 0 0 0 0
0 0 15 10 8 0 0 0 0 0 14 3 0 5 0 0
9 4 13 5 0 3 14 0 16 15 10 7 0 2 11 0
0 0 6 14 13 4 5 0 0 8 0 11 15 10 7 16
0 11 8 0 15 7 10 0 9 13 5 4 0 14 3 12
0 15 16 7 1 8 11 14 0 0 0 0 9 0 0 2
2 13 0 4 0 0 0 10 0 0 0 15 1 0 8 14
10 6 0 0 9 13 0 0 14 1 0 8 16 0 0 5
14 8 0 11 16 15 0 0 2 0 0 13 0 0 6 10
13 0 4 16 0 14 1 6 15 7 12 0 0 9 0 8
8 2 0 0 7 10 12 0 13 0 16 5 0 1 14 6
6 14 3 1 4 0 16 0 0 0 0 2 7 0 0 15
15 0 0 0 0 2 0 8 6 0 0 0 0 0 5 0
