10
0 51 0 27 65 0 98 26 71 0 30 22 75 76 67 17 57 0 72 10 81 0 97 24 19 16 34 96 54 0 0 82 43 85 86 0 0 61 68 0 0 0 62 0 9 0 63 90 45 79 0 0 88 4 50 5 12 18 0 2 0 14 0 40 25 0 49 6 8 35 0 39 28 77 7 0 91 29 11 0 33 38 0 0 0 13 87 58 21 60 52 56 73 95 41 44 69 89 42 48
30 22 75 76 0 17 57 92 0 10 0 78 97 0 19 16 34 0 54 36 99 0 0 0 86 0 94 61 0 0 15 83 62 66 9 1 0 0 0 79 84 3 0 4 0 5 12 18 53 2 74 14 93 40 0 55 49 6 8 0 0 0 28 77 7 20 91 0 11 80 0 38 70 0 31 13 87 58 0 0 52 56 73 95 41 44 0 0 0 48 0 51 0 27 0 0 98 26 0 0
0 78 97 24 19 16 0 96 54 0 99 82 43 85 86 0 0 61 0 32 15 0 62 66 9 1 63 90 45 79 84 3 0 4 50 0 0 18 53 0 74 0 93 40 25 55 49 6 0 35 37 0 0 0 7 20 91 29 11 80 33 38 70 0 0 13 0 58 21 60 0 0 0 95 0 0 69 89 0 48 0 0 46 0 0 47 0 26 71 23 30 22 0 76 67 17 0 92 72 10
99 82 43 85 86 64 0 61 68 32 15 83 62 66 9 1 63 90 45 79 84 3 0 0 50 5 12 0 53 2 0 14 93 0 25 55 0 6 0 35 37 0 28 0 0 20 0 0 11 80 33 38 70 0 31 13 87 58 21 60 0 56 73 95 41 44 69 89 42 48 59 51 46 27 0 0 98 26 71 0 30 0 75 76 67 17 57 92 0 10 81 78 0 24 19 16 34 0 54 36
15 83 0 0 0 1 63 0 0 79 84 3 88 4 0 5 0 18 53 2 74 14 93 40 25 0 0 6 8 35 0 39 28 77 0 20 91 29 0 80 33 0 70 0 31 13 87 58 21 0 0 56 73 95 41 0 69 89 42 48 0 51 46 27 0 0 0 0 71 0 30 0 75 76 67 0 57 92 72 10 81 0 0 24 19 16 0 96 54 36 99 82 43 85 86 64 94 61 68 0
84 3 0 4 50 5 12 0 0 2 0 14 0 40 25 55 49 6 8 35 37 0 28 77 0 20 0 0 11 0 33 38 70 100 31 0 87 58 21 60 52 56 73 95 41 44 69 89 42 48 59 51 0 27 65 0 98 26 71 23 0 22 0 76 67 17 57 92 0 10 81 0 97 24 0 0 0 96 54 36 99 82 43 85 86 64 94 61 68 32 15 83 62 66 9 1 0 0 45 79
74 14 93 40 25 0 0 6 8 35 37 39 28 0 0 0 91 29 0 80 33 38 0 100 0 0 87 58 21 60 52 56 73 0 41 44 69 89 42 0 59 0 46 27 0 47 98 0 71 23 30 22 75 76 67 17 57 0 72 10 81 0 97 24 0 0 34 96 54 36 99 82 43 0 86 64 94 0 0 32 15 83 62 66 9 1 63 90 0 79 84 3 88 4 50 5 12 0 53 2
0 39 28 0 7 20 0 29 11 0 33 38 70 0 31 0 87 0 21 60 52 56 73 95 41 44 69 89 42 48 59 0 0 27 65 47 98 26 71 23 30 22 75 76 67 17 0 92 0 10 81 78 97 24 19 16 34 96 54 36 0 82 43 85 0 64 0 61 68 32 15 83 62 66 0 1 63 90 45 79 84 3 88 4 0 5 12 0 53 0 74 14 93 40 25 0 49 6 0 35
0 38 70 100 31 13 87 58 21 0 0 0 73 95 41 0 69 0 42 48 59 51 46 0 0 0 98 0 71 23 30 22 75 76 67 17 0 92 0 0 81 78 97 24 0 0 34 96 0 0 99 82 0 85 0 64 94 0 0 32 0 83 62 66 9 1 63 90 45 79 84 0 0 4 50 5 0 18 53 0 74 14 93 40 25 55 49 6 8 35 0 39 28 77 0 20 91 29 0 80
52 56 73 95 41 0 69 89 42 48 59 51 46 27 65 47 0 26 0 23 0 22 75 76 0 17 57 92 72 0 0 78 97 24 19 16 0 96 0 0 99 82 43 85 0 64 94 61 68 0 15 83 0 0 9 0 63 90 45 0 84 3 88 4 50 5 12 0 0 2 74 0 93 40 25 0 0 6 0 35 0 39 28 0 7 20 0 0 0 80 33 0 0 100 31 13 87 58 21 60
27 65 47 0 26 71 23 59 51 46 0 67 17 0 92 72 0 30 22 75 24 19 16 34 96 0 36 0 78 97 0 86 64 94 0 0 32 99 82 43 66 9 1 63 90 45 79 0 0 62 0 0 5 0 18 53 2 84 3 0 40 25 55 0 6 0 35 0 14 93 0 0 20 0 29 11 0 37 0 0 0 31 13 87 58 0 60 33 38 0 95 0 0 69 89 0 48 52 56 73
76 67 17 57 92 72 10 30 22 75 0 19 16 34 96 54 0 0 0 97 0 0 64 0 61 68 0 99 0 0 66 9 1 63 90 45 79 15 83 0 4 50 5 12 18 0 2 0 0 88 40 25 0 49 6 8 35 74 0 0 77 7 0 91 29 11 80 37 39 28 0 31 13 87 58 21 0 0 38 70 0 41 44 69 89 42 48 52 56 73 27 65 47 98 26 71 23 59 0 0
24 19 16 34 96 54 36 0 78 97 85 0 64 94 0 68 32 0 0 43 66 0 1 0 90 45 79 15 83 62 4 0 5 12 0 53 2 84 3 0 40 0 55 49 6 0 0 74 14 93 77 0 0 91 29 11 80 37 0 28 100 0 0 87 58 21 60 33 38 70 0 41 44 0 0 42 48 52 56 73 0 65 47 0 26 71 23 59 51 0 0 67 17 0 92 72 10 0 0 0
0 0 64 94 61 68 0 99 82 43 66 9 1 63 0 0 79 15 0 62 4 0 5 0 18 0 2 84 3 88 40 0 0 49 6 0 35 0 14 93 77 7 0 91 29 11 80 37 39 28 100 31 13 87 58 0 60 0 0 70 0 0 44 69 89 0 48 0 56 0 0 65 47 98 26 71 0 59 51 46 76 67 0 0 0 72 10 0 22 75 24 19 16 34 96 54 36 81 78 0
0 9 0 63 0 0 0 15 0 62 4 50 0 0 18 53 2 84 3 88 40 25 55 49 6 8 0 0 0 93 77 7 0 91 29 11 0 0 39 28 100 31 13 87 58 21 60 33 0 0 95 0 0 69 0 42 48 52 56 73 27 65 47 98 0 0 23 59 51 46 76 0 0 0 92 72 10 30 0 75 24 0 0 34 0 54 36 81 78 97 0 86 64 0 0 68 32 99 82 43
4 50 0 12 18 53 2 84 3 0 40 25 55 0 0 0 35 74 0 93 0 0 20 0 29 0 80 37 39 0 0 31 13 87 58 21 60 33 0 70 0 41 44 69 89 42 48 52 0 0 27 65 47 98 0 71 23 59 51 0 76 0 17 57 92 72 10 30 0 0 24 0 16 34 96 54 0 81 78 97 85 86 64 94 61 68 32 99 82 43 66 9 1 0 0 0 0 0 0 62
40 0 55 49 0 8 35 74 0 0 77 0 20 0 29 0 0 37 39 28 100 31 13 0 58 21 60 0 38 70 0 0 0 69 0 0 48 0 0 73 27 65 47 98 26 0 23 59 51 46 76 67 17 0 92 72 10 30 0 75 24 19 0 34 96 0 0 81 78 97 0 86 64 0 61 68 32 99 0 43 0 9 1 63 90 45 79 15 83 62 4 50 0 12 18 53 2 84 0 88
77 7 20 91 29 11 80 37 39 0 0 31 0 87 0 21 60 33 38 70 95 41 44 69 89 42 48 52 0 0 0 65 47 0 26 71 0 59 0 46 0 67 17 0 0 72 10 30 22 75 24 19 16 34 96 54 0 81 78 97 85 86 64 94 61 0 32 99 82 0 0 9 1 0 0 45 79 15 83 62 0 50 5 12 18 53 2 84 0 88 40 0 0 0 6 0 0 0 14 93
100 31 13 0 0 0 60 0 38 0 0 41 0 0 0 0 48 52 56 73 0 0 47 98 26 71 23 59 51 46 76 0 17 57 0 0 0 30 22 75 24 19 16 34 96 54 36 0 78 97 85 86 0 0 61 68 32 0 82 0 66 9 1 63 0 45 79 15 83 62 4 50 5 12 18 53 0 84 0 0 40 25 55 49 6 8 35 74 0 93 77 7 20 0 0 11 80 37 0 0
0 41 44 69 89 42 48 52 56 73 27 0 0 98 26 71 0 0 51 46 0 67 0 57 92 72 10 0 22 0 0 19 16 34 96 54 0 81 78 97 85 0 64 94 0 68 32 0 0 43 0 9 0 0 90 45 79 15 83 62 4 50 5 12 0 53 2 84 3 88 40 25 0 0 6 0 35 74 14 93 0 0 0 0 29 0 80 0 39 28 100 31 13 87 58 21 60 33 38 0
98 0 71 23 59 51 0 27 0 47 57 0 72 10 30 22 75 0 0 17 34 96 54 36 0 78 97 24 19 16 94 61 68 32 0 0 43 0 86 64 63 90 45 79 15 83 62 66 9 0 12 0 53 0 0 3 0 4 50 5 49 0 0 35 0 14 93 40 25 55 91 0 11 80 0 39 0 77 0 20 87 0 21 60 33 38 70 100 31 13 69 0 42 48 0 0 73 95 0 44
57 0 72 10 30 0 75 76 67 17 0 96 0 0 81 78 0 24 0 16 0 61 68 32 99 82 43 85 0 64 0 90 45 79 15 83 62 66 0 1 0 18 0 2 84 3 88 4 50 5 49 6 8 0 74 0 93 0 0 0 91 29 11 80 37 39 28 0 7 0 87 58 21 60 33 0 70 100 31 0 69 0 0 0 52 56 73 95 41 44 98 26 0 23 0 0 0 27 65 47
0 96 54 36 81 78 0 24 19 0 0 61 68 0 0 82 43 0 0 64 0 90 45 79 15 0 62 66 9 1 12 18 0 2 84 3 0 4 50 0 49 0 8 0 0 14 0 40 25 55 91 0 11 80 37 39 0 77 7 0 87 0 21 60 33 38 0 100 31 13 0 0 42 48 52 56 73 95 41 0 98 0 71 0 59 51 46 0 0 47 57 92 0 10 0 0 0 76 67 17
0 61 68 32 0 82 0 85 86 64 63 90 45 79 15 83 62 66 9 1 12 18 53 2 0 3 88 4 50 5 0 6 8 35 74 0 93 0 25 55 91 29 0 80 37 39 28 77 0 0 0 58 21 60 33 38 0 100 31 13 69 89 0 0 52 56 73 0 41 44 98 26 71 0 59 51 0 27 65 47 57 92 72 10 30 22 75 76 0 0 34 0 0 36 81 0 97 0 19 16
63 0 0 79 15 83 62 66 0 0 12 18 53 2 84 3 0 0 50 5 49 6 0 35 0 14 0 0 0 55 91 0 11 80 37 39 28 77 0 0 0 58 21 60 33 38 70 0 31 0 69 0 0 48 52 0 73 95 41 44 0 0 71 23 0 0 46 27 65 47 57 92 0 0 30 22 75 76 67 17 34 96 54 0 81 78 97 24 19 16 94 61 0 32 0 82 43 85 0 64
12 18 0 2 84 0 88 4 50 0 49 6 8 0 74 14 93 40 25 55 91 29 11 80 37 39 28 77 0 20 0 58 0 0 0 38 0 100 31 0 69 0 0 48 52 56 0 95 41 44 0 26 71 23 0 51 46 27 65 47 57 92 72 10 30 0 0 76 67 17 34 96 0 0 81 0 97 24 19 16 94 61 0 0 99 82 0 0 86 0 63 0 45 0 15 83 0 66 0 1
49 6 8 0 74 14 93 40 25 0 0 29 11 80 37 0 28 77 7 20 87 58 21 60 33 38 0 100 0 13 69 89 42 48 52 0 73 0 0 0 98 0 0 23 59 51 46 0 0 47 57 92 72 0 30 22 75 76 67 17 34 96 0 36 0 78 97 24 19 16 0 61 0 0 0 0 0 85 86 0 63 90 0 79 15 83 0 66 9 0 12 18 53 2 84 3 0 4 50 5
91 29 0 80 37 39 28 0 7 20 87 0 21 0 0 38 0 100 31 0 0 89 42 0 52 56 73 95 41 44 98 26 0 23 59 51 0 0 65 47 57 0 72 10 30 22 75 76 67 17 0 96 0 0 81 78 0 24 19 0 0 61 0 32 99 82 43 85 86 64 63 90 45 79 15 83 62 0 9 1 12 18 53 2 0 3 88 4 50 5 49 6 0 0 74 14 0 40 25 55
87 0 21 60 33 38 70 0 31 13 69 89 42 48 52 56 0 95 41 44 0 0 71 23 0 0 46 0 65 47 57 92 72 10 30 0 0 76 67 0 34 96 54 36 81 0 0 24 19 16 0 61 68 0 99 82 43 85 86 64 63 90 45 79 15 83 62 66 9 1 12 18 53 0 84 3 88 4 50 0 0 6 8 35 74 0 93 40 25 55 91 0 0 80 37 39 0 77 7 0
0 0 42 0 52 56 0 95 41 44 98 0 71 23 59 51 46 0 65 0 57 0 72 10 0 22 0 76 67 17 34 96 54 36 81 78 0 24 19 16 0 0 0 0 99 82 0 0 0 64 63 90 45 79 15 83 62 66 9 1 12 18 0 0 84 3 88 0 50 5 49 6 8 35 74 0 93 40 25 55 91 29 11 0 37 0 28 77 7 20 0 58 21 60 33 0 0 0 31 0
23 59 51 46 27 65 47 98 26 71 10 0 22 75 76 67 0 57 92 0 36 81 0 97 0 19 16 34 96 54 0 0 82 43 85 86 64 94 61 68 0 15 0 62 66 0 1 0 90 0 2 84 3 88 0 50 5 12 0 0 0 74 14 0 40 0 55 49 0 8 80 0 39 28 0 7 0 91 29 11 60 33 38 70 100 31 13 0 58 21 0 52 56 0 95 0 44 69 89 42
0 30 22 0 0 0 0 0 92 0 36 81 78 97 24 19 16 34 96 54 32 99 0 43 85 86 64 0 61 68 79 15 83 62 66 9 1 63 90 45 2 84 0 88 4 50 5 12 18 53 0 74 0 0 40 25 55 49 6 8 0 37 39 0 77 7 20 0 29 11 60 33 38 70 0 31 13 87 58 0 48 52 56 73 95 41 44 69 89 0 23 59 51 0 27 65 47 0 26 71
36 81 0 97 24 19 16 34 0 0 32 99 82 43 0 86 0 94 61 68 79 15 83 0 66 0 1 63 90 45 0 84 3 88 0 50 5 0 18 0 0 74 14 93 40 25 55 0 6 8 0 37 39 0 77 7 20 91 29 0 60 0 0 70 0 0 0 87 58 21 48 52 56 73 0 41 44 69 89 42 23 59 0 46 27 65 0 0 26 71 10 30 22 75 76 67 17 57 92 72
32 99 82 0 0 86 64 94 61 68 0 0 83 62 0 9 1 63 0 45 0 84 3 88 0 50 5 12 18 53 0 74 0 93 40 25 0 0 6 0 80 37 39 28 77 7 20 91 29 11 0 0 0 70 0 31 0 87 58 0 48 52 56 73 95 41 44 69 89 42 0 59 51 46 27 0 47 98 0 71 0 30 22 0 76 0 17 57 92 72 0 81 78 97 24 19 0 34 0 54
79 15 0 0 0 9 1 63 90 45 2 84 3 0 4 50 5 0 0 53 0 0 14 93 40 25 55 0 0 8 80 0 0 28 0 7 20 91 29 11 60 33 38 70 0 31 0 87 58 21 48 52 0 73 95 41 44 69 89 0 23 59 51 46 27 65 47 98 0 0 10 30 22 75 76 67 0 57 0 72 36 0 78 0 24 19 16 34 96 0 32 99 0 43 85 86 64 0 61 0
0 84 3 0 4 0 5 0 0 0 35 74 0 93 40 25 55 0 6 8 80 37 0 28 77 7 0 91 29 0 60 0 38 0 0 31 13 87 0 21 48 0 0 73 95 41 44 0 89 42 23 59 0 0 27 0 47 98 26 0 10 30 22 75 76 67 17 57 92 72 0 0 78 97 0 19 16 0 96 54 32 0 82 43 85 86 64 94 61 0 79 0 83 0 66 9 1 63 90 45
35 0 14 93 40 25 0 49 6 8 0 37 39 28 77 7 20 91 29 11 60 0 0 70 100 31 13 87 58 21 0 52 0 0 95 0 44 69 89 42 23 59 51 46 27 65 47 98 26 71 0 0 22 75 76 67 17 0 92 72 36 81 78 97 24 19 16 34 96 0 32 99 82 0 85 86 64 94 61 68 79 0 83 62 66 9 1 0 90 45 2 84 3 0 4 0 0 12 18 53
80 37 0 28 77 7 0 91 29 0 60 33 0 0 100 31 13 87 0 21 0 0 56 73 0 41 44 69 89 0 23 0 51 0 0 65 47 98 0 71 0 30 22 75 0 0 17 57 92 72 0 0 0 97 24 0 16 34 96 54 32 99 82 43 85 0 64 0 61 68 79 15 0 62 0 9 1 63 90 0 2 84 3 88 4 50 5 12 18 53 0 74 14 0 40 25 55 49 0 8
0 33 38 0 100 31 13 87 58 0 48 52 0 73 95 41 0 69 0 0 23 0 0 46 27 65 47 98 26 0 10 0 0 75 76 0 17 57 92 72 0 0 0 97 24 0 16 34 96 54 0 99 82 43 85 86 64 94 0 68 79 0 0 62 66 0 1 0 90 45 2 84 3 88 4 0 5 0 18 0 0 74 14 93 40 25 55 49 6 0 80 0 39 0 77 7 20 0 29 11
0 0 0 73 95 41 0 69 89 0 23 0 51 46 0 0 47 98 26 0 10 0 22 75 0 67 17 57 0 0 36 81 78 97 24 19 0 0 96 0 32 99 82 43 85 0 64 94 61 68 0 15 83 62 66 9 1 63 0 45 2 84 3 88 4 0 0 12 18 0 35 74 14 93 0 25 55 49 6 0 80 0 39 28 77 7 20 91 29 0 60 33 0 70 100 0 13 0 0 21
0 27 0 47 0 26 71 23 59 51 0 0 0 0 0 0 0 0 30 0 97 0 19 16 0 0 54 36 81 78 43 85 86 0 94 61 0 32 99 0 0 66 9 1 63 90 0 79 15 83 88 4 50 5 12 0 53 0 0 0 93 40 25 55 49 6 8 35 0 14 28 77 7 20 91 29 11 80 37 0 70 100 31 13 87 0 21 60 0 38 73 95 41 0 69 0 42 48 52 56
0 76 0 17 0 92 72 10 30 22 97 24 19 16 34 96 54 0 81 78 43 0 86 0 94 61 68 32 99 82 62 66 9 1 63 90 0 79 15 0 88 4 50 5 12 18 0 2 84 3 0 40 0 55 49 6 8 0 74 14 28 77 7 20 0 29 0 80 37 39 70 100 0 13 87 0 21 0 33 38 0 0 0 44 69 89 42 48 52 0 0 27 65 0 98 26 0 23 59 51
97 0 0 0 34 96 54 36 81 78 43 0 0 0 0 61 68 32 99 82 0 0 9 1 63 90 45 79 15 0 88 4 50 5 12 18 53 2 0 3 93 40 25 55 49 6 8 0 74 14 28 77 7 20 91 29 0 80 37 39 70 0 31 0 0 58 0 60 33 0 73 0 41 44 69 89 42 0 52 56 0 27 65 47 98 26 71 23 59 0 75 76 67 17 0 92 72 0 30 22
43 85 0 64 0 61 68 32 99 82 0 66 0 1 0 90 45 79 15 0 88 4 0 0 0 18 53 0 84 0 0 40 0 0 49 0 8 35 74 14 28 77 0 20 0 29 0 80 37 39 70 100 31 13 87 0 21 0 33 0 0 0 41 0 0 0 0 48 52 56 46 27 65 47 98 0 71 0 59 51 75 0 67 17 57 92 72 10 30 22 0 24 19 16 34 0 54 36 0 0
0 66 9 0 63 90 45 0 0 83 88 4 50 5 12 18 0 2 84 3 93 0 0 0 49 0 8 35 0 14 28 77 7 20 91 0 11 80 37 39 70 100 31 13 87 58 21 60 33 38 73 0 41 0 69 89 42 48 0 0 46 27 0 0 98 26 0 23 59 51 75 76 67 17 57 92 72 10 0 0 0 24 19 0 34 0 54 36 0 0 43 85 86 64 94 61 0 32 0 82
88 4 50 5 12 18 53 0 84 3 93 40 25 0 49 0 8 0 0 14 28 0 0 20 91 29 11 80 0 0 0 100 0 13 0 58 21 0 33 38 0 0 0 44 69 89 42 48 0 56 46 27 65 0 0 26 71 23 59 51 75 76 67 0 0 0 72 10 0 22 97 0 19 0 34 96 0 36 81 78 43 0 86 64 94 61 68 32 0 82 62 66 0 0 63 0 0 79 15 83
93 40 0 55 0 6 0 35 74 0 0 0 7 20 91 0 11 80 0 39 0 100 31 13 87 0 21 0 33 38 73 0 41 44 0 89 42 48 52 0 0 0 65 47 98 26 71 0 0 0 75 0 67 0 0 92 72 10 30 0 97 24 0 16 0 0 54 36 81 0 43 85 86 64 0 61 68 32 0 82 62 66 9 1 63 90 45 0 0 83 88 0 0 0 12 18 53 2 0 0
28 77 0 20 0 29 11 80 37 39 70 100 31 13 87 0 0 60 33 38 73 95 41 0 69 89 42 0 52 0 46 0 65 47 0 0 71 23 59 51 75 76 0 0 57 92 72 10 30 0 97 24 0 16 34 0 54 36 81 78 0 85 86 64 94 61 0 32 99 82 62 0 9 0 63 0 45 79 0 0 0 4 0 5 0 0 53 0 0 3 0 0 25 55 49 6 8 35 74 0
70 100 31 13 0 58 0 60 33 38 73 95 0 44 69 0 42 48 52 0 0 27 65 47 0 26 0 23 59 51 75 76 67 17 57 92 72 0 30 22 97 24 19 16 34 96 54 0 81 78 43 0 0 64 94 61 68 32 0 0 62 0 0 1 63 0 45 79 15 0 0 0 50 5 12 0 0 2 84 3 93 0 25 55 49 0 8 35 74 14 0 77 7 0 91 29 11 80 37 39
73 0 41 44 69 0 0 48 52 0 46 27 0 47 98 0 71 23 0 51 75 0 67 17 57 92 72 0 30 0 97 24 19 16 0 96 0 0 81 78 43 85 0 64 94 61 0 0 99 82 62 66 9 0 0 90 45 79 15 83 88 0 0 5 0 0 0 2 0 3 0 0 25 55 49 6 0 35 74 14 28 0 7 0 0 29 0 80 37 39 70 0 31 13 0 58 0 60 33 38
47 98 0 71 0 59 51 46 27 0 17 57 92 72 10 30 0 75 0 67 16 34 0 54 36 81 78 97 0 0 0 94 61 68 32 99 82 43 0 86 0 0 0 45 79 15 83 62 0 0 0 12 18 53 2 84 3 88 4 50 55 49 0 8 0 74 14 93 40 25 20 91 29 0 0 0 39 0 77 7 13 87 58 21 60 33 38 70 100 31 44 0 89 0 48 52 0 0 95 41
17 0 92 0 10 30 0 75 76 67 0 34 0 54 36 81 0 97 24 0 64 0 0 68 32 99 0 0 85 86 1 63 0 0 79 15 83 62 0 9 5 0 18 53 2 0 3 88 0 0 55 49 6 8 35 74 0 0 0 0 20 0 0 11 0 37 0 28 0 7 13 87 58 21 60 33 38 70 100 31 44 0 89 42 0 52 56 0 95 0 47 98 26 71 23 59 51 0 27 65
0 34 96 54 0 0 78 0 24 19 0 0 61 68 0 99 82 0 0 86 0 63 0 45 0 15 83 62 66 9 0 12 18 0 0 84 3 88 4 50 55 49 0 8 35 74 14 0 40 25 20 0 0 0 80 37 0 0 77 7 0 87 58 21 0 33 0 70 100 0 0 0 89 0 48 52 0 73 95 0 47 98 0 0 23 59 0 46 27 0 17 0 92 72 10 0 22 75 76 0
0 94 61 68 32 99 82 43 85 0 0 63 90 45 0 0 83 62 66 9 5 12 18 0 2 84 3 88 0 50 55 49 6 8 35 74 0 93 40 25 20 91 29 0 0 0 0 28 0 7 13 0 58 21 60 33 38 0 100 31 44 0 89 0 48 52 0 73 95 41 47 0 26 71 23 59 51 46 0 65 0 57 92 72 10 30 22 75 76 0 16 0 96 54 36 81 78 97 24 0
1 63 90 45 79 15 83 0 66 9 0 0 18 53 0 0 3 88 4 50 0 49 6 8 35 74 0 0 40 25 20 91 29 11 80 37 39 28 77 7 13 0 58 21 60 33 0 70 100 0 44 69 89 0 0 0 0 73 0 0 0 0 0 71 0 59 51 46 0 65 17 57 92 72 10 0 22 75 0 67 16 34 96 0 0 81 78 97 24 19 0 0 61 68 0 99 82 0 0 86
5 12 18 53 2 84 0 88 4 0 55 49 6 0 0 74 14 0 0 25 20 91 29 0 0 37 39 28 77 7 13 87 58 21 60 33 0 70 0 31 44 69 89 42 48 52 0 73 0 41 0 0 0 71 23 0 0 46 0 65 17 57 92 72 0 30 22 75 76 0 0 0 96 0 36 81 78 97 24 0 64 94 61 68 32 99 82 43 85 86 1 63 90 0 79 15 0 62 0 9
55 0 0 8 35 74 14 93 40 25 20 91 29 11 80 37 39 28 77 7 13 87 58 21 60 33 38 70 100 0 44 69 89 42 48 52 0 73 95 41 0 98 26 0 0 59 51 46 0 0 17 0 92 72 0 30 22 75 0 67 16 34 0 54 36 81 78 97 24 0 64 0 61 68 32 0 0 43 85 86 1 63 0 0 79 0 83 62 66 9 5 0 0 53 2 84 0 88 4 50
20 0 29 11 80 37 39 0 77 0 13 87 0 21 0 0 38 0 100 31 44 69 89 42 48 52 56 0 95 41 0 98 26 71 23 59 51 46 27 0 17 57 0 72 0 30 0 75 0 0 0 0 96 0 36 81 78 97 24 19 64 94 0 68 32 99 82 0 85 86 1 0 90 0 0 15 0 0 0 9 0 12 18 0 2 84 3 88 0 0 55 49 6 8 0 74 14 93 0 25
13 87 0 21 60 33 0 70 100 31 44 69 89 42 48 52 56 73 0 41 0 0 0 71 23 59 0 0 27 65 0 57 0 0 10 0 0 0 76 67 16 0 0 0 36 81 78 97 24 19 64 0 61 68 0 99 82 0 85 0 1 0 0 45 79 15 83 0 66 9 5 12 18 53 2 84 3 0 4 0 55 49 6 8 0 74 14 93 0 25 20 91 29 11 80 37 39 0 77 7
44 69 89 42 48 52 56 0 0 41 0 98 0 71 23 0 51 0 27 0 17 57 0 0 10 0 22 0 76 67 0 0 96 54 0 0 78 97 24 19 64 94 61 68 32 99 82 43 85 86 0 0 0 45 0 15 83 0 66 9 5 12 0 53 0 84 3 88 4 50 55 49 6 0 35 74 14 0 40 25 20 0 0 11 80 37 0 28 77 7 13 0 58 0 60 33 38 70 100 31
0 23 59 51 0 0 65 0 98 26 72 10 30 22 0 0 0 0 57 0 0 36 81 0 97 24 19 16 34 96 68 0 0 0 43 85 86 64 94 0 45 79 0 0 0 0 9 1 63 90 0 2 0 3 88 4 50 5 12 18 8 35 74 14 0 40 25 55 49 6 0 0 37 39 28 0 7 20 91 0 21 60 33 38 0 100 31 0 87 0 42 48 52 0 73 0 0 44 69 89
72 10 30 22 75 76 0 0 0 92 0 36 0 78 97 0 19 16 34 96 68 0 0 82 43 85 86 0 94 0 0 0 0 83 0 66 9 1 63 90 53 0 84 0 0 4 50 5 12 18 8 0 74 14 93 40 0 55 49 0 0 80 0 0 28 0 7 20 91 29 0 60 33 38 70 100 31 13 87 58 42 0 52 56 73 0 41 44 69 89 71 23 59 51 46 0 65 0 0 26
0 36 81 0 0 24 19 0 34 96 68 32 0 82 0 0 86 0 0 61 0 0 0 83 62 66 9 1 63 90 53 2 84 3 88 4 50 5 12 0 8 35 0 0 0 40 25 55 49 6 0 0 37 39 0 77 7 20 91 29 0 60 0 38 70 100 31 0 0 0 42 48 52 56 73 95 0 44 0 89 71 23 59 51 46 27 65 47 98 26 72 10 30 22 75 0 67 17 0 92
68 32 99 82 0 85 86 64 94 61 0 79 15 0 0 66 9 1 63 90 53 0 84 0 0 4 50 0 0 18 8 35 74 14 93 40 25 55 49 6 11 0 37 39 28 77 7 20 91 29 0 60 33 38 70 100 31 13 87 58 42 0 52 0 73 95 0 44 69 89 71 0 0 51 46 27 0 47 98 26 0 0 30 22 75 76 67 17 57 92 54 36 81 78 0 0 19 16 0 96
45 0 15 83 62 0 9 0 0 0 53 2 84 0 88 0 0 5 12 0 0 35 74 14 93 0 25 55 49 6 11 80 37 39 28 77 0 20 91 29 21 0 33 38 70 0 31 0 87 58 42 48 52 56 73 95 0 44 0 89 0 23 0 51 0 27 65 0 0 0 72 10 30 22 0 76 67 17 0 92 54 0 81 78 0 0 19 16 34 96 68 32 99 82 43 85 86 64 94 61
53 2 84 3 0 4 50 5 0 18 0 35 74 14 93 40 0 55 49 6 11 80 37 0 28 0 7 20 91 29 0 60 33 38 70 100 31 13 0 58 42 48 52 56 73 95 41 44 69 0 71 0 59 0 46 27 65 47 98 0 72 10 0 22 0 0 0 17 57 92 0 0 81 0 97 24 19 16 34 96 68 0 0 82 43 85 0 0 94 0 0 79 15 83 62 66 9 0 63 90
0 35 74 0 93 40 25 55 49 6 11 0 37 39 28 0 7 20 91 29 21 60 33 38 70 100 31 13 87 0 42 0 52 56 73 0 41 0 69 0 71 23 59 51 0 27 65 47 98 0 72 0 30 22 75 76 67 17 0 92 54 36 81 0 97 24 19 16 34 96 68 32 0 82 43 85 86 64 0 61 45 79 15 0 0 0 9 1 0 90 53 2 84 3 0 0 50 5 12 18
11 80 37 39 28 77 7 20 0 29 0 0 0 0 70 100 0 13 87 58 42 0 52 56 73 95 41 44 69 0 71 0 59 51 46 27 65 47 98 26 72 10 30 22 75 76 67 17 0 0 54 36 81 78 97 24 19 0 34 96 68 0 99 82 0 0 86 0 94 61 45 79 15 83 62 0 9 1 63 0 0 2 84 3 88 0 50 0 0 18 8 0 0 14 93 40 25 55 49 6
21 60 0 38 70 100 31 13 87 58 42 0 0 56 73 95 41 44 69 89 0 0 59 51 46 27 65 47 98 26 72 0 30 0 75 76 67 17 57 92 54 36 81 78 0 24 19 0 34 0 0 32 99 82 43 0 86 0 0 61 45 79 15 0 62 66 0 1 63 0 0 2 84 3 88 4 0 5 12 18 0 35 0 0 93 40 25 55 49 6 11 80 37 39 28 77 0 20 91 29
42 48 52 56 0 0 41 44 69 0 71 23 59 51 0 0 65 47 0 26 0 10 30 0 0 76 67 0 0 92 54 36 81 78 97 24 0 16 34 96 68 32 0 0 43 85 86 0 0 61 45 79 15 0 0 0 0 1 63 0 53 2 84 0 0 4 50 0 12 0 0 35 74 14 93 40 0 55 49 0 11 80 37 39 28 0 7 20 91 0 21 60 33 38 70 0 31 13 0 0
51 46 0 65 0 0 0 71 23 0 0 75 76 67 17 57 92 72 10 0 78 0 24 0 0 34 96 54 36 81 82 43 0 86 64 94 0 68 32 0 83 62 66 9 1 0 90 45 79 0 3 88 4 50 0 12 18 0 2 84 14 0 40 25 55 0 6 0 35 74 39 28 77 7 0 91 0 11 0 37 38 0 100 31 0 87 58 21 60 0 56 73 95 41 44 69 89 42 48 0
22 75 76 67 0 57 92 72 10 0 78 0 0 0 16 34 96 0 36 0 82 0 85 86 0 94 0 68 32 99 0 62 66 9 1 0 90 45 0 15 0 88 4 50 5 12 18 0 2 84 0 0 0 25 0 49 6 8 0 74 0 28 0 0 0 91 0 11 0 37 38 70 0 31 13 0 0 0 60 33 56 73 95 0 44 69 89 42 48 0 0 46 0 0 0 98 26 71 23 59
0 97 24 19 16 0 96 54 36 81 82 43 85 0 64 94 0 68 32 0 83 62 0 9 1 0 0 45 79 15 3 0 4 0 0 12 18 53 0 84 0 93 40 25 55 49 6 0 35 0 39 28 77 7 0 91 29 11 80 0 0 70 100 31 13 87 58 21 0 0 56 0 95 41 44 69 89 42 48 52 51 46 27 65 47 98 0 71 23 59 0 75 0 67 17 57 0 72 0 30
82 0 85 86 64 94 61 68 32 99 83 62 66 0 1 0 90 45 79 15 3 88 4 50 5 0 18 53 2 84 0 93 40 25 55 49 6 0 35 74 39 28 77 7 20 91 0 11 80 37 38 70 100 0 13 87 58 0 0 0 56 0 95 41 44 69 89 42 48 52 51 46 0 65 0 98 26 0 23 0 0 75 76 0 17 57 92 0 0 30 78 97 24 19 16 34 96 54 36 81
83 0 0 9 1 63 90 45 79 15 3 88 0 50 5 0 18 53 2 84 14 93 40 25 55 49 6 8 0 74 0 28 77 7 0 91 29 11 0 37 0 0 100 31 13 0 0 21 60 0 56 73 0 41 44 69 89 42 0 52 51 46 0 65 47 0 26 0 0 59 0 0 0 67 17 57 0 0 10 30 0 0 24 19 16 34 96 54 36 81 82 0 85 86 64 0 0 68 32 99
0 88 4 0 5 12 0 53 0 84 14 0 0 0 0 49 6 0 0 74 39 28 77 7 0 91 29 11 80 37 0 70 100 0 13 87 58 21 60 33 56 73 0 0 44 69 89 0 0 52 51 46 27 65 0 98 0 71 23 59 22 75 0 67 17 57 92 72 0 0 0 0 0 19 16 34 96 54 36 81 82 43 85 86 64 94 61 68 32 0 83 62 66 9 1 63 90 45 79 15
14 0 40 25 55 49 6 8 0 74 39 28 77 7 20 91 29 11 80 37 38 70 0 31 13 87 58 21 0 33 0 73 0 0 44 0 89 0 0 52 51 46 27 0 47 98 0 0 0 59 0 75 0 0 17 57 92 0 10 30 78 97 24 19 16 34 96 54 0 0 0 0 0 86 64 94 61 68 0 0 83 0 66 9 1 63 90 45 79 15 3 88 4 0 5 12 18 53 0 0
39 28 77 0 20 91 29 11 0 37 38 70 100 0 0 87 58 21 0 33 0 73 95 41 44 69 89 0 48 52 51 46 27 0 47 98 0 0 23 0 0 75 0 67 17 57 92 72 10 30 0 97 24 0 16 0 0 54 36 81 82 43 85 86 0 0 0 0 32 0 0 0 0 9 1 63 90 45 0 15 3 88 4 50 5 12 18 0 2 84 14 93 40 25 55 49 6 0 0 74
38 70 100 31 0 0 58 21 0 0 56 73 95 41 44 0 89 42 48 52 0 46 27 65 0 98 26 0 23 59 22 0 0 67 17 57 92 72 10 30 78 97 24 19 0 0 96 0 0 81 82 43 0 86 0 94 0 0 0 99 83 62 66 9 0 63 90 45 79 0 3 88 4 50 5 0 18 53 2 0 14 93 40 25 0 49 0 8 0 74 39 28 77 7 0 91 29 11 80 37
0 73 0 41 44 69 0 42 48 0 51 46 27 65 47 98 26 71 23 0 22 75 76 0 0 57 0 72 0 0 78 97 24 0 16 34 96 54 36 81 0 43 85 86 64 0 61 0 32 99 83 62 66 9 1 63 90 0 79 15 3 88 4 50 5 0 18 53 2 84 0 93 40 25 55 49 6 8 0 74 39 0 77 0 20 91 0 11 80 37 0 0 100 0 13 87 58 21 0 33
65 47 98 26 71 23 0 51 46 27 67 17 57 92 72 10 0 0 75 76 0 16 34 0 54 36 0 0 0 24 0 64 0 61 68 32 99 82 43 0 9 1 63 90 45 0 15 83 62 0 50 5 12 18 0 2 84 3 0 4 25 55 0 6 8 0 74 14 93 40 7 20 0 29 0 0 37 0 28 77 31 0 87 58 21 60 33 38 0 100 0 44 0 89 42 48 52 56 73 95
67 17 57 92 72 10 0 22 75 0 19 16 0 96 54 36 0 0 0 24 86 0 94 61 68 32 99 0 0 85 9 1 0 90 45 0 15 83 62 66 0 0 12 18 53 2 0 3 0 4 25 55 49 6 0 0 74 14 0 0 7 20 0 29 11 80 37 39 0 77 31 13 0 58 21 60 33 38 70 100 41 44 0 89 42 0 52 0 73 95 65 0 98 26 0 23 59 0 46 27
19 16 0 0 54 36 81 78 97 24 86 0 94 61 68 32 99 82 43 0 0 0 63 90 45 79 15 0 62 0 0 0 0 18 0 2 84 3 88 4 25 55 49 6 0 35 74 14 93 40 7 20 91 29 11 80 37 0 28 0 31 13 0 58 21 0 33 38 70 100 0 0 69 89 42 48 52 56 0 0 65 0 0 0 71 23 0 51 46 0 67 0 57 92 72 10 0 0 0 0
86 64 0 61 0 0 99 82 43 85 9 1 63 90 0 0 0 0 62 66 50 5 12 18 0 0 84 3 0 4 25 55 49 6 0 35 0 0 93 0 7 20 0 29 11 0 37 39 28 0 0 13 87 58 21 0 33 38 70 100 41 44 69 89 42 48 52 0 73 95 65 0 0 26 71 23 0 51 0 27 67 17 57 92 72 0 0 22 75 0 19 16 0 0 54 36 81 78 97 24
9 1 63 90 45 0 15 83 62 0 50 0 12 18 53 2 0 3 88 4 25 55 49 6 0 35 74 0 93 40 7 20 91 0 11 80 0 0 28 77 0 0 0 0 21 60 33 38 70 100 41 44 69 0 42 48 52 0 73 95 65 47 98 26 71 23 59 51 46 27 67 0 0 0 0 10 30 22 75 0 19 16 34 96 54 36 81 78 97 24 86 64 94 61 0 32 99 0 43 85
50 5 12 18 53 0 0 3 88 4 25 55 49 6 0 35 74 14 0 40 7 20 91 29 11 80 37 39 28 77 31 13 87 58 21 60 0 0 70 100 41 44 69 89 42 48 0 56 0 95 65 47 0 0 0 23 59 51 46 27 67 17 57 92 72 10 30 0 0 0 19 0 34 96 0 36 81 78 97 0 86 64 94 61 68 32 99 82 0 0 9 1 63 90 45 79 15 0 62 0
25 55 49 6 0 35 74 0 93 40 0 20 91 0 0 80 37 0 28 0 31 0 0 58 0 0 33 38 70 100 0 44 0 0 0 48 52 0 73 0 65 47 98 0 71 23 59 51 46 27 67 17 0 92 0 10 30 22 75 0 19 0 34 0 0 36 81 78 0 24 86 64 94 61 68 0 99 82 43 0 9 1 63 90 45 79 15 83 0 66 50 5 12 18 53 0 84 3 88 4
0 20 91 29 0 80 0 39 28 77 0 13 87 0 21 60 33 38 70 100 41 44 69 0 0 48 52 56 73 95 65 0 98 26 71 23 59 51 46 27 67 0 57 92 72 0 30 0 75 76 19 0 34 96 54 36 81 78 0 24 0 0 0 61 68 32 99 82 43 0 0 1 63 90 45 79 15 83 0 0 0 5 12 18 53 0 0 0 0 4 25 55 0 0 8 0 0 14 93 40
31 0 0 58 21 60 0 0 70 100 0 0 0 0 42 48 52 56 73 0 0 47 98 26 0 23 59 51 46 27 67 0 57 92 0 10 0 22 0 76 0 16 34 96 0 36 0 78 97 24 0 0 94 0 68 32 99 82 43 85 9 1 0 90 45 79 15 83 62 0 50 0 12 18 53 2 0 0 0 4 25 55 49 6 8 35 74 0 93 40 0 0 91 29 11 0 37 39 28 77
41 44 69 89 42 0 52 56 73 0 0 0 98 26 71 0 59 51 46 27 67 17 0 92 72 10 0 0 75 76 19 16 34 96 0 0 81 0 97 24 86 64 94 0 68 32 0 82 43 0 9 1 0 90 0 79 15 83 62 0 50 5 0 18 53 2 0 0 88 4 0 55 0 6 8 35 74 14 93 40 0 20 0 29 11 80 37 0 28 77 31 13 87 0 21 60 33 38 70 100
26 71 23 59 51 46 27 0 0 98 92 72 10 30 22 75 76 67 0 57 96 54 0 0 78 0 24 19 16 34 61 68 32 0 82 43 85 86 0 0 0 0 79 15 0 62 66 9 0 0 0 53 2 0 3 88 0 0 5 12 6 8 35 74 14 93 40 25 0 49 0 11 80 37 0 28 0 7 20 0 58 0 60 0 38 70 100 0 13 87 89 0 48 52 56 0 95 41 0 0
0 72 10 0 22 75 76 67 0 57 96 54 36 81 78 97 24 19 16 0 61 0 32 99 82 0 85 86 64 94 90 0 79 15 83 62 66 9 0 63 18 53 0 84 3 88 0 50 5 12 6 8 0 74 14 0 40 25 55 49 29 11 80 37 39 28 77 7 20 0 58 21 0 0 38 70 100 31 0 87 0 42 48 52 56 73 95 0 44 69 0 0 0 59 51 0 27 0 47 0
0 54 0 0 0 97 0 19 16 34 61 68 32 99 82 43 0 86 64 94 0 45 79 15 83 62 66 9 1 63 18 53 2 84 3 88 4 50 5 12 6 0 0 74 14 93 40 0 0 49 29 11 80 37 39 28 77 7 20 91 58 21 0 0 38 0 100 31 13 87 0 0 48 0 0 73 95 41 44 0 26 71 23 59 51 0 0 65 47 0 0 0 10 30 22 75 76 0 17 57
61 68 32 99 0 43 85 86 64 94 90 45 79 15 83 0 66 9 1 63 18 0 0 84 3 88 4 50 0 12 6 8 35 74 0 93 40 25 0 0 29 0 0 37 0 28 77 0 20 91 58 21 60 0 0 70 100 31 13 87 0 42 48 0 56 73 95 0 44 69 26 71 23 59 51 46 27 65 0 98 92 72 10 30 0 0 76 67 17 57 96 54 36 81 78 0 24 19 16 0
90 45 0 15 83 62 0 0 1 63 18 53 2 84 3 0 4 50 5 12 6 8 35 74 0 93 40 25 0 49 0 11 80 0 39 0 77 7 20 91 58 21 60 33 38 70 100 0 13 87 89 42 48 52 0 73 95 41 0 69 26 0 23 59 0 46 27 0 47 98 92 72 10 30 22 75 76 67 0 0 0 0 36 81 0 97 0 19 16 34 0 68 32 99 82 43 0 86 64 0
18 53 2 84 3 0 4 0 0 12 6 8 35 74 14 93 40 0 55 49 29 11 80 0 0 28 77 7 0 0 58 21 60 0 38 0 100 31 13 0 89 42 48 52 56 0 0 41 44 69 26 71 23 59 51 46 0 65 47 0 92 72 0 30 22 75 76 67 0 57 0 54 36 81 78 97 24 19 0 34 0 68 32 99 82 43 85 86 64 0 0 45 79 0 83 62 66 9 0 63
6 8 35 0 14 0 40 0 55 0 29 11 80 37 39 28 0 7 0 91 58 21 60 33 38 70 100 31 0 0 89 0 48 52 56 0 95 41 0 69 0 0 0 0 51 0 27 65 0 98 0 72 10 30 22 75 76 0 17 57 0 54 36 81 0 97 24 19 16 34 61 0 32 99 82 0 85 86 64 0 0 45 79 15 83 0 66 9 0 63 18 0 2 84 3 88 0 50 5 12
29 11 80 0 0 0 77 0 20 0 58 0 60 33 0 70 100 31 13 0 89 0 48 52 56 73 95 0 44 69 26 71 0 59 51 46 27 65 47 0 92 72 0 0 22 75 76 67 0 57 96 54 36 81 0 97 24 19 16 34 0 68 32 99 82 43 85 0 0 94 0 45 79 15 83 62 66 9 1 0 18 53 2 84 3 88 4 50 5 12 6 8 0 74 14 93 40 25 55 0
58 21 60 33 38 0 0 31 13 87 0 42 48 52 56 73 95 41 0 0 0 0 23 0 0 46 0 65 0 98 92 0 10 30 22 75 76 67 17 57 96 0 36 81 78 97 24 19 0 34 61 68 32 0 0 43 85 86 0 94 0 45 79 15 0 62 66 0 1 63 0 0 0 0 3 88 4 50 5 0 6 0 0 74 0 93 40 25 55 49 29 11 0 37 0 28 77 7 20 91
89 42 0 0 56 73 95 41 0 69 26 71 0 59 51 46 27 65 47 98 0 72 10 30 22 0 76 67 17 0 96 0 0 81 78 97 24 19 0 0 61 68 0 0 82 43 85 86 64 94 90 45 79 0 0 62 66 0 1 0 18 53 0 84 3 88 4 50 5 12 6 8 35 74 14 93 40 25 55 49 29 11 80 37 39 0 77 7 20 91 58 21 60 0 38 70 0 0 13 87