9
9 79 0 68 20 55 46 22 54 0 0 51 0 39 66 71 0 10 0 52 60 45 0 0 2 17 40 16 47 42 49 43 50 36 0 0 12 32 57 11 59 33 62 0 63 13 70 56 78 35 64 0 67 37 81 48 0 19 28 1 0 41 6 0 44 27 0 0 74 75 23 53 0 8 80 26 15 0 58 72 0
0 70 56 78 35 0 0 67 37 0 48 24 19 28 1 30 41 6 7 44 0 14 34 0 75 0 0 0 8 80 0 15 5 58 72 76 0 79 3 68 20 55 46 0 54 65 25 0 0 39 66 71 29 10 21 0 0 45 31 69 2 17 40 16 47 0 49 0 0 36 61 0 12 32 57 11 0 33 62 77 0
0 25 51 18 39 66 71 29 10 0 52 60 45 31 0 2 17 40 0 0 42 49 0 0 36 61 0 0 0 57 11 59 33 0 77 63 13 70 0 78 35 64 4 0 0 81 48 24 19 28 1 0 41 6 7 44 0 14 34 0 0 23 53 0 8 80 26 15 0 58 72 0 9 0 3 0 20 55 46 22 54
0 48 24 0 28 1 30 0 6 7 44 27 0 34 74 0 23 53 0 8 80 0 15 0 58 0 76 9 79 3 0 20 55 46 0 54 65 25 51 0 39 66 0 29 0 21 52 60 45 31 69 2 17 40 16 47 42 49 43 50 36 61 0 0 32 57 11 59 33 62 77 0 13 0 56 78 35 64 0 0 37
21 52 0 45 31 0 2 17 40 16 0 42 49 0 50 36 61 0 12 32 57 11 59 33 62 77 63 13 0 0 78 35 64 0 0 0 81 0 24 19 0 1 0 41 6 7 44 0 14 34 74 75 23 53 0 8 80 26 0 5 58 72 76 9 0 0 68 0 0 46 0 54 65 25 51 18 0 0 71 29 10
7 0 27 14 34 74 0 23 53 38 0 0 0 15 5 58 0 76 9 79 3 68 20 55 46 22 54 65 25 0 18 39 66 71 29 10 0 52 0 45 0 69 2 17 40 0 47 0 49 0 50 36 61 0 12 32 0 11 59 33 62 77 63 13 70 56 78 35 64 4 67 0 0 0 0 19 0 0 30 41 6
16 47 42 49 43 50 36 61 73 12 0 57 0 0 33 62 77 63 13 70 56 0 0 0 0 67 37 81 48 24 19 28 1 30 41 6 7 44 0 0 0 0 75 23 53 0 8 0 0 15 5 58 72 76 9 79 3 0 20 55 46 0 54 65 25 51 18 39 66 71 0 10 21 0 60 0 31 69 2 17 0
38 8 0 26 0 0 58 0 76 9 79 3 68 20 55 0 22 54 65 25 0 18 39 66 0 0 0 21 52 0 0 31 69 0 17 40 0 47 42 49 43 50 36 0 73 0 32 57 11 59 0 62 77 63 13 0 56 78 35 0 4 67 37 81 48 24 19 28 1 30 41 6 0 44 27 14 0 74 75 0 53
12 32 57 11 59 33 62 0 63 13 70 56 78 35 64 4 67 37 81 48 24 0 28 0 30 0 6 0 44 27 0 34 0 75 0 0 38 8 80 26 15 5 0 72 76 0 0 0 68 20 55 46 22 54 65 25 0 18 39 0 71 29 10 21 0 0 0 31 0 2 17 40 16 47 42 49 43 50 36 61 73
55 46 22 54 9 79 0 68 20 66 71 29 0 65 0 51 18 39 69 2 0 0 21 52 60 0 31 0 36 61 73 16 47 42 49 0 33 62 77 63 12 32 57 11 0 64 4 0 37 13 70 0 78 0 1 30 41 6 81 0 24 19 28 74 75 0 53 0 0 27 14 34 5 0 0 76 38 0 80 26 0
64 4 0 37 0 0 0 0 35 1 30 41 6 81 48 24 19 0 74 75 23 0 7 0 27 14 34 5 0 0 76 38 8 80 26 15 0 46 22 54 9 79 3 68 20 66 71 29 10 65 0 0 18 39 69 2 17 0 21 52 0 45 31 50 0 61 0 16 47 42 49 43 33 62 77 63 12 0 0 0 59
66 71 29 0 65 25 51 18 39 69 2 17 0 21 0 60 45 0 50 36 61 73 0 47 42 0 43 33 62 0 63 12 32 57 11 59 64 4 0 0 13 70 0 0 35 1 30 0 6 81 0 24 19 28 74 75 23 53 7 44 27 0 34 5 58 72 0 38 8 80 26 15 55 46 22 54 0 0 3 68 0
1 0 0 6 81 0 24 19 28 74 75 23 53 0 0 27 14 0 5 58 72 76 38 8 0 0 0 0 46 22 54 0 79 3 68 0 66 71 29 10 65 0 0 18 0 0 2 17 0 21 52 60 45 31 50 0 61 73 0 47 0 49 43 0 0 0 63 0 0 57 11 59 64 4 67 37 13 70 56 78 0
0 2 0 40 21 0 60 45 0 50 36 61 73 16 47 42 49 43 33 62 77 63 0 0 57 11 59 64 4 0 37 13 70 56 78 35 0 30 41 0 81 48 24 0 0 74 75 23 0 0 44 27 0 0 5 58 72 76 0 0 80 0 0 55 46 0 54 0 0 0 0 20 66 0 29 10 65 25 51 0 39
74 0 23 53 0 44 0 14 34 0 58 72 0 38 8 0 26 15 0 46 0 54 0 0 0 68 0 66 0 29 10 65 25 51 18 39 0 2 17 40 0 0 60 45 0 50 36 0 73 16 0 0 0 43 33 0 77 63 12 32 57 0 59 64 4 67 37 13 0 56 0 35 0 0 41 6 81 0 24 0 0
50 36 61 73 16 47 42 49 0 33 62 77 63 0 32 57 0 59 64 4 67 0 13 70 56 0 35 1 30 0 6 81 0 24 19 28 74 75 0 53 0 0 0 14 34 5 58 72 76 38 8 80 0 0 0 46 0 54 9 79 3 0 20 66 71 29 10 65 25 51 0 39 69 2 17 0 0 52 60 45 31
5 0 0 76 38 0 0 26 15 55 46 22 0 9 79 3 0 0 66 71 29 0 65 0 51 0 0 69 2 17 0 21 52 0 45 31 0 0 61 73 0 47 42 49 43 0 0 77 0 12 32 57 11 59 0 4 67 37 0 70 0 78 35 1 0 41 6 81 48 24 19 0 0 0 23 0 7 44 27 14 34
33 0 0 63 12 32 57 11 59 64 4 67 37 13 70 0 78 35 1 30 41 0 0 48 0 0 0 74 75 23 53 7 44 27 14 0 5 58 72 76 38 8 80 26 0 55 0 0 54 9 79 3 68 20 66 0 29 10 65 25 0 18 0 69 2 0 40 0 52 0 0 0 0 36 0 0 16 47 42 0 43
79 3 68 20 55 46 22 54 9 25 51 18 0 66 71 29 10 0 52 60 45 31 69 2 17 40 0 47 42 0 43 50 0 61 73 0 0 57 0 59 33 62 77 63 0 70 56 78 35 0 0 0 37 0 0 24 19 0 1 30 41 0 0 44 27 14 34 74 75 23 53 7 8 0 26 15 5 0 72 76 38
70 0 0 35 64 4 67 37 13 48 24 19 28 1 30 41 0 81 44 27 14 34 74 75 23 0 7 0 80 26 0 5 58 72 0 38 79 0 68 20 55 46 0 0 9 0 51 0 39 0 71 0 10 65 52 0 45 0 0 0 17 40 21 47 42 49 0 0 36 0 73 0 0 57 11 0 33 62 0 63 12
0 51 0 0 0 71 29 10 65 0 60 45 31 0 0 17 40 21 0 42 49 43 50 0 61 73 16 32 57 0 59 0 62 77 63 0 70 56 78 35 64 4 67 0 13 0 24 19 28 0 0 41 0 81 44 27 14 34 0 0 23 53 7 8 0 26 0 5 58 72 76 0 79 3 68 20 55 0 22 54 9
0 24 19 0 1 30 0 6 81 44 0 0 34 74 75 23 53 7 0 80 26 15 5 58 72 76 38 79 0 68 20 55 0 0 54 0 25 51 18 0 66 0 0 10 65 52 0 45 31 0 2 17 40 0 47 42 49 43 0 36 0 0 16 32 57 11 0 33 62 77 63 0 70 56 78 0 0 4 67 37 13
52 60 45 31 69 2 0 40 21 47 42 49 43 0 36 61 73 0 32 57 11 0 33 0 77 63 12 0 0 0 35 64 4 0 0 13 48 0 19 28 1 30 41 0 81 44 27 14 34 74 75 23 53 7 8 0 26 15 0 58 72 76 0 79 3 68 20 55 46 22 54 9 25 51 18 0 66 0 29 0 65
0 27 14 34 0 75 23 53 7 8 80 26 15 5 58 72 76 0 79 3 68 20 0 46 22 54 0 25 51 0 39 66 71 29 10 65 52 0 45 0 69 2 17 40 21 47 42 0 43 50 36 0 73 0 0 57 11 59 33 0 77 63 12 70 0 78 0 0 4 67 37 0 48 24 0 28 0 30 41 6 81
0 42 0 43 50 36 0 73 16 32 57 11 59 33 62 0 63 12 70 56 0 0 0 4 67 37 0 0 24 19 28 1 0 41 6 81 0 0 14 34 74 75 23 53 0 0 0 26 15 0 58 72 0 38 79 3 0 20 55 0 22 0 9 0 51 0 39 66 71 29 0 0 0 60 45 31 69 0 17 40 21
8 80 26 15 0 0 72 76 38 79 3 68 20 0 0 22 54 0 25 0 0 39 66 71 29 10 0 52 0 0 31 0 2 17 40 21 0 0 49 43 0 36 61 73 16 32 0 0 59 33 62 77 63 12 0 56 0 35 64 4 67 0 13 48 24 19 28 1 0 41 0 81 44 27 14 34 74 75 23 0 7
32 57 11 59 0 0 0 63 12 70 56 0 35 0 4 0 37 13 48 24 0 28 1 30 0 6 81 44 0 14 0 0 75 23 0 7 8 80 26 15 0 58 0 0 38 79 3 68 20 55 46 22 54 9 25 51 0 39 66 71 29 0 65 52 60 45 0 69 2 17 40 0 0 0 49 0 50 0 61 73 16
46 0 54 0 79 3 68 20 55 71 29 0 65 0 51 18 0 66 0 0 40 21 52 60 45 0 69 0 61 0 0 0 42 49 0 50 62 77 0 12 32 57 11 59 33 4 67 37 0 70 0 78 0 0 0 0 0 81 0 24 19 28 0 75 23 53 7 44 27 0 34 74 58 72 76 0 8 80 26 15 5
0 67 37 0 0 56 78 0 64 30 0 6 0 48 24 19 28 1 0 0 53 7 44 27 0 34 74 0 0 76 38 8 0 26 0 0 46 22 54 0 79 3 68 0 55 0 29 10 0 25 51 0 0 66 2 0 0 0 52 60 0 31 0 36 0 0 0 0 42 0 0 50 0 0 63 0 32 57 0 59 33
71 0 10 65 25 51 18 39 66 0 17 40 0 0 60 45 0 0 36 0 0 16 47 0 49 0 50 62 0 63 12 32 0 11 59 0 4 67 37 13 70 56 78 35 0 30 41 6 0 0 24 19 28 1 0 23 0 0 44 0 14 0 0 58 72 76 0 0 80 26 15 0 0 0 54 0 79 0 68 20 0
30 41 6 81 0 24 19 0 0 75 23 0 7 0 0 0 34 74 58 72 76 0 8 80 0 0 5 46 22 54 9 0 3 0 0 0 71 29 10 0 25 51 18 39 66 2 17 0 21 52 60 45 31 0 0 61 73 0 0 42 0 43 0 62 0 0 0 0 0 11 0 33 4 67 0 13 0 56 0 0 0
2 0 0 0 52 60 0 31 69 0 61 0 16 0 42 0 43 50 0 77 0 0 32 57 0 59 33 4 67 0 13 70 56 0 0 64 30 41 0 81 48 24 19 28 1 75 0 53 0 44 27 14 34 74 58 0 76 38 8 0 26 15 0 0 22 54 9 0 3 68 20 55 0 29 0 65 25 51 18 39 66
75 0 53 7 0 27 14 34 0 58 72 0 38 0 0 26 15 5 0 22 54 0 79 3 0 0 55 71 29 10 65 25 51 18 0 66 2 0 0 21 0 60 45 0 69 36 61 0 0 47 42 49 43 50 62 77 63 0 32 57 11 59 0 0 67 0 0 70 0 0 35 0 30 41 6 0 48 24 19 28 0
36 61 73 16 47 42 49 43 50 0 77 0 12 32 57 11 59 33 4 67 0 13 0 56 78 0 64 30 41 6 0 48 0 0 0 1 0 23 0 7 44 0 14 34 74 58 72 76 38 8 80 0 15 5 46 22 54 9 79 3 68 20 0 71 29 10 65 25 0 0 39 66 2 17 40 0 52 60 45 31 0
58 72 0 0 8 0 0 15 5 46 0 0 9 79 3 0 20 55 71 29 10 0 25 51 0 0 66 2 17 0 0 52 60 45 0 69 0 61 0 16 0 42 0 43 0 62 77 63 12 32 57 11 59 0 4 67 0 13 70 56 78 35 0 0 41 0 81 0 24 19 28 1 75 23 53 0 44 27 14 0 74
62 77 63 12 32 0 11 59 33 0 0 37 13 0 56 78 35 0 30 41 6 81 48 24 0 28 0 75 0 0 0 44 27 14 34 74 58 72 76 38 8 80 0 15 5 46 22 54 9 79 3 68 0 0 71 29 10 0 25 0 0 0 0 0 17 0 21 52 60 45 31 69 0 61 73 0 47 0 0 43 50
3 68 20 0 0 0 54 9 0 51 0 39 66 71 29 0 65 0 60 0 31 69 2 17 0 0 52 0 0 43 50 36 61 0 16 47 57 11 0 33 62 77 63 12 0 56 78 35 64 4 67 0 13 0 24 19 0 1 30 41 6 0 0 27 0 0 74 75 0 53 7 0 80 0 0 5 0 72 76 38 0
56 78 35 0 4 0 0 13 70 24 19 0 1 30 41 0 0 48 27 14 0 0 75 23 53 7 0 80 26 15 5 58 72 0 38 0 3 68 20 0 46 22 54 9 79 0 18 39 66 71 0 0 0 0 60 45 31 69 2 0 40 0 52 0 0 43 50 0 61 73 16 47 0 0 0 33 62 77 63 0 32
51 0 0 0 0 29 0 65 25 60 45 31 69 2 17 40 21 0 0 49 43 0 0 0 73 16 0 0 0 0 33 62 77 63 12 32 56 78 35 0 0 67 37 13 70 24 0 28 1 30 41 0 0 0 27 14 34 0 75 23 0 7 44 80 0 15 5 58 72 76 38 0 3 0 20 55 46 22 0 0 79
24 19 0 1 30 41 6 0 48 27 14 34 74 75 23 53 7 44 0 26 15 5 58 0 0 38 8 3 68 20 55 46 22 0 9 79 51 0 39 66 71 29 10 0 25 60 45 0 69 2 17 40 21 52 42 0 0 50 36 0 73 0 47 0 0 0 0 62 77 63 12 32 56 78 35 64 4 67 37 13 0
0 45 31 0 2 0 0 21 52 42 49 43 50 36 61 0 0 47 57 0 0 33 62 0 63 12 32 0 0 35 64 4 0 37 0 0 24 19 28 0 30 41 6 81 48 27 14 34 74 75 23 53 7 0 0 26 15 5 0 72 76 38 8 3 0 0 55 46 22 54 0 79 0 18 39 66 71 29 10 65 0
27 0 34 74 0 0 53 7 44 80 0 15 0 58 72 76 38 0 3 0 20 55 0 22 0 0 79 51 18 0 66 71 29 10 65 25 0 45 31 69 0 0 40 0 52 42 49 43 50 36 61 73 16 47 57 11 0 33 62 77 63 12 32 56 0 0 64 0 67 37 13 70 24 19 0 1 0 41 6 81 0
42 0 43 0 36 61 73 16 0 57 0 59 0 62 77 63 12 32 0 78 35 64 4 67 37 13 70 0 0 28 0 0 41 0 81 48 27 14 34 0 75 23 0 0 44 80 26 0 5 58 72 76 38 8 0 68 20 0 46 0 0 0 79 51 18 39 66 71 0 0 65 25 60 0 0 69 2 0 40 21 52
0 26 15 5 0 0 0 38 8 3 68 0 55 46 0 0 9 79 0 18 39 0 71 0 10 65 25 60 45 31 69 0 17 0 0 52 42 49 0 0 0 61 0 0 47 57 0 59 33 62 77 63 0 32 56 78 35 64 4 67 37 0 70 0 19 28 1 0 41 6 0 48 27 14 0 74 75 0 0 7 44
0 0 59 33 62 77 63 0 32 0 78 35 64 4 67 37 0 0 24 19 28 1 30 41 0 81 48 0 14 0 74 0 23 0 0 44 0 26 0 0 58 0 0 38 8 0 0 20 0 46 22 54 0 0 51 18 39 66 71 0 10 65 25 60 45 31 69 2 17 0 21 52 42 49 0 50 36 0 73 16 47
22 54 9 79 3 68 20 0 46 29 0 65 25 51 18 0 66 71 17 0 0 52 60 45 31 69 0 61 73 0 0 42 49 0 50 36 77 0 0 32 57 11 59 33 62 67 37 13 70 0 0 35 64 4 0 6 0 48 0 19 28 1 30 23 0 7 0 0 0 34 74 75 0 76 38 8 80 26 15 0 0
67 37 0 70 56 78 0 0 0 41 6 81 0 24 19 28 1 0 23 53 0 44 27 14 0 74 75 72 76 38 0 80 26 15 0 58 0 54 9 79 0 0 0 55 46 0 10 0 25 51 18 39 0 0 17 0 21 0 0 45 31 69 2 61 73 16 0 0 49 43 50 36 77 63 12 32 57 11 59 0 62
29 10 65 0 51 18 0 0 0 17 0 21 0 60 45 31 0 2 61 73 16 47 42 0 43 50 36 0 0 0 32 57 11 0 33 0 67 0 13 0 56 78 0 64 4 41 6 81 48 24 0 28 1 0 0 53 0 44 27 14 0 74 0 72 0 38 8 80 26 15 5 58 22 54 9 0 0 0 20 0 46
41 0 81 48 24 19 28 0 30 0 53 0 44 0 14 34 74 75 72 76 0 8 80 0 15 5 58 22 54 0 0 3 0 0 55 0 29 0 0 0 51 18 39 66 71 17 0 21 52 0 45 31 0 2 61 0 16 47 42 49 0 50 0 77 63 12 32 57 11 59 33 62 0 37 13 70 56 78 0 0 4
17 40 21 52 60 45 31 69 2 61 73 16 0 42 49 43 50 36 0 63 12 0 0 11 59 33 62 67 37 0 70 56 78 35 0 4 41 6 81 48 0 19 0 1 30 23 53 7 0 27 14 34 0 75 72 76 38 8 0 26 15 5 58 22 54 0 0 3 68 20 55 46 0 0 0 0 0 18 39 66 0
23 0 7 0 27 0 0 74 75 0 76 38 0 0 26 0 0 58 22 54 9 79 3 68 20 0 46 29 10 0 0 51 0 39 66 71 0 40 21 52 60 45 31 69 2 0 73 16 47 42 49 0 50 36 0 0 0 32 57 11 59 33 62 0 37 13 70 56 78 35 0 0 41 6 81 0 24 0 28 1 30
61 73 16 47 0 49 43 50 36 77 63 12 0 0 0 59 0 62 0 37 13 70 56 78 35 64 0 41 0 81 0 24 0 28 1 30 0 53 7 44 27 14 34 74 75 72 76 38 8 80 26 0 0 58 0 54 9 0 0 68 0 0 46 29 10 65 25 51 18 39 66 71 17 40 0 52 60 45 0 69 2
72 76 38 8 80 26 15 5 58 22 0 0 0 3 68 20 55 46 29 10 0 25 0 18 39 66 71 17 40 0 52 60 0 31 0 2 61 0 0 47 42 49 43 50 0 77 63 0 32 57 0 59 33 62 67 0 0 70 56 0 35 0 0 41 0 81 48 24 19 0 0 30 23 53 7 44 27 0 34 74 75
77 63 0 32 57 11 59 33 62 67 37 0 0 56 78 35 0 0 41 0 0 48 24 19 28 1 30 23 53 7 44 0 14 34 0 0 0 76 38 0 80 26 15 5 58 22 0 9 79 3 68 20 0 46 29 0 0 0 51 0 0 66 0 17 40 21 0 0 45 31 0 2 61 73 16 47 0 0 43 50 0
68 0 55 46 22 0 9 79 3 18 39 66 71 29 0 0 0 51 45 0 0 2 0 40 0 52 0 0 43 0 36 0 73 16 0 0 11 59 33 62 77 63 12 0 57 78 35 64 4 67 37 13 70 0 19 28 1 0 41 6 81 48 0 14 34 74 0 23 53 0 44 27 26 15 5 58 0 76 38 8 80
78 35 64 4 67 0 0 70 0 19 0 1 30 41 6 81 48 24 14 34 74 75 23 0 7 44 27 0 0 5 58 72 76 38 8 80 0 20 55 46 22 54 9 0 0 18 0 66 71 0 10 65 25 51 0 0 69 2 17 40 0 0 0 0 43 50 36 61 0 16 0 42 0 59 33 62 77 63 12 32 57
0 39 66 71 0 0 65 25 51 45 0 0 2 17 40 21 0 60 49 43 50 36 61 73 16 47 42 11 0 33 62 0 63 12 32 57 0 35 64 0 67 37 13 0 0 19 0 0 0 41 6 81 0 24 0 34 74 0 23 0 7 44 27 26 0 0 58 0 0 0 8 80 0 20 55 46 22 0 9 79 3
19 28 1 30 41 0 0 48 24 14 0 74 75 23 53 7 44 27 0 15 0 0 72 0 38 8 80 0 20 0 46 22 0 9 0 3 18 39 0 71 29 10 0 0 51 0 31 69 2 17 0 21 0 0 49 43 50 36 61 0 0 47 0 11 0 0 62 77 63 12 32 57 78 35 64 0 67 0 13 70 56
0 31 69 0 17 40 21 52 60 49 43 50 0 0 0 16 47 42 11 0 33 62 0 0 0 32 57 0 35 64 4 67 0 13 70 56 19 28 1 30 0 6 81 48 24 14 34 74 75 23 53 0 44 27 26 15 5 58 0 76 38 8 80 0 20 55 46 22 54 9 79 3 18 39 66 71 29 10 65 25 0
14 34 74 0 0 0 7 44 0 0 15 0 58 0 76 0 0 0 0 20 55 46 22 0 9 0 0 18 0 66 71 29 10 65 25 51 45 31 69 2 17 40 0 0 60 49 43 0 0 61 0 0 0 42 11 59 0 62 77 63 12 32 0 0 35 64 0 0 37 13 70 56 19 0 0 30 0 0 81 48 0
49 43 0 36 0 0 16 47 0 11 59 0 62 0 0 12 32 57 0 35 64 4 67 37 13 0 0 19 28 0 30 41 6 0 48 24 0 0 74 75 23 53 0 44 27 26 15 5 58 72 0 38 8 80 0 20 0 46 0 54 9 79 0 18 0 0 71 0 10 0 0 51 45 0 69 2 0 0 0 52 60
0 0 5 58 0 76 38 0 80 0 20 0 46 22 54 9 0 3 18 39 66 71 29 10 65 0 0 0 0 69 2 17 40 21 52 60 49 43 0 36 61 73 16 47 0 11 0 0 62 0 63 12 32 57 0 0 64 0 67 37 13 70 0 19 0 1 30 0 0 0 48 24 0 34 74 0 23 0 7 44 0
11 59 33 62 77 63 12 32 57 78 0 64 4 67 37 0 0 0 19 0 1 0 41 6 0 48 0 14 34 74 75 23 53 0 44 27 0 15 5 58 72 0 38 8 0 0 20 55 0 22 54 9 79 3 18 39 66 0 29 10 65 0 51 45 31 0 0 17 0 21 52 60 49 0 0 36 61 73 16 47 42
0 9 79 3 68 20 55 46 22 10 65 25 51 18 0 0 71 29 0 21 52 0 45 31 69 2 0 73 16 0 0 0 43 50 0 0 63 12 32 57 11 59 0 62 77 0 13 70 56 78 35 64 4 0 6 81 48 0 19 28 1 0 0 53 7 0 27 0 34 74 75 23 0 38 0 80 26 15 5 0 72
37 13 70 56 0 35 0 4 0 6 0 48 24 19 28 0 0 41 53 7 0 0 14 34 0 75 0 76 38 8 80 26 15 5 58 0 0 9 0 3 0 20 55 46 22 10 65 25 0 18 39 0 0 29 40 21 0 0 45 31 69 2 17 73 0 47 42 0 43 0 0 61 63 12 32 0 11 0 33 62 77
10 65 0 0 0 39 66 0 29 0 0 52 60 45 31 69 2 17 0 16 47 42 0 0 0 0 61 63 12 32 57 11 0 33 62 77 37 13 70 56 78 35 64 4 67 6 0 0 24 0 28 1 30 0 0 7 0 27 0 34 74 75 23 76 38 8 80 0 15 5 58 72 54 0 0 3 0 0 55 46 22
0 81 48 24 0 0 1 30 0 53 0 44 0 14 0 0 75 0 76 0 8 80 26 15 5 58 72 54 9 79 0 68 20 0 46 0 10 65 25 51 18 39 0 71 29 40 0 52 60 45 31 69 2 17 0 16 47 0 49 0 0 36 61 0 0 32 57 0 59 33 0 77 37 13 0 56 78 35 64 4 0
40 21 52 60 45 0 69 0 17 73 16 0 42 49 43 50 36 61 63 0 32 57 11 59 33 62 0 37 13 70 56 0 35 64 4 67 0 0 48 24 0 0 0 30 41 53 7 44 27 14 34 0 75 0 76 38 8 80 0 15 0 58 0 54 9 79 0 68 0 55 46 22 10 0 25 51 18 0 66 71 0
0 0 0 0 14 0 74 75 23 76 38 0 80 26 15 5 58 72 54 0 79 3 68 20 0 46 22 10 0 0 51 18 39 66 71 0 40 21 0 60 45 31 69 2 0 0 16 47 42 0 43 50 36 61 0 12 32 57 11 0 0 62 77 37 13 70 0 78 35 64 4 0 6 81 48 24 0 0 1 30 41
73 16 47 42 49 0 0 36 0 63 12 32 57 0 59 33 62 77 37 13 70 56 0 35 0 4 0 6 0 48 24 0 28 1 30 41 53 0 44 27 0 34 74 75 23 76 38 8 0 26 15 5 58 72 0 9 0 3 68 0 55 46 22 10 65 25 51 18 39 66 71 0 40 21 52 0 0 31 69 2 17
76 38 8 0 26 15 0 58 0 54 0 79 3 68 0 0 46 22 0 0 0 0 18 39 0 71 29 40 0 52 60 45 31 69 0 17 73 16 47 42 49 43 50 0 61 63 0 32 0 11 59 33 62 77 37 0 70 56 0 35 64 4 67 6 81 48 24 19 28 1 30 41 53 7 44 27 0 34 74 75 23
63 0 0 0 11 59 0 0 77 37 13 70 56 78 0 64 4 0 0 81 48 0 19 0 1 30 41 53 7 44 0 14 34 0 75 23 76 0 0 80 0 15 5 0 72 54 9 79 3 68 20 55 46 22 10 65 0 0 18 39 66 71 0 40 21 52 60 45 31 69 2 17 0 16 47 42 49 0 0 36 61
0 0 46 22 54 0 79 0 0 39 66 71 29 10 0 0 0 18 31 69 0 0 40 21 52 60 0 0 50 36 61 73 0 47 0 0 59 33 62 77 63 12 32 0 11 35 64 0 0 0 0 70 0 0 28 0 30 41 6 0 48 0 19 34 74 75 23 53 7 0 27 14 0 5 58 72 76 38 0 0 0
35 0 4 0 37 0 0 0 78 28 1 30 41 6 0 0 24 0 34 74 75 0 53 0 0 27 14 15 5 0 72 76 38 8 80 26 20 0 46 0 54 9 0 3 68 0 0 71 29 10 65 25 51 18 31 69 2 17 40 0 52 0 45 0 50 36 0 0 16 47 0 49 59 33 62 77 63 12 32 57 11
0 66 0 0 0 65 25 0 18 31 0 2 0 0 0 0 60 45 43 50 36 61 0 0 0 0 0 59 33 62 77 63 12 32 57 0 35 64 0 67 37 0 70 56 0 28 1 0 0 0 81 48 24 19 34 74 0 23 53 0 44 27 14 15 5 58 0 76 38 0 0 26 20 0 46 22 54 9 79 0 68
0 1 30 0 6 0 48 24 19 0 74 75 23 53 7 0 27 14 15 5 58 72 76 38 0 0 26 20 55 0 0 0 9 79 3 0 39 0 0 29 10 65 25 51 18 31 69 0 17 0 21 52 60 45 43 50 36 61 0 16 47 42 49 59 33 62 77 0 12 32 57 11 35 0 0 67 0 13 70 56 78
0 0 2 17 40 21 52 60 45 43 50 36 0 73 0 0 42 0 59 33 0 0 63 0 0 57 11 35 64 4 67 0 0 70 56 0 28 1 30 41 0 81 0 24 0 0 74 75 0 53 7 44 27 14 15 0 58 72 76 0 0 0 26 20 0 46 0 54 0 79 0 68 39 66 71 29 10 0 25 51 18
0 74 0 23 53 7 0 27 0 15 5 58 72 0 0 8 80 0 20 0 0 22 54 9 0 3 0 0 66 71 29 0 65 25 51 18 31 69 2 17 0 21 52 60 45 0 0 36 0 0 16 0 42 49 59 33 62 77 63 12 32 0 0 0 64 4 67 0 13 0 0 78 28 0 30 41 6 0 48 24 0
43 50 36 61 73 16 47 42 0 59 33 0 0 63 12 32 57 11 35 0 4 0 37 13 70 0 78 28 0 0 41 6 0 48 24 19 34 74 0 23 0 7 44 27 14 15 5 58 0 76 38 8 80 0 20 55 0 22 54 9 79 3 68 39 66 71 29 0 65 25 51 18 0 0 2 17 0 21 52 60 45
0 5 58 72 76 38 0 80 0 0 55 46 0 0 9 0 0 68 39 66 71 29 10 65 25 0 18 31 69 0 17 0 21 52 60 45 0 0 36 61 73 16 47 42 0 59 33 62 77 63 12 0 0 11 0 64 0 0 37 13 0 56 78 28 1 30 41 6 81 48 24 19 34 74 0 23 53 7 44 0 14
0 0 62 77 0 0 32 0 11 35 64 0 67 0 13 70 56 78 0 1 30 41 6 81 0 24 0 34 74 75 23 53 0 44 0 0 15 5 0 72 76 0 0 80 0 20 55 46 0 54 0 79 3 68 39 66 71 29 10 65 0 0 18 31 69 0 17 0 0 0 0 0 0 50 0 61 73 16 47 42 49