9
70 4 65 76 46 27 61 12 8 33 0 6 34 0 19 0 0 35 77 0 0 0 79 0 0 36 24 18 0 52 41 11 0 0 74 9 54 0 0 72 16 10 28 0 58 0 0 26 42 78 57 45 1 43 5 40 63 0 47 0 13 55 0 56 21 37 67 0 73 0 32 0 25 0 0 0 59 0 29 81 22
71 75 0 42 78 57 0 1 43 0 0 0 69 47 39 0 55 17 56 21 37 0 15 0 80 32 31 25 23 64 38 59 0 29 81 0 70 0 0 0 0 27 61 12 8 0 0 0 0 0 19 50 66 35 0 0 68 20 79 0 2 0 24 18 0 0 41 11 51 44 74 9 0 0 53 0 16 10 28 0 0
0 0 0 34 3 0 0 0 35 77 0 68 20 0 14 2 36 0 18 7 52 0 0 51 44 0 0 0 48 0 72 0 0 28 30 58 71 75 0 42 0 0 45 0 43 0 0 63 69 47 39 13 55 17 0 21 37 0 0 73 80 32 31 25 23 64 38 59 0 29 81 22 70 4 0 0 0 27 61 12 0
5 40 0 0 0 39 13 55 17 56 0 0 0 0 73 80 32 31 25 23 64 38 59 0 0 0 0 70 4 65 76 46 27 0 12 8 33 62 6 34 3 0 50 66 35 0 49 0 0 79 0 2 36 24 18 7 52 41 0 51 0 74 9 0 48 53 72 16 0 28 30 58 0 0 26 42 78 57 45 0 0
77 49 68 20 79 14 2 36 24 18 7 52 0 0 0 44 74 9 54 0 53 72 16 10 28 30 58 71 75 26 42 0 0 45 1 43 0 0 63 69 47 39 13 0 17 56 21 37 0 15 73 80 32 31 0 23 64 38 0 60 29 81 22 70 4 65 76 0 27 61 12 0 33 62 6 34 3 19 50 66 0
0 21 37 0 0 73 0 0 31 25 23 64 0 0 60 29 0 0 70 4 65 76 46 27 61 12 8 33 62 6 34 3 19 0 0 0 77 49 68 20 0 14 2 36 24 18 7 52 41 11 51 44 74 9 0 0 53 72 16 10 0 30 58 0 75 26 0 78 57 45 1 43 5 0 63 69 47 39 0 55 0
18 0 52 41 11 51 44 0 9 54 48 53 72 16 0 0 30 58 71 75 0 42 78 57 45 1 43 0 0 63 69 47 39 13 0 17 56 21 0 67 15 73 80 0 31 25 23 64 0 59 60 0 81 22 70 0 65 76 46 27 0 12 8 33 0 6 0 0 19 50 0 35 77 49 68 20 79 0 2 36 24
25 23 64 38 59 60 29 0 22 70 4 65 76 0 27 0 12 8 0 62 6 0 3 19 50 66 0 77 49 68 20 0 14 0 36 0 18 0 52 41 11 51 44 0 0 54 0 53 72 16 10 28 30 58 71 75 26 42 78 0 45 1 43 0 0 63 0 0 39 13 55 17 0 21 37 0 15 73 80 32 31
54 48 53 0 16 10 28 30 58 0 75 0 0 0 57 45 1 43 5 40 63 0 47 39 13 0 17 56 21 37 0 15 73 0 0 0 25 23 64 38 59 60 0 0 22 70 0 65 76 46 27 61 0 8 33 62 6 34 3 0 50 66 0 77 49 68 20 0 14 2 0 24 0 7 52 0 11 51 44 74 0
0 27 61 0 8 0 4 65 0 3 0 0 66 35 0 62 0 0 79 0 2 36 24 77 49 0 0 11 0 0 74 0 0 7 52 41 16 10 28 30 58 54 48 53 72 78 57 45 1 0 71 75 26 0 0 39 13 55 17 5 40 0 69 15 0 80 32 31 56 0 0 67 59 60 29 81 22 25 23 64 0
78 57 45 0 0 71 0 26 42 47 39 0 55 17 5 40 0 69 0 73 0 0 0 56 0 37 0 59 60 29 81 0 25 23 64 38 46 0 61 12 8 70 0 65 0 3 0 50 66 35 33 62 6 34 0 14 2 36 24 77 49 0 20 0 0 44 74 9 0 7 52 41 0 0 28 0 58 0 48 53 72
0 19 50 66 0 33 62 6 0 79 14 2 36 24 77 49 0 20 11 51 44 74 0 18 0 52 41 0 0 0 30 58 0 48 53 72 78 57 45 1 43 71 75 26 42 47 39 0 55 17 5 40 63 69 15 73 80 0 31 56 0 37 67 59 60 29 81 22 0 23 64 38 46 27 61 12 8 0 4 65 76
0 39 0 55 0 0 40 63 69 15 0 80 32 31 0 21 37 67 59 60 0 0 22 0 23 0 38 46 27 0 12 8 70 4 65 76 0 19 50 0 35 33 62 6 34 79 14 0 36 24 0 0 0 20 11 51 0 0 9 18 0 52 41 16 10 0 30 58 54 48 53 72 78 57 45 0 43 71 75 26 42
0 14 2 36 24 77 49 68 0 11 0 44 74 0 0 7 0 0 16 0 28 0 58 54 48 53 72 78 57 0 1 0 71 75 0 0 47 39 13 55 17 5 40 63 0 0 73 80 32 31 56 21 0 67 59 0 29 0 22 25 23 0 38 46 27 61 12 8 0 0 65 76 3 19 50 66 0 0 62 6 34
15 0 80 0 31 0 21 37 67 59 60 29 81 22 0 0 0 0 46 27 61 12 0 70 4 0 0 3 19 50 66 35 0 0 6 34 79 14 2 36 24 77 49 68 20 0 51 44 74 9 0 0 52 41 16 10 0 30 0 54 0 53 0 78 0 45 1 43 0 75 0 42 47 39 13 55 0 5 40 0 0
11 51 44 0 0 18 0 52 0 16 10 28 30 0 54 48 0 0 78 57 0 0 43 71 0 26 42 47 39 13 0 17 5 40 63 69 15 73 80 32 31 56 0 37 0 59 60 29 0 22 0 23 64 38 46 0 0 0 0 0 0 65 76 0 0 50 0 35 33 62 6 34 79 0 2 0 0 0 49 68 0
59 60 0 0 22 25 0 0 38 0 27 61 12 8 70 0 65 76 3 19 50 0 35 33 0 0 34 79 0 2 36 24 77 49 68 0 11 0 44 74 9 18 7 52 41 16 10 28 30 58 0 48 53 72 78 57 0 1 0 71 0 0 42 47 39 13 55 17 5 40 63 69 15 73 0 0 31 56 0 0 67
16 10 28 30 0 0 48 53 72 78 0 45 1 43 0 75 26 42 47 39 0 55 17 0 0 0 0 15 73 80 32 31 56 21 37 67 59 0 29 0 22 25 23 64 38 0 27 61 12 8 70 4 65 76 3 19 50 66 35 33 62 6 34 79 0 0 36 0 77 49 0 0 11 51 44 74 9 18 7 52 41
8 70 0 65 76 0 27 61 12 35 33 62 0 0 0 19 50 66 0 0 49 68 20 79 14 0 36 9 0 0 52 41 0 51 44 74 58 54 0 0 0 0 10 28 30 0 0 75 26 42 78 0 0 1 17 5 40 63 69 0 0 13 0 31 56 0 0 67 15 73 0 32 22 25 0 0 38 59 60 29 0
0 71 75 26 42 78 57 45 1 17 0 0 63 69 47 39 13 55 31 0 0 37 67 15 0 80 32 22 25 23 0 38 59 60 0 0 0 0 0 65 76 46 0 61 12 35 0 62 0 34 3 19 50 66 24 77 49 68 20 0 0 2 0 9 18 0 0 41 11 0 44 74 0 54 0 53 72 16 0 28 30
35 33 62 6 34 3 19 50 0 24 77 49 68 20 0 0 0 36 9 18 7 0 41 0 51 44 74 0 54 48 53 72 16 10 0 30 0 0 75 26 42 0 57 45 1 0 5 0 63 0 47 0 13 0 0 0 0 0 67 15 0 80 32 22 0 0 0 0 59 60 29 81 8 0 0 65 76 0 0 0 12
17 5 40 63 69 47 39 13 55 31 56 0 37 67 15 73 0 32 22 25 23 0 38 59 60 0 81 8 70 0 65 76 46 0 61 0 0 0 0 6 34 3 19 0 66 0 0 0 68 20 79 14 2 36 9 18 0 0 41 0 0 44 0 0 0 48 53 0 16 10 28 30 43 0 75 26 42 78 0 0 1
24 77 49 68 20 0 0 0 36 9 18 7 52 41 11 51 44 0 58 0 48 53 72 0 10 0 30 43 71 75 26 42 0 57 45 1 17 5 40 63 69 47 0 13 55 31 0 21 37 67 15 0 0 32 22 25 23 64 0 0 60 29 81 8 0 4 65 0 0 0 61 12 35 33 0 6 34 3 19 50 66
31 56 21 37 67 15 0 80 32 22 25 23 64 38 59 60 29 81 8 70 0 65 76 46 27 0 12 0 33 62 6 34 3 19 50 0 24 0 49 68 20 79 14 2 36 0 0 7 52 0 0 51 44 74 58 0 48 53 72 16 10 28 30 43 0 75 0 42 0 0 45 1 17 0 0 0 69 47 39 0 55
9 18 7 52 0 11 51 44 74 0 54 0 53 72 16 10 28 0 0 71 75 26 42 78 0 0 1 17 0 40 0 0 0 39 13 0 31 0 0 0 0 15 73 80 32 22 25 23 64 38 0 60 29 81 0 70 4 65 76 46 27 61 12 35 33 62 0 34 0 0 0 66 0 77 49 68 20 79 14 2 36
22 25 23 64 38 59 60 0 0 8 70 4 65 0 46 27 0 12 35 33 62 6 34 3 19 50 66 0 77 0 0 20 79 14 2 36 0 18 0 0 41 11 0 44 74 58 54 0 53 72 16 10 28 0 43 71 75 0 42 78 0 45 0 17 5 0 0 69 47 39 13 55 0 0 0 0 0 15 73 80 0
58 54 0 53 72 16 0 28 30 0 71 0 26 42 0 57 45 0 17 5 40 63 69 0 39 13 0 31 0 21 0 67 0 0 0 32 0 0 23 0 38 0 0 29 81 8 0 4 65 76 46 0 61 12 35 33 62 0 0 0 19 50 66 24 77 49 0 20 79 14 2 0 0 18 7 52 41 11 51 0 74
76 46 0 0 0 0 70 4 65 34 3 19 50 66 35 0 0 0 0 79 14 2 36 24 77 0 68 41 0 51 44 74 9 18 7 0 72 0 10 28 30 58 54 48 53 0 78 57 45 1 0 71 75 26 0 47 39 13 55 0 5 40 63 67 15 73 80 32 0 0 21 37 38 59 60 29 81 22 0 0 64
42 78 0 45 1 0 71 0 0 0 47 39 0 55 17 5 0 0 67 15 73 0 32 0 56 21 37 38 0 60 29 81 0 0 23 64 0 46 0 61 12 8 70 4 65 34 3 19 50 66 35 33 62 0 20 0 0 2 36 24 0 49 0 0 11 51 0 74 9 18 7 52 72 0 10 0 0 58 54 48 0
34 3 19 50 66 35 33 62 6 0 0 14 0 36 24 77 49 0 41 11 51 0 0 0 18 0 52 72 16 10 0 30 58 54 48 0 42 78 57 45 1 0 71 0 26 69 47 39 13 55 17 0 40 63 67 15 73 0 32 31 56 21 37 38 59 0 29 0 22 25 23 64 0 0 0 0 12 0 70 4 65
0 47 39 13 0 17 5 40 63 67 15 0 0 32 31 56 0 37 0 59 0 29 81 22 25 23 0 76 46 27 0 12 8 70 4 65 34 3 19 0 0 35 0 62 0 20 79 0 0 36 0 0 49 68 41 11 51 0 0 9 18 0 0 72 16 10 28 0 58 54 48 53 42 78 57 45 1 0 71 0 26
0 79 14 2 0 0 77 49 68 0 11 0 0 74 0 0 7 52 72 16 10 0 30 0 54 0 53 42 0 57 45 1 43 71 75 26 69 0 39 13 55 0 0 40 63 67 15 73 0 0 31 0 0 37 38 59 60 29 81 22 25 23 64 76 46 27 61 12 0 70 0 0 0 3 19 50 66 35 0 0 6
0 0 73 80 32 31 56 0 37 38 59 60 0 0 22 25 23 0 76 0 27 61 12 0 70 4 65 34 3 19 50 66 35 0 0 0 20 0 14 0 36 24 77 0 68 41 0 51 44 0 9 18 7 52 0 0 10 0 30 58 54 0 53 42 78 57 45 0 0 71 0 26 69 47 0 13 55 17 5 40 0
0 0 0 0 74 9 18 7 52 0 0 10 0 0 0 0 0 53 42 78 57 0 1 0 0 75 26 69 47 39 13 55 17 5 0 63 67 0 0 80 32 0 56 0 0 0 0 60 0 0 22 0 23 64 76 0 27 61 12 8 70 4 0 0 3 0 50 0 35 33 0 6 20 79 14 0 36 24 0 49 0
0 59 60 0 0 22 0 23 0 0 0 27 0 12 8 0 0 0 34 3 0 50 66 35 33 0 6 20 0 14 2 36 0 77 49 68 0 0 51 44 74 9 0 7 52 72 16 0 28 30 0 0 0 53 0 78 0 45 1 43 71 0 26 69 0 39 0 55 17 0 40 63 0 15 73 80 32 31 56 21 0
72 16 0 28 30 58 0 0 53 42 78 57 45 1 43 71 0 26 69 47 39 13 55 0 5 0 63 0 15 0 80 32 31 56 21 37 38 0 60 29 81 22 25 23 64 76 46 0 0 12 0 70 0 65 34 3 19 50 66 0 33 62 6 20 0 14 2 36 24 77 49 68 41 11 0 44 0 9 0 7 52
12 0 70 4 65 76 46 27 0 66 35 33 62 6 34 3 19 0 36 0 0 49 0 20 79 14 0 74 0 18 7 52 41 11 51 44 30 58 54 0 53 72 16 10 0 0 43 0 75 26 0 78 57 0 0 0 0 0 63 69 47 39 0 32 31 56 0 0 0 15 73 80 81 22 25 0 64 38 59 0 29
0 43 71 75 26 42 78 57 45 55 17 0 40 63 0 47 39 13 32 0 56 21 37 67 15 0 80 0 22 25 23 0 38 0 60 29 12 8 70 4 65 76 46 27 61 66 35 0 0 6 34 3 0 50 36 0 0 0 68 20 79 14 0 0 0 18 7 52 41 0 51 44 30 0 54 48 53 72 0 10 0
0 35 33 62 6 34 3 19 50 0 24 0 49 0 20 79 14 0 74 0 18 7 0 41 0 0 0 30 0 54 48 53 72 16 10 28 0 43 71 0 26 0 0 57 0 55 17 5 40 63 0 47 39 13 32 31 56 21 37 67 0 73 80 81 22 25 0 64 0 59 60 0 12 8 70 4 0 0 0 27 61
0 0 5 40 63 69 47 0 13 32 31 56 21 37 0 15 73 80 81 22 25 23 0 0 59 60 29 12 8 70 4 0 0 46 27 61 66 0 0 62 6 0 3 19 50 36 0 0 49 68 0 79 14 2 74 9 18 7 0 41 0 51 44 30 58 54 48 53 72 0 0 28 1 0 71 75 26 42 78 57 45
36 0 0 49 68 20 0 14 0 0 9 18 7 52 41 0 51 0 30 0 54 48 0 0 16 10 0 0 43 71 75 26 42 78 57 45 0 17 5 40 63 69 47 39 13 32 0 56 21 37 67 0 73 0 0 22 25 23 64 38 59 60 0 12 8 70 0 0 0 46 27 61 66 0 33 0 6 0 3 19 50
32 0 56 0 37 67 15 73 80 0 0 25 0 64 0 59 60 0 12 8 70 4 65 76 0 27 0 66 35 33 62 6 0 0 19 50 36 24 77 49 0 20 79 14 2 74 9 18 7 52 41 0 51 44 0 0 54 48 53 0 16 10 0 0 43 71 0 26 42 78 57 45 55 17 0 40 0 69 47 39 13
74 9 18 7 52 41 11 51 0 30 58 0 48 0 72 0 0 28 0 0 71 75 26 42 78 0 45 0 0 5 40 63 69 47 0 0 32 0 56 0 0 67 15 73 80 0 22 0 23 64 38 59 0 0 0 8 70 4 0 76 46 0 61 0 35 33 0 6 34 0 19 0 0 24 77 49 68 0 79 14 0
81 22 25 23 64 38 59 60 29 0 0 70 4 0 76 0 27 61 66 0 0 62 6 34 0 0 50 36 24 77 49 68 20 0 14 2 0 9 18 0 52 41 11 51 44 0 0 54 48 53 0 16 10 28 1 43 71 75 26 42 0 57 45 55 17 5 40 63 0 47 39 0 32 31 56 21 37 67 0 73 0
30 58 54 48 0 0 0 10 28 0 43 0 75 26 0 78 57 45 55 0 0 0 63 69 0 0 13 32 31 56 0 37 0 15 73 0 81 0 25 0 64 38 59 60 29 12 8 0 4 65 76 46 27 0 66 35 0 62 6 34 3 19 0 36 24 77 49 68 20 79 14 2 74 0 18 7 52 0 11 0 44
0 76 0 0 61 12 8 0 4 0 34 0 19 50 0 0 0 0 68 0 79 14 2 0 24 77 49 52 41 0 51 0 74 9 18 7 53 72 16 10 28 30 58 0 48 26 42 78 0 45 1 43 0 75 63 69 47 39 0 55 17 0 40 37 0 15 73 80 32 31 0 21 0 0 0 60 29 81 22 25 0
26 42 78 0 45 0 43 71 75 63 69 0 0 0 55 17 5 40 37 67 15 73 80 0 31 0 21 0 0 59 60 29 81 22 25 23 65 0 0 0 0 0 8 70 4 6 34 3 19 50 66 35 0 62 68 20 0 14 2 36 24 77 49 52 41 0 51 44 74 9 18 7 0 72 16 10 28 30 58 54 48
6 0 3 0 50 66 0 33 62 68 20 0 0 2 36 24 77 49 0 41 11 51 44 0 9 18 0 53 72 0 10 0 0 0 0 0 26 42 78 57 45 1 43 0 75 0 69 47 39 0 55 17 0 40 0 0 15 73 80 32 0 56 0 64 38 59 60 29 81 22 25 23 65 76 46 27 0 12 8 70 0
0 0 47 39 0 55 17 0 40 37 67 15 73 80 32 0 56 0 0 0 59 60 29 81 0 0 0 0 76 0 27 61 12 0 0 4 6 34 3 19 50 66 35 33 62 68 20 79 14 2 0 24 0 49 52 41 11 51 44 0 9 0 0 53 72 16 10 28 30 58 0 48 26 42 78 57 0 1 43 0 75
68 20 79 14 2 36 0 77 0 52 0 0 51 44 74 9 18 7 53 72 16 10 0 0 58 0 48 0 42 0 57 45 1 43 0 75 63 69 0 39 0 55 17 0 0 0 0 15 0 80 32 31 0 21 64 38 59 0 0 81 22 0 0 65 76 46 27 61 0 8 70 4 0 34 3 0 0 66 35 33 62
0 67 15 73 0 0 0 56 0 64 38 59 0 29 0 0 0 23 0 76 46 27 0 0 8 70 0 0 34 3 0 0 66 35 33 62 68 20 0 14 2 36 24 77 0 52 0 0 51 44 74 9 18 7 53 0 16 10 28 30 0 54 48 0 42 78 57 0 1 0 71 75 0 69 47 39 0 55 0 0 40
0 0 0 51 0 0 9 18 7 0 72 0 10 28 30 0 54 0 26 42 0 57 45 1 43 71 75 63 69 47 0 13 55 17 0 40 37 0 15 73 80 32 31 56 0 0 38 59 0 29 0 22 25 23 0 76 46 27 61 0 8 70 0 6 0 3 19 0 0 35 0 0 68 20 79 0 2 36 24 77 49
64 0 0 60 29 81 22 25 0 65 76 0 0 61 0 8 70 4 6 34 3 19 50 66 35 33 0 0 20 79 14 2 36 24 77 0 52 41 11 51 0 0 9 18 7 0 72 16 0 0 30 58 0 48 26 42 78 57 0 1 43 71 75 63 69 47 39 13 0 17 5 40 37 0 0 73 80 0 31 56 0
53 72 0 10 28 0 58 54 48 0 0 78 57 45 1 43 71 0 0 69 47 39 13 55 17 5 40 37 0 0 73 80 32 31 56 21 64 38 59 0 0 81 22 25 0 65 0 46 0 61 0 0 70 4 6 34 0 19 0 0 35 0 0 68 20 0 14 2 0 0 77 49 0 0 0 51 0 0 0 18 7
61 12 8 70 4 65 76 46 27 50 66 35 33 62 0 34 3 0 2 0 24 0 0 68 20 79 14 0 0 9 0 7 52 41 11 51 28 30 58 54 48 0 72 16 0 0 1 0 0 75 26 42 78 57 0 0 0 0 0 63 69 47 0 80 32 31 56 0 37 67 0 73 29 0 22 0 23 64 38 59 0
45 1 43 0 75 0 42 0 57 13 55 17 0 0 0 0 47 39 0 32 31 0 21 37 0 15 73 29 81 22 0 0 64 38 0 60 61 12 8 0 4 65 76 46 27 50 66 35 0 62 6 34 0 19 2 0 24 77 0 68 20 0 14 44 0 9 0 7 52 41 11 51 28 30 0 54 48 53 72 16 10
50 66 35 33 62 0 34 0 19 2 0 0 77 49 68 20 79 14 44 74 9 0 7 52 0 11 0 0 30 0 54 48 53 72 16 0 45 0 0 71 0 0 42 0 57 13 55 17 0 0 63 69 47 39 80 32 0 56 21 0 67 15 73 29 0 22 25 23 64 38 59 0 61 12 0 70 4 65 76 0 27
13 55 17 5 40 63 0 47 39 80 32 0 56 21 37 0 15 73 29 81 0 0 23 64 38 0 0 61 0 0 70 4 65 76 46 0 50 66 35 33 62 6 34 3 19 2 36 24 0 49 68 0 79 0 44 74 9 18 7 52 41 11 51 28 30 58 0 48 0 72 16 10 45 0 0 71 75 0 0 78 57
0 36 24 77 49 68 20 79 14 0 74 0 0 0 0 41 0 0 28 30 58 0 48 53 72 16 10 45 0 43 71 75 26 42 78 57 0 55 0 0 40 63 69 47 39 80 32 0 56 21 37 0 15 73 29 81 22 25 23 64 38 59 0 0 0 8 70 4 0 76 46 0 50 66 35 33 62 0 34 3 19
80 32 31 56 21 0 67 15 73 29 0 0 0 23 64 0 59 0 0 12 8 70 4 0 76 46 0 50 66 0 0 0 6 34 3 19 2 36 24 77 49 68 20 79 14 0 74 9 18 7 52 0 11 51 28 0 58 54 0 53 72 0 10 45 1 0 71 75 26 42 78 0 0 55 17 5 40 63 0 47 39
44 0 9 18 7 52 0 0 51 0 30 0 54 48 0 72 0 10 45 0 43 0 75 26 42 78 57 0 0 17 5 40 0 69 47 39 0 32 31 0 21 37 67 15 0 29 81 22 25 23 0 38 0 60 0 12 0 0 4 65 76 46 27 50 66 35 0 62 0 34 3 0 2 36 24 0 49 68 0 79 14
29 81 22 25 0 0 38 59 60 61 0 0 70 4 65 0 46 27 50 66 35 0 0 6 0 3 19 0 36 0 0 0 68 20 79 0 44 0 0 18 0 52 41 11 51 28 30 58 54 48 53 0 16 0 0 1 43 71 0 26 0 0 0 0 0 17 5 0 0 69 47 39 0 0 31 56 0 37 0 15 73
28 0 58 0 0 0 72 16 10 45 1 43 71 75 26 42 78 57 0 55 17 0 40 63 69 47 0 0 32 31 0 21 37 67 15 73 0 81 22 25 23 0 38 0 60 61 12 0 0 4 65 0 46 27 50 0 35 33 0 6 34 3 19 2 0 24 0 0 68 0 79 0 44 74 0 18 7 52 41 11 51
0 65 76 0 0 61 12 8 70 62 6 0 0 19 50 66 35 33 49 68 20 79 14 0 36 24 0 7 52 41 11 51 44 74 9 0 48 53 72 16 10 0 30 58 54 75 26 0 78 0 45 1 43 71 40 63 69 47 39 13 55 0 0 21 37 67 15 73 0 0 31 0 0 0 38 59 60 29 0 0 0
0 26 0 78 0 0 1 43 71 40 63 69 0 39 13 0 17 0 0 0 67 0 73 0 32 0 0 23 64 0 59 60 29 0 22 0 4 65 0 46 27 61 12 8 0 0 6 34 3 19 50 66 35 33 49 68 0 79 14 2 36 24 77 0 52 41 11 51 44 0 9 18 0 53 72 16 10 28 0 58 0
62 6 34 0 19 50 66 35 0 49 68 20 79 0 2 36 24 0 7 0 41 11 51 0 0 0 18 48 0 72 16 10 28 30 58 54 75 26 0 78 57 45 1 43 71 0 63 69 47 39 13 55 17 5 0 37 67 15 0 0 32 0 56 23 64 0 59 60 0 81 22 25 4 65 0 46 27 61 12 0 70
0 63 0 47 39 13 55 17 5 21 37 67 15 73 0 0 31 56 23 64 0 0 60 0 0 22 25 4 65 0 46 27 61 0 8 70 62 0 34 3 0 50 66 35 0 49 0 20 79 0 2 36 24 0 0 0 41 11 0 44 74 0 18 48 53 72 16 0 28 30 58 0 75 26 0 78 57 45 0 43 0
49 68 20 79 0 2 36 0 77 0 52 41 0 51 44 74 9 0 48 0 72 16 0 28 30 58 54 75 26 42 78 57 0 0 43 71 40 63 0 47 0 0 55 0 0 21 37 67 15 0 80 32 31 0 0 64 38 0 60 0 81 22 25 4 65 76 46 0 61 0 8 70 62 6 34 3 19 50 66 35 0
21 37 67 15 73 80 0 31 0 23 64 38 59 60 29 81 22 25 0 65 76 0 27 61 12 8 70 62 6 34 3 0 50 66 35 33 0 68 20 0 14 2 36 24 77 7 52 0 11 0 44 0 9 18 0 53 72 16 10 0 30 0 54 75 26 0 78 57 45 0 43 0 40 0 69 0 39 0 55 17 5
7 52 41 0 0 44 74 9 18 48 53 0 16 10 28 0 58 54 0 26 42 78 57 45 1 43 71 40 63 69 47 0 13 55 17 5 21 37 67 0 73 0 0 31 56 23 64 0 0 60 0 81 22 0 4 65 76 46 27 61 0 8 0 62 6 0 3 0 0 66 35 0 0 68 20 79 14 2 0 0 77
0 64 38 0 60 29 81 22 25 4 65 76 46 0 61 12 8 70 62 0 0 3 19 50 66 0 0 49 0 20 79 14 2 36 24 0 7 52 41 11 51 0 74 0 0 48 53 0 0 0 0 0 58 54 0 26 42 78 57 45 0 0 0 40 0 69 47 0 0 0 0 0 21 37 0 15 73 80 32 31 56
48 53 72 16 0 0 30 58 54 75 26 42 78 57 45 1 0 71 0 63 0 47 39 13 55 0 0 0 37 67 15 73 80 32 31 0 23 64 0 59 60 0 0 22 0 4 65 0 46 27 61 12 8 70 62 0 34 3 19 50 0 35 33 49 0 20 0 0 2 0 24 77 7 52 41 0 51 44 74 9 18
0 61 0 8 70 4 65 0 0 19 50 66 35 33 0 6 34 0 14 0 0 24 77 49 0 20 79 51 0 74 9 18 0 52 41 11 10 28 30 0 54 48 53 72 0 57 45 0 43 0 75 0 42 78 0 13 55 17 5 40 0 69 47 73 80 0 31 56 21 0 0 0 60 0 81 22 0 0 64 0 0
57 45 1 43 0 75 26 42 0 39 0 55 0 5 40 0 69 47 0 80 32 0 56 0 37 0 0 0 29 81 22 0 23 0 38 0 27 61 12 0 0 0 65 0 46 19 50 66 35 33 62 6 0 0 14 2 36 24 77 49 68 0 79 0 44 74 0 18 7 52 0 0 10 28 30 0 54 0 0 72 16
19 50 66 35 0 62 6 34 3 14 2 36 24 77 49 68 20 79 51 44 74 9 18 7 52 0 11 10 28 30 58 54 48 53 72 16 0 0 1 43 0 75 26 42 0 0 13 0 17 5 0 63 0 47 73 80 0 31 56 21 37 67 0 60 29 81 0 0 23 0 0 59 27 61 12 8 70 4 65 76 46
39 13 0 0 0 40 0 69 47 73 0 32 31 56 0 37 0 0 0 29 81 22 0 23 64 0 0 27 61 12 0 70 4 0 0 46 19 50 66 35 0 62 0 34 3 14 0 36 24 77 49 0 20 79 0 44 74 9 0 7 0 41 0 10 0 30 0 0 0 0 72 16 0 0 1 43 71 75 26 42 78
14 2 36 0 77 49 0 20 0 51 44 0 0 18 7 52 41 11 10 0 30 0 54 48 0 72 0 57 0 0 43 0 0 0 42 78 39 13 55 17 0 40 63 69 0 73 80 32 31 0 21 37 67 15 60 29 81 22 25 0 0 0 59 27 0 12 8 70 4 65 76 0 19 50 66 35 33 62 6 0 3
73 0 32 0 56 0 37 67 15 60 0 81 0 25 23 64 38 59 27 61 0 8 0 4 65 0 46 0 0 0 35 0 62 6 34 3 0 0 36 0 77 49 68 0 79 0 0 74 9 18 7 52 41 0 10 0 30 0 0 48 53 72 16 57 45 0 43 71 75 26 0 0 39 13 55 17 5 40 63 69 47
0 0 74 0 18 7 52 41 0 10 28 0 58 54 0 53 72 16 57 45 0 43 71 0 26 0 78 0 13 55 17 5 0 0 69 0 73 80 32 0 56 21 37 0 0 60 29 81 0 25 23 0 0 59 0 61 0 8 0 0 0 76 0 0 0 66 35 33 62 6 34 3 14 2 36 24 77 49 68 0 0
60 29 81 22 25 23 64 38 59 27 0 12 0 70 4 0 0 46 0 50 66 35 0 0 6 34 3 14 2 36 24 77 49 68 20 79 51 0 74 9 0 7 52 41 11 10 28 30 58 54 48 0 72 16 0 45 1 43 71 75 0 42 0 39 0 55 0 5 40 0 69 47 73 0 32 31 56 0 37 67 0
10 0 0 0 0 0 0 72 0 57 45 1 43 0 0 26 42 78 0 13 55 0 5 40 63 69 47 0 80 0 31 56 0 0 67 15 0 29 81 22 25 23 64 38 59 27 61 0 0 0 0 65 76 0 19 50 66 35 33 62 6 34 3 14 0 36 24 77 49 68 20 79 51 44 74 9 0 7 0 41 11
