9
41 0 63 61 45 0 0 74 0 15 0 78 65 80 3 4 42 58 0 30 0 31 70 0 0 14 26 56 0 51 29 0 0 22 55 69 5 0 59 0 0 0 0 44 75 35 36 33 38 23 0 0 28 43 53 0 0 0 19 1 73 17 60 48 79 0 39 2 0 0 66 7 24 20 21 34 46 50 57 37 11
0 0 0 65 80 3 4 42 58 0 30 40 0 0 8 52 0 26 56 25 51 29 0 0 0 55 69 5 27 59 0 77 0 0 44 75 35 0 0 0 0 9 0 0 43 53 72 54 67 19 1 73 17 60 48 79 16 39 2 49 47 66 0 0 20 21 34 46 0 57 37 11 41 13 63 0 0 18 10 74 6
76 30 0 31 70 8 0 14 26 0 25 0 0 0 68 0 55 69 5 27 59 32 77 0 81 0 75 0 36 33 38 0 9 64 28 0 0 0 54 67 19 1 73 17 0 48 79 0 0 2 49 47 66 7 24 0 21 34 46 50 57 0 11 0 13 63 0 0 18 0 74 6 15 71 78 0 0 0 4 42 58
0 0 51 29 0 68 22 55 69 5 27 59 32 0 62 0 0 75 35 36 33 0 0 9 0 0 43 53 72 54 0 19 1 0 0 60 48 79 16 0 2 49 47 66 0 0 20 0 34 0 0 57 37 11 0 0 63 61 45 18 10 0 6 15 71 78 65 80 3 0 42 0 0 30 0 31 70 8 0 0 26
5 0 59 32 77 62 81 0 75 0 0 33 38 23 9 64 28 0 53 72 0 67 19 1 73 17 60 0 79 16 39 2 49 0 66 7 24 0 21 34 46 0 0 37 11 41 0 63 0 45 0 10 0 6 15 0 0 0 80 3 4 0 58 76 30 40 0 70 8 52 0 0 0 25 51 0 12 68 0 0 0
0 0 33 0 23 9 64 28 43 53 72 0 67 0 1 73 17 60 48 79 16 39 2 0 47 0 7 24 20 21 0 0 50 57 37 11 41 13 63 61 0 18 10 0 6 15 71 78 0 80 0 4 42 0 76 30 40 0 70 8 52 14 26 56 25 51 0 0 68 22 55 69 0 27 59 32 0 62 0 44 75
53 72 54 67 19 0 73 0 60 48 79 16 39 2 49 0 66 7 24 20 21 34 46 50 0 37 0 41 0 0 61 45 18 10 74 6 15 0 0 65 80 3 4 0 58 76 30 40 0 70 0 52 14 26 56 25 51 0 12 68 0 0 69 0 27 59 32 77 62 81 44 75 35 36 0 0 23 9 64 0 0
0 79 0 39 2 49 0 0 0 24 20 21 34 46 0 57 37 11 41 13 0 61 45 0 10 74 0 15 0 78 65 80 3 4 42 0 76 30 40 31 70 8 52 14 0 56 25 0 29 0 68 0 55 69 5 27 59 32 77 62 81 44 75 0 36 0 38 23 0 64 28 43 53 72 54 67 0 1 73 17 0
24 20 21 34 46 50 57 37 11 41 13 63 61 0 18 10 74 6 15 0 78 65 80 0 4 42 58 76 30 40 31 70 8 0 14 26 0 25 51 29 12 0 0 55 69 5 0 59 32 0 0 81 44 0 0 36 33 0 23 9 64 28 43 53 72 54 67 19 0 73 0 60 48 79 16 39 0 0 0 66 0
13 63 61 45 18 10 74 6 41 0 0 65 80 3 4 42 58 15 30 0 31 70 8 0 0 0 0 25 0 29 12 68 0 0 0 0 27 0 32 0 0 81 44 75 5 36 0 38 23 9 64 28 43 35 0 0 67 19 1 73 0 0 0 79 16 39 2 0 47 66 0 48 20 0 0 46 50 57 37 0 24
71 0 65 80 3 0 42 0 15 30 40 31 70 8 52 14 26 76 0 51 29 12 68 0 0 69 56 27 59 32 77 62 81 44 75 5 0 0 0 23 0 64 28 43 0 72 54 67 19 1 0 17 60 0 0 16 39 2 0 47 0 0 48 20 0 34 46 0 57 37 0 24 13 63 61 45 18 10 74 0 0
30 0 31 70 8 52 0 0 76 25 0 0 0 68 0 55 69 0 27 0 32 77 62 81 44 75 5 36 33 0 0 9 64 0 0 35 72 54 67 19 1 0 17 0 53 79 16 39 0 49 47 66 7 48 20 21 34 46 0 57 37 11 24 13 63 61 45 18 10 74 6 41 71 0 65 80 0 4 42 0 15
25 51 0 12 68 0 55 69 56 0 0 0 77 62 81 0 75 5 0 33 38 23 9 64 28 43 35 0 0 0 0 1 73 17 60 53 79 0 39 0 49 47 66 7 48 20 0 0 46 50 57 37 0 24 13 63 61 45 18 10 74 6 41 0 78 65 80 0 4 42 58 15 30 0 31 70 8 52 14 0 0
27 59 0 0 62 0 44 0 0 36 0 38 23 9 64 28 0 35 72 0 67 19 1 73 0 60 0 79 0 0 0 49 47 66 7 0 20 21 0 46 50 57 0 0 24 13 63 0 45 18 10 74 0 41 0 78 65 80 3 4 42 58 15 30 40 31 0 8 52 14 26 76 25 0 0 0 68 0 55 69 56
0 0 0 0 9 64 0 43 35 72 54 67 19 0 73 17 60 0 79 0 39 2 0 47 66 0 48 20 21 0 46 50 0 37 11 0 13 0 61 0 18 10 74 0 41 0 0 0 0 0 4 42 58 15 30 0 0 0 8 0 14 26 76 25 51 29 0 68 0 55 0 0 27 59 32 77 62 0 0 75 5
72 54 0 19 0 73 17 60 0 0 16 39 2 0 47 0 0 48 20 21 0 0 50 0 37 11 0 0 63 61 45 18 10 74 6 41 71 78 0 80 3 4 42 0 0 30 40 31 70 8 52 14 26 76 0 51 29 12 0 22 55 69 56 27 59 32 0 0 81 0 0 5 36 0 38 23 9 64 0 43 0
79 16 39 2 49 47 0 7 0 20 21 0 0 0 57 0 0 24 13 63 61 45 18 0 74 6 41 71 0 65 0 3 4 0 58 15 30 40 31 0 0 52 14 26 0 25 51 29 12 68 0 55 0 56 27 0 32 77 62 81 0 75 0 0 33 38 23 9 64 28 43 35 72 54 67 19 0 0 0 0 53
20 0 34 46 50 57 37 0 24 0 0 0 45 0 10 74 6 41 71 78 0 80 3 0 0 0 15 0 40 0 0 8 52 0 26 0 25 51 29 12 68 22 0 69 56 27 59 32 0 62 81 44 0 5 36 33 0 0 9 64 0 43 35 72 54 67 19 1 73 17 60 53 79 0 39 2 0 0 0 7 0
63 0 45 18 0 74 6 0 0 0 65 80 3 4 42 58 15 71 0 0 70 0 52 14 26 76 30 51 29 12 68 22 55 69 56 25 59 32 0 62 81 44 75 5 0 33 38 23 9 0 28 0 0 36 0 67 19 0 0 17 60 0 72 16 39 2 49 47 66 7 48 79 21 34 46 50 57 37 11 24 20
78 65 0 3 4 42 58 0 71 40 0 70 8 0 14 0 76 30 51 29 12 68 0 55 69 0 25 59 32 77 62 0 0 75 5 0 0 38 23 9 64 28 0 0 36 54 67 19 1 73 17 0 53 72 16 39 2 49 47 0 7 48 79 21 34 46 50 57 37 11 0 20 63 61 0 18 10 74 0 0 0
40 0 70 8 52 0 26 76 30 0 29 0 0 22 55 69 0 25 59 32 77 62 0 0 0 5 27 33 0 23 0 64 28 0 35 0 54 67 19 0 73 17 0 53 72 16 39 0 49 0 66 0 48 79 21 0 46 50 0 0 0 24 20 0 61 0 18 10 74 0 41 13 78 0 80 3 4 42 58 15 71
51 29 12 0 22 0 69 56 25 59 32 77 62 81 44 0 0 27 33 38 23 0 0 28 43 0 36 0 67 19 0 73 17 60 53 72 16 39 2 49 47 0 7 0 0 21 0 46 50 57 37 11 0 0 63 0 45 0 10 0 6 41 13 0 65 80 3 4 0 58 15 71 40 31 70 8 52 14 26 76 30
0 32 77 62 81 44 0 5 27 0 38 23 9 64 0 43 35 36 0 67 19 1 73 17 0 53 72 16 39 2 49 47 66 7 48 79 0 34 46 0 0 37 11 24 20 0 0 45 0 0 74 0 0 13 78 65 80 3 4 42 58 15 0 40 0 0 8 52 14 0 0 0 51 29 0 68 22 55 69 56 25
33 38 23 9 64 28 43 35 36 54 0 0 1 0 17 60 0 0 0 0 2 49 47 66 0 48 0 21 34 0 50 0 37 11 24 20 63 61 0 18 10 74 0 0 13 78 0 80 3 4 42 0 0 0 40 31 70 0 52 0 26 76 0 0 0 12 68 22 0 69 0 25 59 32 77 62 81 44 75 5 27
54 0 19 1 73 0 60 53 72 16 39 2 0 47 0 7 48 79 21 34 46 50 57 0 11 24 20 63 61 45 18 0 74 0 41 13 78 65 80 3 4 0 58 15 71 40 0 70 8 0 14 26 76 30 51 29 0 68 22 55 0 56 0 59 32 77 0 81 44 75 0 27 33 0 23 0 64 28 43 35 36
0 39 0 0 47 0 7 0 79 21 34 46 50 57 37 11 24 0 0 61 45 18 10 74 6 0 13 78 0 80 3 0 42 58 0 0 40 31 70 0 0 14 26 76 0 51 0 12 68 0 0 0 0 25 59 32 0 0 0 44 0 0 27 33 38 23 0 64 0 43 35 36 54 67 19 0 73 17 60 53 72
21 34 46 50 57 37 0 24 20 63 0 0 18 0 74 6 41 13 78 0 80 3 4 42 58 15 71 0 31 70 0 52 14 26 76 0 0 29 0 68 22 55 0 56 25 59 32 77 62 81 44 0 5 0 0 38 23 9 64 28 43 35 36 54 67 19 1 73 17 0 53 0 16 39 2 0 47 0 7 0 79
61 45 18 10 0 6 41 13 63 0 80 3 4 42 58 15 71 0 31 70 8 52 14 26 76 30 0 29 12 0 22 0 0 56 25 0 32 77 62 81 44 75 0 27 59 38 23 0 0 28 43 35 36 33 67 19 1 73 17 60 0 0 54 39 2 49 47 66 7 48 79 16 34 0 0 0 37 11 24 20 21
0 80 3 4 0 58 0 71 0 31 70 0 52 0 26 0 30 0 29 0 0 22 55 69 0 25 51 0 77 62 81 0 0 5 27 0 0 0 9 64 28 43 35 36 0 67 19 1 0 17 60 0 72 54 39 2 49 47 66 7 48 79 16 0 46 50 57 37 0 24 0 21 61 45 18 10 0 6 41 13 0
31 70 8 52 0 26 76 30 40 0 12 0 22 0 69 56 25 51 32 0 62 81 44 75 5 27 59 38 23 9 64 0 43 35 0 33 0 19 1 73 17 60 53 0 54 39 2 49 47 66 7 48 0 16 34 0 0 57 37 11 24 0 21 61 0 0 10 74 6 41 13 0 65 80 0 4 42 0 15 71 78
0 12 0 0 55 69 0 0 51 0 77 0 0 44 0 5 0 59 0 23 9 0 28 43 35 36 33 67 19 1 0 17 60 53 72 54 39 2 49 47 66 0 48 79 16 34 46 0 57 37 11 24 20 21 61 45 18 10 74 6 41 0 0 65 80 0 4 0 58 15 0 78 0 70 8 52 0 26 76 30 0
0 77 62 81 44 75 0 27 59 38 23 9 64 28 43 35 36 33 67 19 1 73 17 60 53 72 54 0 2 49 47 66 7 48 79 16 34 0 0 0 37 11 24 20 21 61 45 18 10 74 6 41 13 63 0 0 3 4 0 58 15 71 78 31 0 0 52 0 0 76 0 40 29 12 0 22 55 69 56 25 0
38 0 9 0 28 0 35 36 33 67 19 0 73 0 60 0 72 0 39 0 49 47 66 7 48 0 0 34 46 50 57 37 11 24 20 0 0 45 18 10 0 6 41 0 0 65 80 3 4 42 58 15 71 78 31 70 0 0 14 26 0 30 0 29 12 0 0 55 69 56 25 51 0 77 62 81 44 0 5 27 59
67 19 1 73 17 60 53 72 54 39 0 49 47 66 7 48 79 0 0 46 50 57 37 11 0 0 0 61 45 0 10 74 6 41 13 63 65 80 0 0 42 0 15 0 78 0 70 8 52 14 0 76 0 40 29 12 0 22 0 0 0 0 51 0 77 0 81 44 75 5 27 59 38 23 9 64 28 43 35 36 33
39 0 49 0 66 0 0 79 0 34 46 50 57 37 11 24 20 21 0 45 18 10 74 6 41 13 63 0 0 3 4 0 58 15 71 78 31 0 8 52 14 26 76 0 40 29 12 68 22 55 0 0 25 0 32 77 62 0 44 75 0 0 59 38 23 9 64 28 0 0 36 33 0 0 1 73 17 0 53 0 54
34 46 50 0 37 11 24 20 0 61 45 18 0 74 6 0 13 0 65 80 3 4 42 0 0 71 78 31 70 0 0 0 26 76 0 40 29 12 68 22 55 69 0 0 51 32 77 62 81 44 75 5 0 59 38 23 9 0 28 43 0 36 33 67 0 1 73 17 60 0 0 54 0 2 49 47 66 0 0 79 16
45 18 10 0 6 41 13 63 61 80 0 0 42 0 0 71 0 0 70 8 52 14 26 0 30 40 31 12 68 22 55 69 56 25 51 29 0 62 81 44 75 5 27 59 32 23 9 64 28 43 35 0 33 38 19 0 0 0 60 53 72 54 67 2 49 0 66 7 0 79 16 39 46 0 57 37 11 0 20 0 34
80 0 4 42 0 15 0 78 0 70 8 52 14 26 0 30 40 31 12 68 22 0 69 0 0 51 29 0 62 81 0 75 5 0 0 32 23 0 64 28 0 35 36 33 0 19 1 73 17 0 0 0 54 67 2 49 47 66 7 48 79 0 39 46 50 0 37 0 0 20 21 34 45 18 0 0 0 41 13 63 61
70 0 52 0 26 0 0 40 0 12 0 22 55 69 56 25 51 0 77 62 81 44 75 0 27 0 32 0 0 64 0 43 0 0 33 38 19 1 73 0 0 53 0 0 67 0 0 47 0 0 48 79 16 0 46 0 57 37 11 0 0 21 0 45 18 10 74 6 0 0 63 61 80 0 4 42 58 15 71 78 0
12 68 22 55 69 56 0 51 29 0 62 81 44 75 5 27 59 32 23 9 64 0 43 35 0 33 0 19 1 0 0 60 53 72 54 67 2 0 0 66 0 48 79 16 0 46 50 57 37 11 0 20 0 34 45 18 0 74 6 0 0 63 61 80 0 4 42 58 0 71 78 0 70 8 52 14 26 0 0 0 31
77 62 0 0 75 5 0 0 0 23 9 64 28 43 35 36 0 38 0 1 0 17 60 53 72 54 67 2 0 47 66 7 0 0 16 39 46 50 57 37 11 24 20 0 34 0 18 10 0 6 41 13 63 61 80 3 4 42 58 0 0 0 65 70 0 0 0 26 76 0 0 31 12 68 22 55 0 0 25 51 29
23 9 0 28 0 35 0 33 0 19 0 73 0 60 53 72 54 0 2 49 47 66 7 48 79 0 39 0 50 0 37 0 24 20 0 34 0 18 10 0 6 0 13 63 61 80 3 4 0 0 15 0 0 0 70 0 0 14 26 0 0 0 31 12 68 22 0 69 56 0 51 0 77 62 81 0 75 5 27 59 32
0 1 73 17 60 0 0 54 67 2 49 47 66 7 48 0 0 0 46 50 0 37 11 24 0 0 34 0 18 10 74 6 0 13 63 0 80 0 0 0 0 0 71 78 65 70 8 52 0 26 0 30 40 31 0 68 0 0 0 0 0 51 29 77 62 81 44 75 0 27 0 32 0 0 64 28 43 0 36 33 38
2 0 0 66 7 48 0 16 39 0 50 0 37 11 24 20 0 0 45 18 10 74 0 0 0 63 61 0 3 4 42 0 15 71 78 65 70 0 52 14 0 76 0 0 31 0 68 22 0 69 56 25 51 29 0 62 0 44 75 5 27 59 0 23 9 0 28 43 35 36 33 0 19 1 0 0 60 53 72 54 67
0 50 57 0 11 24 20 0 0 45 18 10 74 6 41 13 63 61 80 3 4 0 58 0 71 78 65 70 8 52 14 26 0 30 40 31 12 68 22 0 0 56 25 51 29 77 62 0 0 75 0 0 0 32 0 9 64 28 43 0 36 33 38 0 1 0 0 60 53 72 54 67 2 49 47 66 7 48 0 0 0
18 10 74 6 0 13 63 61 0 3 4 42 58 15 0 0 65 0 8 52 14 26 76 30 0 31 70 68 22 55 0 56 0 0 29 12 62 81 44 0 5 27 59 32 77 9 64 28 43 35 0 33 38 23 1 73 17 60 0 72 0 67 0 0 47 66 7 48 79 0 39 0 0 57 0 0 24 20 0 34 46
0 4 42 0 15 0 78 65 80 8 52 0 26 76 0 40 31 70 68 22 55 69 56 25 51 0 0 62 81 44 0 5 0 0 32 77 9 64 0 0 35 36 33 38 23 1 73 17 60 53 72 0 67 0 49 47 66 7 0 79 0 39 2 50 57 37 11 24 20 21 34 46 0 10 74 0 41 13 63 0 45
8 0 14 26 76 30 40 0 70 0 22 55 69 0 0 51 29 12 62 81 44 0 0 0 59 32 0 9 0 28 43 0 36 0 38 0 0 0 17 60 53 72 0 67 19 49 0 0 7 48 79 16 0 2 0 57 0 0 24 0 21 0 46 0 10 74 0 41 13 63 61 45 0 4 42 58 15 71 0 65 80
68 22 0 0 0 0 51 29 12 62 81 0 75 0 0 0 32 77 0 0 0 43 35 0 33 38 23 0 73 17 0 0 72 54 67 0 49 47 66 7 48 79 0 39 2 50 57 37 11 24 20 21 0 46 18 10 74 0 41 13 63 61 45 3 4 42 58 15 71 78 0 80 8 52 14 26 76 0 0 31 70
0 81 0 75 5 27 0 0 77 9 0 0 43 35 36 33 38 23 1 73 17 60 0 72 54 67 19 49 0 66 7 0 79 16 39 2 0 57 37 11 24 20 21 0 46 18 10 0 6 0 0 0 61 45 0 4 0 58 15 71 78 65 80 0 52 0 0 76 30 40 0 0 68 22 0 69 56 25 51 29 12
0 64 28 43 35 36 33 38 23 1 0 17 60 53 72 0 67 19 49 47 0 7 0 79 16 39 2 0 57 37 11 0 20 21 34 0 0 10 74 6 41 0 63 61 45 3 4 42 58 0 0 78 65 0 8 0 0 26 76 30 0 0 70 68 0 0 69 56 25 51 29 12 62 81 44 75 0 27 0 32 77
1 73 17 0 0 72 54 67 19 49 0 66 7 0 79 16 39 2 50 57 37 11 0 20 21 34 46 0 10 74 6 41 0 0 61 0 3 4 42 58 15 0 78 0 80 8 0 14 26 76 30 40 31 0 68 0 0 69 56 25 51 0 0 62 81 0 75 5 27 59 32 77 9 0 28 43 35 36 33 38 23
0 47 66 0 48 0 16 0 2 0 57 37 11 0 20 0 0 46 18 10 74 6 41 13 0 61 0 3 4 42 58 15 71 78 0 80 8 0 14 26 76 30 40 31 70 0 22 0 69 56 25 0 29 12 0 0 44 75 0 27 59 32 77 0 64 0 43 35 36 33 38 23 1 73 17 0 53 72 0 67 19
50 57 37 11 0 0 0 34 46 18 10 74 6 0 13 63 61 45 3 4 0 58 0 71 78 65 80 8 52 14 0 76 30 40 31 70 68 0 55 0 0 25 51 29 12 62 0 0 75 0 0 0 32 77 0 0 28 43 35 36 33 38 0 1 73 17 60 53 0 54 67 19 49 47 66 0 48 79 16 39 2
0 74 6 0 13 63 61 45 18 4 42 58 0 71 0 65 0 3 52 14 0 76 30 40 31 0 0 22 55 69 0 25 51 0 0 0 81 44 75 5 27 0 32 77 0 64 0 0 35 36 0 38 0 9 73 0 60 0 72 54 67 19 0 0 0 7 0 79 0 0 2 0 57 37 0 24 0 0 34 46 50
4 42 58 15 0 0 65 80 3 52 0 26 76 30 40 0 70 8 22 0 69 56 25 51 29 12 68 81 44 0 5 27 59 32 77 62 0 0 0 35 0 33 38 23 9 0 0 60 53 0 54 67 19 1 0 66 7 48 79 16 39 2 0 57 0 11 24 0 21 34 0 50 10 74 6 0 13 63 61 0 18
0 0 0 76 30 40 31 70 0 22 55 69 0 25 51 0 12 68 0 44 75 5 27 0 0 77 62 0 28 43 35 36 33 38 23 9 73 0 60 53 72 54 67 19 0 0 0 7 48 0 0 39 2 0 57 37 0 24 0 21 34 46 50 10 74 6 41 0 0 61 0 0 4 42 58 15 0 0 65 0 3
22 55 69 56 25 51 29 0 68 81 44 75 0 0 59 32 77 62 64 28 0 0 36 33 38 0 9 73 17 60 53 72 54 0 19 1 47 66 0 48 0 16 0 2 49 57 37 0 24 20 21 34 46 0 10 0 0 41 13 63 61 0 18 4 0 0 15 71 78 65 0 0 52 14 26 0 30 40 0 0 0
81 44 75 5 27 0 32 0 0 64 28 43 0 0 0 38 23 9 73 0 60 53 72 54 67 19 0 47 66 7 48 0 0 39 2 0 0 0 11 24 20 21 34 0 0 10 74 0 41 13 0 61 0 0 4 42 58 15 71 78 65 80 3 52 14 26 76 30 40 31 70 0 0 55 69 56 25 0 29 12 68
0 28 43 0 0 33 38 23 0 73 0 60 53 0 54 0 19 0 47 66 0 48 0 0 0 0 49 57 0 11 24 0 21 34 46 50 10 74 6 0 0 63 61 45 18 4 42 58 15 71 0 0 0 0 0 14 26 0 30 40 31 70 8 22 55 69 56 25 51 29 0 0 81 44 0 5 27 59 32 77 62
0 17 60 53 72 0 67 19 0 47 66 7 48 0 16 39 0 0 57 0 0 24 20 21 34 46 0 10 74 6 41 0 63 61 45 18 4 42 0 0 71 78 0 0 3 52 0 26 76 0 40 31 70 8 0 0 69 0 0 0 0 12 68 81 44 75 5 27 59 32 0 62 64 0 43 35 36 0 38 23 0
47 0 7 0 79 16 39 2 0 57 0 0 0 20 21 0 46 50 0 0 6 41 13 63 0 45 18 0 42 0 15 0 78 65 0 3 52 14 26 0 30 0 31 70 8 0 55 69 0 25 51 29 12 68 0 44 75 5 27 59 32 0 0 0 28 43 35 36 33 0 23 9 73 0 60 53 72 54 0 19 0
57 0 11 0 20 0 34 46 50 10 74 0 0 13 0 0 0 0 4 42 0 15 71 78 65 80 3 52 0 0 0 30 40 31 0 8 22 55 69 56 25 51 29 12 68 81 44 0 5 27 0 32 77 62 64 0 43 35 36 0 0 23 0 0 17 60 53 72 54 67 19 1 0 66 0 48 79 16 0 2 49
74 0 41 13 63 61 45 18 10 0 58 15 0 78 0 80 3 4 14 0 0 30 0 0 70 8 0 0 69 0 25 51 29 0 68 0 44 75 5 27 59 0 0 62 81 28 43 35 36 33 38 0 9 0 17 60 0 0 54 67 19 0 73 66 7 48 79 16 39 2 49 47 37 11 0 0 21 0 46 0 57
42 0 15 71 0 0 0 3 4 0 26 76 30 40 31 70 8 52 55 69 0 25 51 29 0 0 22 44 75 5 27 59 32 77 62 81 28 43 35 0 33 0 23 9 64 0 60 53 72 54 67 0 1 0 66 7 48 0 0 39 2 0 0 0 11 0 20 21 34 0 0 57 0 6 0 13 63 61 45 0 0
14 26 76 0 40 31 0 8 52 55 69 56 25 51 0 12 0 22 0 75 0 27 59 32 77 0 81 0 0 35 36 33 38 23 9 0 17 0 53 72 54 0 19 1 0 66 0 0 79 0 39 0 49 47 37 11 0 0 0 34 46 50 57 74 6 0 13 0 61 45 18 10 42 58 15 71 78 65 80 3 4
55 69 56 25 51 29 12 68 22 44 75 5 0 59 32 77 62 81 28 43 35 0 33 0 23 9 64 17 60 0 72 54 0 19 1 73 66 7 0 79 16 39 2 49 47 37 11 24 0 0 34 46 50 57 0 6 41 13 0 61 45 18 10 42 58 15 71 78 65 0 3 4 0 26 76 0 0 0 70 8 52
44 75 5 27 0 32 0 0 0 28 43 35 36 0 38 23 0 64 17 60 53 72 54 0 0 1 0 66 7 0 79 16 39 0 0 47 0 11 24 20 0 34 0 0 57 74 6 41 13 63 61 45 18 0 42 0 15 0 78 0 80 3 0 14 0 76 30 40 0 70 0 52 55 0 0 0 51 29 0 68 0
28 43 35 36 0 38 0 9 64 0 60 53 0 54 67 19 1 73 0 7 0 79 16 39 2 49 47 37 11 0 20 0 34 0 0 0 0 0 41 0 0 61 45 0 10 42 58 15 71 78 0 0 3 4 14 0 76 0 40 0 70 0 52 55 69 56 0 51 29 12 0 22 44 75 5 27 0 32 77 62 81
17 60 53 72 54 67 19 0 0 66 7 48 79 16 0 2 49 0 37 11 0 0 21 0 46 50 57 74 0 41 13 63 61 0 0 10 42 0 15 0 78 65 80 3 4 0 26 76 30 0 31 70 8 0 0 0 0 25 0 29 12 0 0 44 75 0 27 59 32 77 62 81 28 0 35 0 33 38 23 0 0
66 7 48 79 0 39 2 49 0 37 0 24 20 0 34 46 50 57 74 6 0 13 63 61 45 18 10 42 58 0 71 78 65 80 3 0 0 0 76 0 0 0 70 8 52 0 69 56 25 0 29 12 68 22 44 75 5 0 59 0 77 62 81 0 0 35 36 33 38 23 9 64 17 60 53 72 54 0 19 1 73
0 11 24 20 21 34 46 50 57 74 6 0 0 63 61 0 18 10 42 58 15 0 0 65 80 3 4 14 26 76 30 40 31 70 8 52 55 0 56 25 0 0 12 0 22 44 75 5 27 59 32 77 62 0 28 43 35 36 33 0 0 9 64 17 60 0 72 54 0 0 0 73 66 0 48 79 16 0 2 49 0
0 41 0 63 0 45 0 10 74 58 0 71 0 65 0 3 4 42 26 76 30 0 31 70 8 52 14 69 56 25 0 29 12 0 0 55 0 5 27 59 32 77 0 0 0 0 35 36 33 38 23 9 64 28 60 53 0 54 0 0 1 73 17 7 48 0 16 39 0 49 0 66 11 0 20 21 34 46 0 57 37
58 15 71 78 65 80 3 4 42 26 76 0 40 31 70 8 52 14 69 56 25 0 29 12 68 0 55 75 0 0 0 0 0 62 81 0 43 0 0 33 38 0 9 64 0 60 53 0 0 0 19 1 73 17 7 0 79 0 39 2 49 0 66 11 24 0 21 0 46 0 57 37 0 0 13 63 61 45 0 0 74
0 76 0 0 0 0 0 52 14 0 0 25 51 29 12 68 22 55 0 5 27 59 32 0 62 81 44 43 0 36 0 38 0 9 64 28 60 53 72 54 67 19 0 0 17 7 48 79 16 39 2 49 47 66 11 24 0 21 34 46 50 57 37 0 0 0 0 61 0 18 10 0 0 15 71 0 65 80 0 4 42
0 56 25 51 29 12 68 22 55 75 5 0 59 32 77 62 81 0 43 0 36 33 38 23 0 64 28 0 53 0 54 0 19 1 73 0 7 0 79 16 39 2 49 47 66 11 24 20 21 34 0 50 0 37 6 41 13 0 61 45 18 10 74 58 15 0 78 0 80 3 0 42 0 76 30 40 31 70 8 52 0
75 5 27 0 32 77 0 81 44 43 35 36 33 38 23 9 64 0 0 53 72 0 67 0 1 73 17 7 48 79 16 39 2 49 47 66 11 0 20 21 0 46 50 57 0 6 0 13 0 61 45 18 10 74 0 0 0 0 0 0 0 4 42 26 76 0 0 0 0 8 52 14 0 56 0 51 29 0 68 22 0
43 35 0 33 38 23 0 64 0 60 53 0 54 0 19 0 73 17 0 48 0 16 39 2 49 47 0 11 24 20 0 34 46 50 57 37 6 41 13 63 0 45 18 10 0 58 15 71 0 65 80 3 4 42 0 76 30 40 31 70 0 52 14 69 0 25 51 29 0 68 22 55 0 5 27 59 32 77 0 81 0
0 53 72 54 0 19 0 73 0 0 48 79 0 39 2 49 47 66 0 24 0 21 0 46 0 57 37 6 41 0 63 61 0 0 10 74 0 15 71 78 65 80 0 0 42 26 76 30 40 31 70 8 52 14 69 56 0 51 29 0 68 22 55 75 5 27 59 32 77 62 81 44 43 35 36 0 0 0 0 64 28
0 0 79 16 39 0 49 47 66 11 24 20 21 0 46 50 57 37 6 41 13 63 61 45 18 10 74 58 15 71 78 65 0 0 4 0 26 76 30 40 0 70 8 52 0 0 56 25 51 0 0 68 0 55 75 5 27 59 32 0 62 81 44 43 35 36 33 0 23 9 64 0 60 53 0 54 67 19 1 73 17
0 24 20 0 34 46 0 57 37 0 0 13 63 61 45 18 10 74 58 15 0 78 0 80 3 4 0 0 76 30 0 31 0 8 52 14 69 56 0 0 29 0 68 22 55 75 5 0 59 0 77 0 81 0 43 35 0 0 38 23 9 0 28 60 0 72 54 67 19 1 73 17 7 0 79 16 0 2 0 47 66