9
77 0 0 76 0 49 10 46 0 51 67 3 0 20 11 0 0 0 73 18 64 75 32 0 81 56 0 21 71 79 9 78 54 63 52 0 0 68 25 22 0 28 34 29 0 0 47 6 0 58 0 0 62 0 15 1 0 8 70 16 55 0 36 0 30 80 41 44 0 7 31 65 0 39 5 72 4 14 60 24 48
17 68 25 0 53 28 34 29 66 26 47 6 0 58 0 0 62 35 15 0 0 8 70 16 0 23 0 0 30 80 41 44 0 0 31 65 50 0 5 72 4 14 0 24 48 0 0 59 0 19 49 0 0 69 51 67 0 2 20 11 0 42 45 73 18 0 75 32 33 0 56 27 0 71 79 9 78 0 63 52 74
50 39 0 72 4 14 60 24 48 77 43 0 0 19 0 0 0 69 51 67 3 2 0 11 61 42 45 73 18 0 75 32 0 0 0 0 0 71 0 0 78 0 0 52 74 17 0 0 22 53 28 0 29 66 0 0 0 12 0 38 0 0 0 0 1 13 8 70 16 0 23 36 37 30 80 41 44 40 7 31 65
21 0 79 9 0 0 63 52 74 17 68 25 0 0 28 34 0 66 26 47 6 12 58 0 0 62 35 15 1 13 8 70 16 55 23 36 37 0 80 41 44 40 7 31 0 50 39 5 0 0 14 60 24 48 0 43 59 0 19 0 0 46 69 0 67 0 2 20 0 61 0 45 73 18 64 75 32 0 81 56 0
37 0 80 41 44 40 7 0 65 50 39 0 0 0 14 60 24 0 77 0 0 76 0 49 10 0 69 51 67 0 2 0 0 61 42 45 73 18 64 75 32 33 81 56 27 0 71 79 0 78 54 63 52 74 17 68 0 22 0 0 34 29 66 0 47 6 12 0 38 57 62 0 15 1 13 8 70 16 55 0 36
73 0 64 75 0 0 81 56 27 21 71 0 9 78 54 63 0 0 17 68 25 22 53 0 34 29 0 26 47 0 0 58 0 0 62 0 15 1 13 8 70 16 55 23 36 37 30 80 0 44 40 0 31 65 50 39 5 72 4 0 60 24 48 77 0 0 76 19 49 10 46 69 51 67 3 2 20 11 61 42 45
0 0 13 8 70 16 55 0 36 37 0 80 0 0 40 7 0 65 50 39 5 72 0 0 60 24 0 77 43 59 0 19 49 10 46 0 0 67 3 0 20 0 61 42 0 73 18 64 75 32 33 81 0 27 21 71 79 9 0 54 63 52 74 17 68 0 22 53 28 34 29 66 26 0 0 12 58 38 0 62 0
51 67 0 2 20 11 0 0 45 0 18 64 75 32 0 81 0 27 21 71 79 0 78 54 63 52 74 17 0 25 0 0 28 34 0 66 26 0 6 12 58 0 57 0 0 15 1 13 8 0 16 55 23 36 37 30 80 0 44 40 0 0 65 50 39 5 72 4 0 60 24 48 77 43 59 76 19 49 10 46 0
26 47 6 12 58 38 0 62 35 15 1 13 8 70 0 55 23 36 37 30 0 0 44 40 7 31 0 50 39 0 72 0 14 0 24 48 0 43 59 76 19 49 0 46 69 51 67 3 0 20 11 61 42 0 73 0 0 0 0 33 81 56 0 21 0 79 0 78 54 63 52 74 0 68 25 22 53 28 0 0 66
43 0 76 19 49 10 0 69 77 67 3 2 20 0 0 42 0 51 18 64 75 32 33 0 56 27 0 71 79 9 78 54 63 52 0 21 68 0 0 53 28 0 29 66 0 47 6 12 0 0 57 62 35 26 0 13 8 0 16 0 23 36 15 30 80 41 44 0 0 31 65 37 0 5 72 4 14 60 24 48 50
68 25 22 53 28 34 29 66 0 0 0 0 0 0 0 62 35 26 1 13 0 0 0 55 23 36 15 30 0 0 44 40 7 0 65 0 0 5 0 4 14 60 24 48 0 43 59 0 19 49 10 46 0 0 0 3 2 0 11 61 0 0 0 18 0 75 32 33 81 0 27 73 71 0 0 0 54 0 0 0 21
39 5 72 4 14 60 24 0 0 43 0 76 0 49 0 46 0 0 67 0 2 0 11 0 42 0 51 18 64 75 32 0 81 56 27 73 71 79 0 0 0 63 52 74 21 68 25 0 53 0 34 29 66 17 47 0 12 0 38 0 62 35 0 0 13 0 70 0 55 0 36 15 30 0 0 0 0 7 31 65 0
71 0 9 78 54 63 52 74 0 68 25 22 53 28 34 29 66 17 47 0 12 58 38 57 62 35 26 0 13 8 0 16 0 23 36 15 0 80 41 0 40 7 31 0 37 0 5 0 4 0 60 24 48 50 43 0 76 19 0 10 46 69 77 0 3 0 0 11 0 42 0 0 18 64 75 0 33 81 56 27 73
0 0 41 44 0 7 31 65 37 39 5 72 4 0 0 24 0 50 0 0 76 19 0 10 0 69 0 67 3 2 0 11 61 42 45 0 0 0 75 32 0 81 56 0 73 71 79 0 78 54 63 0 74 0 0 25 22 53 28 0 0 0 17 47 0 0 0 38 57 0 0 0 1 0 8 70 16 55 23 36 15
18 64 75 0 33 81 56 27 0 71 79 9 78 54 63 52 74 21 68 25 22 53 28 34 29 0 17 47 6 12 0 38 0 62 35 26 1 13 0 0 0 55 23 36 15 30 80 41 44 40 7 0 0 37 39 5 0 4 14 0 0 0 50 0 59 76 19 49 10 46 0 77 0 3 0 20 11 61 0 0 0
1 13 8 70 16 55 0 0 0 0 80 41 0 40 0 0 0 0 39 5 0 0 14 60 24 48 50 43 59 76 0 0 0 46 69 77 67 3 2 20 11 61 42 45 51 0 64 75 0 33 81 56 0 73 71 0 0 78 0 0 52 74 21 68 25 22 53 28 34 0 0 17 47 6 12 58 38 57 62 35 0
0 3 2 20 11 61 42 0 0 18 64 75 32 33 0 56 0 73 71 79 9 78 54 63 52 74 21 68 25 22 0 28 0 29 66 17 47 6 12 58 38 0 62 0 0 0 13 8 70 16 55 23 36 15 30 80 41 0 40 7 0 0 37 39 0 72 4 14 0 24 48 50 0 0 0 19 49 10 46 69 0
47 0 0 58 38 0 62 0 26 1 0 8 70 16 0 23 36 15 30 80 41 0 40 7 0 65 37 0 5 72 0 0 60 24 0 0 43 59 76 19 49 0 46 69 77 67 3 2 20 11 61 42 45 0 18 64 75 32 33 81 56 27 73 0 0 9 0 54 63 52 0 21 68 0 22 53 0 0 0 66 0
59 0 19 0 10 0 0 0 43 3 2 20 11 61 42 45 0 0 64 75 0 0 81 56 0 73 18 0 9 78 54 0 0 74 0 71 0 22 53 28 34 0 66 0 68 6 12 58 38 0 62 35 26 0 13 8 70 16 0 23 36 0 1 0 0 44 40 0 31 65 0 30 5 0 4 14 60 24 48 50 39
25 22 0 0 34 29 66 0 0 0 12 58 38 57 62 35 26 47 13 8 70 16 0 0 0 15 1 80 41 44 40 0 31 65 37 0 5 0 4 14 60 24 48 50 39 59 76 19 49 10 46 0 77 43 0 2 0 0 61 0 45 51 0 0 0 32 33 81 0 27 73 0 79 9 78 54 63 52 0 21 71
5 72 4 14 60 0 48 50 39 59 76 0 49 0 46 69 77 43 0 2 20 0 61 42 45 51 67 0 0 32 33 81 0 27 0 18 79 0 78 54 63 0 74 21 71 25 22 53 0 34 29 0 0 0 6 12 58 38 57 62 0 26 47 0 0 0 16 55 0 36 15 0 80 41 44 0 0 31 65 0 0
79 9 78 54 63 52 0 21 71 0 22 53 0 34 0 0 17 0 0 12 58 38 57 0 0 26 47 13 8 70 16 55 23 36 15 1 80 41 0 0 0 31 65 0 30 0 72 4 0 0 24 48 0 39 59 76 19 0 10 46 0 0 0 0 2 0 11 61 42 45 51 67 64 75 0 33 81 56 27 73 18
80 0 0 40 7 31 65 37 30 0 72 4 14 60 24 48 50 39 59 76 19 49 0 46 69 77 43 0 2 20 11 0 0 0 0 67 0 75 32 33 81 56 0 0 18 79 9 78 0 0 52 0 21 0 25 22 53 0 34 29 66 17 0 6 0 58 38 0 62 35 26 0 13 8 70 16 55 23 36 0 0
0 0 0 0 0 0 27 73 18 79 9 78 54 63 52 0 21 71 25 22 53 28 34 0 66 17 68 6 12 58 0 57 0 0 0 47 13 8 70 16 55 23 0 15 0 0 41 44 40 0 0 65 37 30 0 72 4 14 60 24 48 0 39 59 0 0 49 0 46 0 77 43 0 2 20 11 0 42 45 51 67
0 8 70 16 55 0 0 15 0 0 41 44 40 7 0 65 37 30 5 0 4 14 60 0 0 50 39 59 76 19 0 0 0 69 77 0 3 2 0 11 0 42 45 51 67 64 75 32 0 0 56 27 73 18 79 9 78 54 63 0 74 21 71 25 22 53 28 34 29 66 0 0 0 12 0 38 57 62 35 26 47
0 0 20 11 61 42 45 51 67 64 75 0 0 0 0 0 73 18 79 9 78 0 63 52 0 21 71 25 0 53 0 34 29 66 17 0 0 0 58 38 57 0 35 0 47 13 8 70 16 55 0 0 15 1 80 41 0 0 7 0 65 0 30 5 72 4 14 60 24 48 0 39 59 76 19 49 10 46 69 77 0
6 12 58 0 0 0 35 26 47 0 8 0 16 0 23 36 15 0 80 0 44 40 7 0 65 37 30 0 72 4 14 60 24 48 0 39 0 76 0 49 0 46 69 77 0 3 0 20 11 0 42 45 0 0 64 75 0 0 81 0 27 73 18 79 9 0 54 63 52 74 21 71 0 22 0 28 34 0 66 17 68
0 19 49 10 46 0 77 43 0 2 20 11 61 0 0 51 67 3 0 0 0 81 56 27 73 18 64 9 0 54 63 0 74 0 0 79 22 53 28 34 29 66 17 68 25 12 58 38 57 62 0 0 47 6 0 70 16 55 23 0 15 0 0 0 0 40 0 31 65 37 0 0 72 0 14 60 24 48 0 0 0
0 53 0 0 0 66 17 0 25 12 58 38 57 62 35 26 0 6 8 70 0 55 0 0 0 1 13 41 44 40 0 31 65 37 30 80 72 4 14 0 24 48 50 39 5 76 0 49 0 46 69 77 0 59 2 20 11 61 0 45 51 67 3 75 0 33 0 56 0 73 18 0 9 78 54 63 52 0 0 0 0
72 4 14 0 24 48 50 39 0 76 0 49 10 0 69 77 43 59 0 20 11 61 42 0 51 67 3 75 32 33 81 56 27 73 18 64 9 78 54 0 52 74 0 0 79 22 0 0 34 0 0 17 68 0 0 58 38 57 62 0 26 0 0 0 70 0 55 23 36 15 1 13 41 0 0 7 31 65 0 0 0
9 0 54 0 0 0 21 71 79 22 53 0 34 29 66 0 68 25 0 0 38 57 62 35 26 47 0 8 70 16 55 23 36 15 1 13 41 44 40 7 0 65 37 0 80 72 0 14 60 0 0 50 39 5 76 19 49 10 46 0 0 43 59 2 20 11 61 0 45 51 67 3 75 0 33 81 0 27 73 18 64
41 44 0 7 31 0 37 0 80 0 4 0 0 24 48 50 0 0 76 0 49 0 46 0 77 43 0 0 0 11 61 42 45 51 67 3 75 32 33 81 56 27 73 18 64 9 0 54 63 52 74 21 71 79 22 53 28 34 29 0 17 68 25 12 0 0 57 62 0 26 47 6 8 70 16 55 23 0 15 1 0
75 32 33 81 56 27 73 18 0 9 78 0 63 52 74 21 71 79 22 53 28 34 29 66 17 68 25 12 0 0 57 62 0 26 47 6 8 70 0 55 23 36 0 1 0 41 44 40 7 31 65 0 30 80 72 4 0 0 24 48 0 39 0 0 19 49 10 46 69 77 43 59 0 0 11 61 0 45 51 67 3
8 70 16 55 23 36 15 0 13 41 44 0 7 31 65 37 30 80 72 4 14 0 24 48 50 39 5 76 0 49 10 46 69 77 0 59 0 20 0 61 42 45 51 67 3 0 32 33 0 56 27 73 18 0 9 78 0 63 52 74 21 71 79 22 53 28 0 29 66 0 0 0 12 58 38 57 62 0 0 47 0
0 0 11 0 42 0 51 67 0 0 32 33 0 56 27 73 18 64 9 78 0 63 0 74 0 71 79 22 0 28 34 29 66 17 0 25 12 58 38 57 62 35 26 47 6 8 0 16 55 23 36 15 1 13 41 0 40 7 31 0 0 30 0 72 4 14 60 24 48 50 39 5 0 0 0 0 46 69 77 43 0
12 0 38 57 62 35 26 47 0 8 0 16 0 23 36 15 1 0 41 44 0 7 31 65 0 30 80 72 4 14 0 24 0 50 39 0 0 19 49 10 46 69 0 43 59 0 0 11 61 0 45 51 67 3 75 32 33 0 56 27 0 18 64 0 0 54 0 0 74 21 71 79 22 0 0 0 0 0 17 68 25
19 49 10 0 0 0 0 0 76 20 11 61 42 0 0 0 3 2 32 0 81 56 27 73 18 0 75 78 54 63 52 74 0 71 79 9 0 28 34 29 66 0 0 0 22 58 38 0 62 35 26 47 6 12 70 0 55 23 36 15 0 0 0 44 40 7 31 65 0 0 80 41 0 0 0 0 48 50 0 0 72
0 28 0 0 66 17 68 0 0 58 38 57 62 35 26 0 0 12 70 0 55 23 36 15 0 13 0 44 40 7 0 0 0 30 80 0 4 0 0 24 48 50 39 0 72 19 49 10 46 69 77 43 59 0 0 0 0 42 45 51 67 3 2 32 33 81 56 27 73 0 0 0 78 54 63 0 74 21 71 79 9
4 14 0 24 48 50 39 5 0 19 0 0 46 69 0 43 59 76 20 11 61 42 45 51 67 3 0 32 0 81 0 27 0 18 64 0 0 54 0 52 74 0 0 0 9 53 28 0 29 66 0 68 0 22 0 38 0 62 35 26 47 6 0 70 16 55 23 36 15 1 13 8 44 40 7 31 0 37 0 80 41
78 0 0 52 74 21 0 79 9 0 28 0 29 0 17 68 25 22 58 38 57 62 35 26 47 6 0 0 16 55 0 36 15 1 13 0 44 40 7 0 65 37 30 80 0 4 14 60 24 0 50 39 5 0 0 0 10 0 69 77 43 0 76 20 11 61 42 45 51 67 3 2 32 33 81 56 27 73 18 64 75
0 40 7 0 65 0 0 0 41 4 14 0 24 48 50 39 0 72 0 49 10 46 69 0 0 59 76 20 11 61 42 45 0 0 3 2 32 33 81 0 0 73 18 64 75 78 0 63 52 74 0 71 0 9 53 28 34 29 66 17 68 25 22 0 38 0 0 35 26 47 6 12 70 16 0 0 36 0 0 0 0
32 33 81 56 27 73 18 64 0 78 54 0 52 74 0 0 0 9 53 0 34 0 66 17 68 25 22 58 38 57 0 0 26 47 0 0 0 0 55 23 36 0 0 13 8 0 40 7 0 65 37 30 0 0 0 0 60 24 0 0 39 0 72 19 49 10 46 69 77 43 0 76 20 11 0 42 45 0 67 0 0
70 16 55 23 36 15 1 13 0 44 40 7 31 65 37 30 80 41 0 0 0 24 48 0 0 0 72 19 49 0 46 69 0 0 59 0 20 11 0 42 0 51 67 0 0 32 33 81 56 27 0 18 64 0 0 0 0 52 74 21 0 79 9 53 0 0 29 0 17 68 0 22 58 38 57 0 0 26 0 6 12
0 0 0 0 45 0 67 3 2 32 33 81 56 27 73 18 64 0 78 54 63 52 0 0 0 79 9 53 0 34 29 0 0 68 0 22 0 38 57 62 0 26 47 6 12 70 16 55 0 0 15 1 13 8 44 40 7 0 65 37 30 80 41 4 14 60 24 48 50 39 5 72 19 49 10 46 0 0 43 59 0
0 38 57 0 0 0 0 0 12 70 0 55 23 36 15 0 13 8 44 40 7 0 0 37 30 80 0 4 14 60 0 48 50 39 5 72 0 0 10 46 69 77 43 59 76 20 11 61 0 45 51 67 0 2 32 0 81 56 27 73 18 0 75 78 54 63 0 74 0 0 79 9 53 28 34 29 66 17 68 25 22
49 10 46 69 77 43 59 76 19 11 61 0 45 0 0 3 0 20 33 81 0 27 73 0 64 75 32 0 63 52 74 0 71 79 0 78 28 34 29 66 17 68 25 0 53 38 57 0 35 26 0 6 12 58 16 55 0 0 15 0 0 8 70 40 7 31 65 0 0 80 41 44 0 60 24 48 50 39 5 72 0
28 0 29 0 17 68 0 22 53 38 0 62 35 26 0 0 12 58 0 55 0 36 15 1 13 8 70 40 7 0 65 0 30 80 41 0 14 60 24 48 50 39 5 72 4 0 10 46 69 0 43 59 0 19 0 0 42 45 51 67 3 2 20 33 81 0 0 73 18 0 75 32 54 63 0 74 21 71 0 9 78
14 60 24 0 50 0 5 72 4 49 10 0 0 77 43 0 76 19 11 0 42 0 51 0 3 2 20 33 0 0 27 73 18 64 0 32 54 63 52 74 21 0 79 0 78 28 34 0 66 17 0 25 0 0 38 0 62 0 26 0 0 12 58 16 0 23 36 0 1 13 8 0 40 7 0 65 37 30 80 41 44
54 63 52 74 21 71 79 0 78 28 34 29 66 17 68 25 0 0 38 0 62 0 26 0 0 0 58 16 0 23 36 0 0 0 8 70 40 0 31 0 0 0 80 41 0 14 60 24 48 50 0 0 72 4 49 10 46 69 77 43 0 76 19 11 61 42 45 51 0 3 2 20 0 0 56 27 0 18 0 0 32
40 7 31 0 0 30 80 0 44 14 0 24 0 0 39 5 72 0 49 10 46 69 77 0 0 76 19 0 61 42 45 51 0 3 2 0 33 81 56 0 0 18 0 75 32 54 63 52 0 21 71 79 0 0 28 34 29 66 17 0 25 0 53 0 57 62 35 0 47 0 12 58 0 55 0 36 15 0 13 8 70
0 81 56 0 73 0 0 75 32 54 63 52 74 21 71 0 0 78 28 34 29 0 17 68 25 0 0 0 57 62 0 26 47 6 0 58 16 55 0 36 0 1 0 8 70 40 7 31 0 37 0 80 41 0 0 60 24 48 50 39 5 0 4 49 10 46 69 0 0 59 76 19 0 61 0 45 0 67 3 2 20
16 0 23 0 0 1 13 8 70 0 7 0 0 37 0 80 0 44 14 60 0 48 50 39 5 72 4 0 10 46 69 77 43 59 0 19 11 0 0 0 51 67 3 0 20 33 81 56 27 73 0 0 0 0 54 63 52 74 21 71 79 0 78 0 0 29 66 17 68 25 0 53 38 57 62 35 26 0 0 0 0
0 61 42 45 51 67 0 2 0 33 81 56 27 0 18 64 75 32 54 0 52 74 21 71 79 9 78 28 34 29 66 17 68 0 22 53 38 57 0 0 26 0 6 12 58 0 55 23 36 0 0 0 8 70 40 0 31 65 37 30 80 0 44 14 0 24 48 50 39 5 72 4 49 0 0 69 77 0 59 76 19
38 57 62 35 26 47 6 12 58 16 55 23 0 0 1 0 8 70 0 7 31 65 37 30 80 41 44 14 60 0 48 0 39 5 0 4 49 10 0 69 0 0 59 76 0 0 0 42 45 51 67 3 0 0 33 81 0 27 73 18 64 75 32 54 63 52 74 21 71 79 0 78 28 34 29 0 17 68 25 22 0
10 46 0 77 0 59 76 0 49 61 42 0 51 0 3 2 20 11 0 56 0 0 18 64 75 32 0 63 52 74 21 71 79 9 78 54 34 29 0 17 68 25 22 53 28 57 0 0 26 0 0 12 0 38 55 23 36 0 1 0 8 0 16 0 31 65 37 30 80 41 44 40 60 24 48 50 0 5 72 4 14
34 29 0 0 68 25 22 53 28 57 62 35 26 47 6 12 0 38 55 23 36 15 1 13 0 70 0 7 31 65 37 0 80 41 0 0 60 24 0 50 0 5 72 4 14 10 46 69 77 43 59 0 19 49 61 42 45 0 67 0 0 20 11 81 56 27 73 18 0 0 0 33 63 0 0 21 71 79 0 78 54
60 24 0 50 0 5 72 0 0 10 46 69 77 0 59 0 0 0 61 42 45 0 67 3 2 20 11 0 56 27 73 0 0 0 0 33 63 52 0 0 71 79 9 78 54 34 0 66 17 68 25 22 0 0 57 62 0 0 47 6 0 58 38 55 23 36 15 1 13 8 70 16 7 0 0 0 30 0 0 44 0
0 52 74 0 0 79 0 78 0 34 29 0 17 68 25 0 53 28 57 62 35 0 47 0 0 58 0 55 23 0 15 1 13 8 0 16 7 0 65 37 30 80 41 44 40 0 0 48 50 39 5 72 4 14 10 46 69 77 0 59 76 19 49 61 42 45 0 67 3 0 0 11 81 56 27 73 18 0 75 32 0
0 31 65 37 30 80 0 0 40 60 24 48 0 39 0 72 4 14 10 46 0 77 43 59 76 19 0 0 0 45 51 0 3 2 20 11 81 56 0 73 18 0 75 32 33 0 52 74 21 71 79 0 78 54 34 0 66 0 68 0 0 53 28 57 62 35 0 47 0 0 58 0 55 23 36 15 0 13 8 70 16
81 56 27 73 18 64 0 32 33 0 52 74 0 0 0 0 0 54 34 29 0 17 68 25 22 0 28 57 62 35 26 0 6 12 0 38 55 23 36 0 1 0 0 70 0 0 31 65 37 30 80 41 44 0 60 24 48 50 39 5 0 4 14 10 46 69 77 0 59 0 19 49 61 42 0 51 67 3 0 20 11
55 0 0 15 1 0 8 70 16 7 0 0 37 30 80 0 44 40 60 24 48 50 39 5 72 4 14 10 0 69 77 43 59 0 0 49 61 42 0 51 67 3 2 20 11 0 0 27 73 18 0 75 32 33 0 52 74 21 0 79 0 0 0 34 29 66 17 0 25 22 53 0 57 62 0 0 47 6 0 58 0
61 42 0 51 67 3 2 0 0 81 56 27 73 0 0 0 0 33 63 52 0 21 0 79 9 78 54 34 29 66 17 68 0 22 53 28 57 0 35 26 47 6 12 58 38 55 0 0 15 1 0 0 70 0 7 31 65 37 30 0 41 44 40 60 0 48 50 39 0 0 4 14 10 46 0 77 43 59 0 19 49
0 0 0 26 0 6 12 0 38 0 23 36 15 1 0 0 0 0 7 31 65 37 30 80 41 44 40 60 24 0 0 39 0 72 4 14 0 0 69 77 43 59 76 19 49 61 42 45 0 0 3 2 0 0 0 56 27 73 0 64 0 0 33 63 52 74 21 0 79 9 0 0 34 29 66 17 68 25 0 0 28
46 0 77 43 59 0 0 0 10 0 45 0 0 0 2 20 11 61 56 0 73 0 64 75 0 33 81 52 74 21 71 79 9 78 0 63 0 66 0 68 25 22 0 28 0 62 0 0 47 6 12 58 38 57 23 0 15 1 0 0 0 0 0 31 0 37 0 0 41 44 40 7 24 48 50 39 5 72 4 14 60
0 66 0 0 25 22 0 0 0 62 0 0 0 0 0 0 0 57 23 36 15 1 0 8 70 0 55 31 65 37 0 0 41 0 40 0 24 0 50 39 5 72 0 14 60 46 0 77 43 59 76 19 49 10 42 45 0 67 3 2 20 0 0 56 27 0 18 64 75 32 33 0 52 0 0 71 79 9 78 54 0
0 48 0 39 0 0 4 0 60 46 69 77 43 59 76 19 0 10 42 45 0 0 0 0 0 11 61 56 27 0 18 0 75 32 33 0 52 0 0 0 79 9 78 54 63 0 0 17 0 25 22 53 28 34 62 35 26 47 6 12 58 0 0 0 36 15 1 13 8 70 0 55 31 65 0 0 0 0 44 0 7
52 0 21 71 0 9 78 0 63 0 66 0 68 25 22 53 28 34 0 35 0 47 6 12 58 38 57 23 36 15 0 13 8 70 0 55 0 65 37 30 80 41 44 40 7 24 48 50 39 5 72 4 0 60 46 69 77 43 59 76 0 49 10 42 45 51 67 3 2 0 11 61 56 27 0 18 64 75 32 33 81
31 65 37 0 0 0 0 0 0 24 48 50 39 5 72 0 14 0 46 0 0 43 59 76 0 49 10 42 0 51 0 3 2 20 11 61 56 27 73 0 0 75 32 33 81 52 74 0 71 79 9 0 0 0 0 0 17 68 25 22 0 28 34 62 35 26 47 0 12 0 38 57 23 36 15 1 13 8 0 16 55
56 0 0 0 64 75 32 33 81 52 74 0 0 0 0 78 0 63 0 0 17 68 0 22 53 28 0 62 35 26 47 6 0 0 38 57 0 36 15 1 13 8 70 16 0 0 65 37 0 0 0 44 0 0 24 0 50 0 5 0 4 0 60 46 69 77 0 59 76 19 49 0 42 45 0 0 3 2 0 0 61
23 36 15 1 0 0 70 16 55 31 65 37 30 80 41 0 40 7 24 0 0 39 5 72 0 14 0 46 69 77 0 59 0 0 0 10 0 0 0 67 3 2 0 11 0 56 0 73 0 64 0 32 33 81 52 74 0 0 0 9 78 54 63 29 66 0 68 25 22 53 28 0 0 35 26 47 6 12 0 38 57
0 0 51 67 3 2 0 11 0 56 27 73 0 64 75 32 0 81 52 74 21 0 79 9 78 54 63 29 66 0 68 25 22 53 28 34 62 0 0 0 0 0 58 38 0 23 36 0 1 13 8 70 16 0 0 65 37 30 80 0 44 0 7 0 0 50 39 5 72 4 0 60 0 69 77 0 59 76 19 49 10
0 35 26 47 6 12 58 38 0 23 36 15 1 13 8 70 0 55 0 65 37 30 80 41 44 0 0 24 48 50 39 5 72 4 14 60 46 69 77 43 0 0 19 0 10 0 45 51 67 3 2 0 11 0 56 0 73 0 0 75 32 0 81 52 74 21 71 79 0 78 54 63 29 66 17 68 25 22 53 28 34
0 77 0 59 76 0 0 0 46 45 51 67 3 0 20 0 0 42 27 73 18 0 0 32 33 81 56 74 21 71 79 9 78 0 63 52 66 0 68 25 22 0 28 34 29 0 0 0 6 12 58 0 57 62 36 0 1 0 8 70 16 55 23 0 37 30 0 0 44 40 7 31 48 50 39 5 0 4 14 60 0
66 0 68 25 0 53 0 34 29 35 26 47 0 0 58 38 57 0 36 0 1 0 8 70 16 0 23 65 37 0 80 0 44 40 7 31 0 50 39 5 72 0 14 60 24 69 77 43 0 0 0 49 0 46 45 51 0 3 2 0 0 0 42 27 73 18 64 75 32 33 0 56 0 0 71 79 0 0 54 63 52
48 50 0 5 72 0 0 60 24 69 77 43 59 76 19 0 10 0 45 51 0 0 2 20 11 61 42 27 73 18 64 0 0 0 0 0 74 21 71 0 9 78 0 63 52 0 17 68 0 22 53 28 34 29 35 26 0 6 12 58 38 57 62 36 15 0 0 8 70 16 0 23 65 0 30 80 41 44 40 0 31
0 21 71 0 9 0 54 0 0 66 17 68 25 22 53 28 34 29 0 26 47 6 12 58 38 0 0 36 15 0 0 0 0 16 55 0 0 37 30 0 41 44 40 7 0 0 0 39 0 0 4 14 60 0 0 0 43 59 76 19 0 10 46 45 51 67 0 2 0 11 61 42 27 0 18 0 75 0 33 0 56
0 37 30 80 41 44 40 7 31 0 50 39 0 72 4 14 60 24 0 77 0 59 76 19 0 10 46 0 51 0 3 2 20 0 61 42 27 73 0 64 75 32 0 0 56 0 0 71 0 9 78 54 0 52 66 0 0 25 0 53 0 0 29 35 26 47 6 12 58 0 57 62 36 15 1 0 0 70 16 55 0
0 73 0 64 75 0 33 81 56 74 21 71 0 9 0 54 63 52 66 17 68 25 0 53 28 0 0 0 0 47 6 12 58 38 0 62 0 0 1 13 8 70 16 55 23 65 37 30 80 41 0 0 7 31 0 0 39 5 0 4 14 60 24 69 77 43 59 76 19 49 0 46 0 0 0 3 2 0 11 61 42
36 0 0 0 0 0 0 55 23 0 37 0 80 41 44 40 7 0 0 0 39 0 0 0 0 0 0 69 77 0 0 76 0 49 0 46 0 51 67 3 2 20 0 0 42 27 73 18 0 0 32 0 81 0 74 21 71 0 9 78 54 63 52 66 17 68 0 22 0 28 34 29 35 26 0 6 12 58 38 0 62
0 51 67 3 2 20 11 0 42 27 73 18 0 75 32 33 81 0 0 0 0 0 9 78 54 63 52 66 17 68 25 22 53 28 34 29 35 26 47 6 12 58 38 57 62 36 0 1 0 8 0 0 55 0 65 0 30 80 41 44 0 7 0 48 0 39 0 72 0 14 60 24 0 0 43 59 0 0 49 0 46
35 26 47 6 12 58 38 57 62 36 0 1 0 0 70 16 55 0 65 37 30 80 41 0 40 7 31 48 0 39 0 0 4 0 0 24 69 77 43 59 76 0 0 10 0 0 51 67 3 2 0 11 61 42 0 0 0 0 0 32 0 0 0 74 0 71 79 9 78 0 63 52 66 17 68 25 22 53 28 34 0
