10
27 32 94 55 0 39 74 26 0 0 59 11 57 0 60 4 37 10 44 66 0 84 9 48 70 62 90 0 71 2 0 80 79 52 96 41 67 51 98 82 75 63 0 0 3 0 1 93 23 28 8 18 76 31 12 13 68 53 73 0 85 100 0 61 0 16 0 46 99 65 35 40 43 29 15 22 19 86 7 72 30 95 50 81 64 88 6 45 77 0 0 0 0 0 49 24 97 47 56 0
0 58 20 14 49 24 97 0 56 36 27 32 94 55 0 0 74 26 87 34 59 11 57 38 60 4 0 0 0 66 0 84 9 48 70 0 0 21 71 2 54 80 0 52 0 0 67 0 98 82 75 63 83 69 0 42 0 93 23 28 0 0 76 31 12 13 68 53 73 5 85 0 91 61 92 0 89 46 99 0 35 40 43 29 15 22 19 86 7 72 30 95 50 81 64 88 6 45 77 78
30 95 0 0 64 88 6 45 77 78 33 58 0 0 0 24 97 47 56 36 0 32 0 0 17 0 0 26 87 0 59 11 57 38 60 4 37 0 0 0 25 84 9 0 0 62 0 21 0 2 54 0 79 52 96 0 67 0 98 0 75 63 0 69 0 42 0 93 23 28 8 18 76 0 12 0 68 53 73 5 0 100 91 0 0 16 89 0 99 0 35 0 43 0 15 22 19 86 7 0
35 40 43 29 0 22 19 0 7 72 30 95 0 0 64 88 0 45 77 78 0 58 20 14 49 0 97 0 56 0 27 0 94 0 0 39 74 0 87 34 0 11 57 38 0 4 0 10 44 66 25 84 0 48 70 0 90 0 71 2 54 80 0 0 96 41 67 0 98 0 75 63 0 69 3 42 1 93 23 0 0 0 76 31 12 0 68 0 73 5 85 100 91 61 92 16 0 46 99 65
85 0 91 61 92 16 89 46 99 0 35 40 43 29 15 0 19 86 0 72 0 95 50 81 0 88 0 45 77 78 33 58 20 14 49 24 97 47 56 36 27 32 0 55 17 39 74 0 87 34 59 11 57 0 60 4 0 10 44 66 25 84 9 0 0 62 0 21 71 0 54 80 0 52 96 41 67 51 0 82 75 63 0 69 3 0 0 93 23 28 0 0 0 31 0 13 68 0 73 5
0 18 76 31 0 0 68 0 73 5 0 100 91 61 92 16 89 46 0 0 0 0 43 29 15 22 19 86 7 72 30 95 50 81 64 88 0 45 0 78 33 58 20 14 0 24 0 47 56 36 0 32 94 55 0 0 74 26 0 34 0 11 57 38 60 4 37 10 0 0 25 84 9 0 70 62 90 21 0 0 0 80 79 52 96 41 67 51 98 82 75 0 83 69 3 42 1 93 23 28
75 63 83 69 0 0 1 93 0 0 0 18 76 31 12 13 68 53 73 0 85 100 0 61 92 16 89 46 99 65 35 0 0 29 0 22 0 0 7 0 30 95 50 81 0 0 6 45 77 0 33 58 20 14 0 24 97 0 56 36 27 32 94 55 17 0 0 26 87 34 59 11 57 0 60 4 37 10 44 66 0 0 9 48 70 62 90 21 0 2 54 0 79 52 96 0 67 51 98 82
54 0 0 52 96 41 67 51 98 0 0 63 83 0 3 42 0 0 23 28 0 0 76 0 12 0 0 0 73 0 85 100 91 0 92 16 89 46 99 65 35 40 43 29 15 0 19 86 7 0 0 95 0 81 64 88 0 0 0 78 33 58 0 14 49 24 97 47 56 36 27 32 94 55 17 39 0 0 0 0 59 11 0 0 60 4 0 10 44 0 25 84 0 48 0 0 90 21 71 2
25 84 0 0 70 0 90 0 71 2 54 80 79 0 0 0 67 51 98 0 75 63 0 69 3 42 1 93 23 28 8 18 76 0 12 0 68 53 0 5 85 100 91 61 92 16 89 46 99 65 35 40 43 29 0 0 19 86 7 72 30 95 50 81 0 88 0 0 77 0 33 58 20 14 49 24 97 0 56 36 27 32 0 55 17 0 74 26 87 34 59 11 0 38 60 4 37 10 44 0
59 11 0 38 60 0 0 0 44 0 25 0 0 48 70 62 90 0 71 2 54 80 79 52 96 41 67 0 98 82 75 63 83 0 3 42 0 93 0 28 8 18 76 31 12 13 68 0 73 5 85 100 0 61 92 16 89 46 99 65 35 40 43 0 15 22 19 86 0 72 0 0 50 81 0 88 6 45 77 78 33 58 20 14 0 24 97 47 56 36 0 32 0 55 17 0 0 26 87 0
26 87 34 27 32 0 0 17 39 74 10 44 0 59 11 57 38 0 0 37 21 0 2 25 84 9 48 70 62 0 51 0 0 54 0 79 52 96 41 0 93 23 0 0 63 83 69 0 0 1 53 73 5 0 18 76 0 0 13 68 0 99 65 85 0 91 61 92 0 89 86 7 72 35 40 0 29 15 22 0 45 0 78 30 95 50 0 64 88 0 0 0 36 33 58 20 14 49 24 97
0 56 36 0 0 20 14 49 24 97 26 87 34 27 32 94 0 17 0 74 10 44 66 59 0 57 38 60 4 37 21 71 2 25 0 0 48 70 0 0 51 98 82 0 80 79 52 0 41 67 0 23 0 75 63 83 69 3 42 1 0 73 5 0 18 76 31 12 13 0 46 0 0 85 0 91 61 92 16 89 86 7 72 0 40 43 0 15 22 0 0 77 78 30 95 0 0 64 88 6
45 77 78 30 95 50 81 64 88 6 47 56 36 33 58 0 14 49 0 97 26 87 34 27 32 0 55 17 39 74 10 44 66 59 11 57 38 0 0 37 21 71 2 25 84 9 0 70 62 90 51 98 82 54 80 79 52 96 41 67 0 0 28 75 63 83 0 3 0 1 0 73 5 8 0 76 0 12 13 68 46 99 65 85 0 91 61 0 16 89 86 7 72 0 40 43 29 15 0 19
86 7 0 0 40 43 29 15 0 19 45 77 78 30 0 0 81 0 88 6 47 56 36 33 58 20 14 49 24 0 26 87 0 27 32 94 55 17 39 74 10 44 66 59 11 57 38 60 4 37 21 71 0 25 84 9 48 70 0 0 51 98 82 54 80 79 52 96 0 67 0 23 28 75 63 83 69 3 42 1 0 73 5 8 18 76 31 12 13 0 46 99 65 85 100 91 61 0 16 89
46 0 65 85 100 91 61 92 0 89 86 7 72 35 40 43 29 15 0 0 45 77 0 30 95 50 0 64 88 6 47 56 36 33 58 20 14 0 24 0 26 87 34 27 32 94 55 17 0 74 10 44 66 59 11 57 38 60 0 0 0 71 0 25 84 9 48 70 62 0 51 98 82 0 80 79 52 96 0 67 93 23 0 0 63 83 69 3 42 1 53 73 5 8 18 0 31 12 13 68
53 0 0 0 18 0 31 12 13 68 46 99 0 85 100 91 61 92 16 89 86 0 0 35 40 43 29 15 0 19 45 77 0 30 0 0 0 64 88 6 47 0 36 33 58 0 14 49 24 97 26 87 34 27 0 94 55 0 39 74 10 44 0 59 11 57 38 60 0 37 21 0 0 25 84 9 0 70 62 90 51 98 82 54 80 79 52 96 41 67 93 0 28 75 63 83 0 3 0 1
93 0 28 75 63 83 0 0 0 0 53 73 5 8 18 76 31 12 13 68 46 99 65 85 100 91 61 92 16 89 0 7 72 35 0 43 0 15 22 19 45 77 78 30 95 50 0 0 88 6 47 0 36 33 0 20 14 49 24 97 26 87 34 0 0 94 0 17 39 74 10 44 66 0 11 0 38 0 0 37 0 71 2 0 84 9 48 70 62 0 51 98 0 0 80 79 52 96 0 67
51 98 82 54 0 0 52 96 41 67 93 0 28 75 63 0 0 0 0 1 53 0 5 8 18 76 0 12 13 0 46 99 65 85 100 91 0 92 16 89 0 7 72 0 40 43 29 15 22 19 45 77 78 30 95 50 0 64 88 6 47 56 36 33 58 0 0 49 24 0 0 87 34 27 0 94 55 17 39 74 0 44 66 0 11 57 38 60 4 37 21 71 2 0 84 9 48 0 62 90
21 71 2 25 84 9 0 70 62 90 0 98 82 54 80 79 52 0 41 67 93 23 28 0 63 83 69 3 42 1 53 73 0 0 18 0 31 12 0 68 46 0 65 85 0 91 61 92 16 89 0 7 0 35 0 43 29 0 22 0 45 0 0 30 95 0 81 64 88 6 47 56 0 0 0 20 14 49 24 97 0 87 0 0 0 94 0 17 39 74 10 0 66 59 11 0 38 0 4 37
10 44 66 0 0 57 38 0 4 0 21 71 2 0 0 9 48 0 62 90 51 0 0 54 0 79 0 96 41 0 93 23 28 75 63 83 0 3 42 1 0 73 5 8 18 0 0 12 13 68 46 99 65 85 100 91 61 92 16 0 0 7 72 35 40 43 29 0 22 19 0 77 78 30 95 50 0 64 88 6 47 56 36 33 58 20 0 49 24 97 26 87 34 27 0 94 55 17 39 74
17 39 74 26 0 34 27 32 94 0 0 0 37 10 0 66 59 11 57 38 70 0 0 21 71 2 25 84 0 48 96 41 0 0 0 82 54 80 79 52 3 42 1 93 0 0 75 63 83 69 12 13 68 53 0 5 8 18 76 31 92 16 89 0 99 65 85 100 91 61 15 0 19 86 0 0 35 40 43 29 0 88 6 45 77 0 0 95 0 81 49 24 97 47 56 36 33 58 20 0
49 24 97 47 0 36 33 58 20 14 17 39 74 26 87 34 0 32 94 55 60 4 0 10 44 0 59 11 57 0 70 62 90 0 71 2 25 84 9 48 96 41 67 51 98 82 54 80 79 52 3 42 0 93 0 28 0 63 83 69 12 13 68 53 0 5 8 18 0 31 92 16 0 46 0 0 85 0 0 61 15 22 19 86 7 72 35 40 43 29 0 88 0 0 0 78 30 0 50 81
64 88 0 45 77 78 0 95 50 81 49 0 0 47 56 36 0 58 20 14 17 39 74 26 87 0 27 0 0 55 0 4 37 0 0 66 59 11 57 38 70 62 0 0 71 2 25 84 9 48 96 41 67 0 0 82 54 80 79 0 3 0 1 0 0 28 75 63 83 69 0 13 0 0 73 5 0 18 76 0 0 16 89 0 99 65 0 100 91 0 0 22 0 86 7 72 35 40 43 29
15 22 19 86 7 72 35 40 43 0 64 88 6 0 77 0 30 95 50 0 49 24 97 47 0 0 33 58 20 14 0 39 74 0 87 0 27 0 94 0 60 0 0 10 44 66 59 0 57 0 70 62 90 21 71 0 25 84 9 48 96 41 67 51 0 82 54 80 0 52 0 0 0 93 0 28 75 63 0 0 0 13 68 0 0 5 8 18 76 31 92 16 89 46 0 65 85 100 0 0
92 16 0 46 99 65 0 100 91 61 0 22 19 86 7 72 35 40 43 0 0 0 6 45 77 78 30 95 50 0 49 24 0 47 56 36 0 58 20 14 0 39 74 26 87 0 0 32 94 55 60 4 37 10 44 66 0 11 0 38 70 62 90 21 0 2 25 84 0 48 96 41 67 0 0 0 54 0 79 52 3 42 1 0 0 28 0 0 83 69 0 0 68 0 73 5 0 18 76 0
0 0 68 53 73 0 8 18 76 31 92 16 89 46 99 65 0 0 91 61 15 22 19 86 0 72 35 0 0 29 64 0 6 45 77 78 0 95 50 0 49 24 0 47 56 36 0 58 0 14 0 39 74 0 0 34 27 32 94 55 60 4 37 10 44 66 59 0 57 0 0 62 90 21 71 2 25 84 9 48 0 41 67 0 0 82 0 80 0 0 3 42 1 93 23 28 75 63 0 0
3 0 1 93 0 28 75 0 83 69 12 13 68 53 73 5 8 18 76 31 92 0 89 0 99 65 85 100 91 61 15 22 19 0 7 0 35 40 43 0 0 0 6 45 0 0 30 95 0 81 49 0 97 47 56 36 33 0 20 14 17 39 0 26 87 34 27 32 94 55 60 0 37 10 44 66 59 11 57 38 70 0 90 0 71 2 25 84 9 48 96 41 67 51 0 82 54 80 79 0
96 41 67 0 98 82 54 80 79 52 3 0 1 93 23 28 75 0 83 69 12 13 68 0 73 5 8 18 0 31 92 0 0 46 99 65 85 100 91 0 15 0 19 86 7 72 35 0 43 29 64 0 6 0 77 0 30 95 50 81 0 24 0 47 56 36 33 0 20 0 17 39 74 26 0 34 27 0 94 55 60 4 0 10 44 66 59 11 57 38 70 62 90 21 71 2 0 0 0 48
70 62 90 21 71 0 25 84 9 48 0 0 67 51 98 82 54 80 79 52 3 42 1 93 23 28 75 63 83 69 12 0 0 53 73 0 8 18 76 31 92 16 89 0 99 65 85 100 0 61 15 22 19 86 7 72 35 0 43 0 64 88 6 45 77 78 30 0 0 81 49 0 97 0 56 36 33 58 20 14 17 39 74 26 87 0 27 32 94 55 60 4 37 10 44 0 0 11 57 38
0 4 37 10 44 0 59 0 57 38 70 62 90 21 71 0 25 0 9 0 96 0 67 51 98 82 54 0 79 0 3 42 1 93 0 0 75 63 0 0 12 0 0 53 73 5 8 18 76 0 92 16 89 46 99 65 85 100 91 61 15 0 19 86 0 72 35 0 43 29 64 88 6 45 0 78 0 95 0 81 0 24 0 47 56 0 33 0 20 14 17 39 74 26 0 34 27 0 0 55
32 94 0 0 0 74 26 87 0 0 11 57 38 60 4 0 10 0 66 59 84 9 48 0 62 90 0 71 2 0 80 79 0 96 41 67 51 0 82 54 63 83 69 0 42 0 0 23 28 75 0 0 0 12 0 68 53 73 5 8 0 91 61 92 0 89 46 0 65 0 40 43 29 15 22 19 86 7 72 35 95 50 81 64 0 6 45 77 78 30 0 20 0 49 24 97 47 56 0 0
0 20 14 0 24 97 47 56 36 33 0 94 0 17 39 74 26 87 34 0 11 57 0 60 0 0 0 44 66 59 84 9 48 70 62 90 21 71 0 25 0 79 0 0 41 67 51 98 82 54 0 83 69 3 42 1 93 23 28 75 18 0 31 12 13 0 0 73 5 0 100 0 61 92 16 89 46 99 65 85 0 43 29 15 0 19 0 7 72 35 95 50 81 64 88 6 45 77 78 30
95 50 81 64 88 0 45 0 78 0 58 0 14 49 24 97 47 0 36 33 32 94 55 17 39 74 26 87 34 27 11 57 38 60 4 37 10 44 66 59 84 9 48 70 0 90 21 71 2 25 80 79 52 96 41 67 51 98 82 54 63 83 69 3 42 1 93 23 0 0 18 76 31 12 0 0 0 73 5 8 100 91 61 92 16 0 46 99 65 0 40 43 29 0 22 19 86 7 72 35
0 43 29 15 22 19 0 7 72 35 95 50 81 64 0 0 45 77 78 30 58 20 14 0 24 0 47 56 36 33 0 94 55 17 0 0 26 0 34 27 11 57 38 60 4 37 10 44 66 59 84 0 48 0 0 90 21 71 0 25 0 0 0 96 0 0 0 0 82 54 63 83 69 3 42 1 0 23 28 75 18 76 31 12 0 68 53 0 5 8 100 0 61 0 0 89 46 99 65 85
100 91 0 0 0 0 46 99 65 85 0 0 0 15 22 19 0 7 72 0 95 50 81 0 0 6 45 77 78 30 0 0 14 49 24 97 47 56 36 33 32 94 0 17 39 0 26 87 34 0 11 0 38 60 0 37 0 44 0 59 0 0 48 70 62 0 21 71 2 25 80 79 52 0 41 67 0 98 82 54 63 83 69 3 42 1 93 23 28 75 18 76 31 12 13 68 53 0 5 0
18 76 31 12 13 68 53 73 5 8 100 91 61 92 16 0 46 99 65 85 40 43 29 15 0 19 86 7 0 35 95 50 81 0 0 6 45 0 78 30 58 20 0 49 24 97 47 56 0 0 32 94 55 17 0 74 0 87 34 0 11 57 38 60 4 0 10 44 66 59 84 9 48 0 62 90 21 0 2 25 80 0 52 96 41 0 0 98 82 54 63 0 69 0 42 1 93 23 28 75
63 0 69 3 42 0 0 23 28 75 18 0 31 0 13 68 53 73 5 8 100 91 61 0 0 89 46 0 65 85 0 0 29 15 22 19 0 7 72 35 0 50 81 64 0 6 45 77 78 30 58 0 14 49 24 97 47 56 36 0 0 94 0 0 39 74 26 87 34 27 11 57 38 60 0 37 10 44 66 0 84 9 48 70 0 0 21 71 0 25 0 79 52 96 41 67 51 0 0 54
0 0 52 0 41 67 51 0 0 0 0 83 69 3 42 1 93 23 28 75 18 76 0 0 13 68 53 73 5 0 100 91 61 0 0 0 46 0 65 0 40 0 29 0 22 19 0 7 72 35 0 50 81 64 88 6 45 0 0 30 0 20 14 0 24 0 0 0 0 33 32 0 55 17 0 74 26 87 34 27 11 57 0 60 0 37 0 44 66 59 84 0 48 0 62 90 21 71 2 0
84 9 48 70 0 90 21 71 2 25 80 0 0 96 41 67 51 98 82 54 63 83 69 0 0 0 93 23 28 75 18 76 31 12 13 68 53 0 5 8 100 91 61 0 0 0 0 0 0 85 40 43 29 0 22 19 86 0 72 35 0 50 0 64 88 6 45 0 78 30 0 0 0 0 24 97 47 0 36 33 32 94 55 17 39 74 26 87 34 0 11 57 0 60 4 0 10 44 66 59
11 0 0 0 4 37 0 0 66 59 84 9 48 0 62 90 21 71 2 0 80 79 52 96 41 67 0 98 82 54 63 83 0 3 42 1 93 0 28 0 0 0 31 12 13 0 0 73 0 8 100 91 0 92 16 89 0 0 65 85 40 43 29 0 0 19 86 7 72 35 95 50 81 0 88 6 45 0 78 0 58 20 0 49 24 97 47 56 36 33 32 94 55 17 0 74 26 87 0 27
0 34 0 32 94 55 0 39 74 0 44 66 0 11 57 38 60 4 0 0 71 2 25 84 9 48 70 62 90 21 98 82 0 80 0 52 96 0 67 0 23 28 0 0 83 69 3 42 1 0 0 5 8 0 76 0 12 13 68 0 99 65 85 100 91 0 0 16 89 46 0 72 35 40 43 29 0 22 19 86 77 0 30 95 50 0 64 0 0 45 0 0 33 58 20 14 49 24 97 47
56 36 33 58 20 0 49 0 97 0 87 34 0 0 0 55 17 39 0 26 0 0 59 11 57 38 60 0 0 10 71 2 25 84 9 48 70 0 90 0 0 82 54 80 79 52 96 41 67 51 23 0 75 0 83 69 0 42 1 93 73 5 8 18 76 31 12 13 68 0 99 65 0 0 91 0 0 16 89 46 0 72 35 40 0 0 15 22 19 86 77 78 30 95 50 0 64 88 0 45
0 0 30 95 0 81 0 0 6 45 56 0 33 58 20 14 49 24 97 0 87 34 27 0 94 55 17 39 74 0 44 66 59 11 57 38 0 4 37 10 71 2 25 84 9 48 70 62 90 21 0 82 54 80 79 0 0 0 67 51 23 28 75 63 83 69 3 42 1 93 73 0 8 18 76 0 12 13 68 53 99 65 85 0 91 61 92 0 89 0 7 72 0 40 43 29 15 0 19 0
7 72 35 40 43 0 15 22 19 86 77 78 30 0 0 81 64 0 0 45 56 0 33 58 20 14 49 24 97 0 87 34 27 32 94 55 17 39 74 0 44 66 59 11 0 38 0 0 37 0 71 0 0 84 0 48 0 62 90 21 0 82 54 80 79 52 96 41 0 51 23 28 75 63 83 69 3 42 1 93 73 5 8 18 76 31 12 13 68 53 99 0 85 100 91 61 92 16 0 46
99 65 85 100 0 61 92 0 89 0 7 72 35 0 43 29 15 22 0 86 0 0 0 95 0 81 64 88 6 45 56 36 33 58 20 14 0 24 0 47 0 0 0 32 94 55 0 39 74 0 44 66 59 11 57 0 60 4 37 10 71 2 25 84 9 48 70 62 90 21 0 0 54 80 0 52 96 0 67 51 23 28 75 63 83 69 3 42 1 93 73 5 8 0 76 31 0 13 68 53
73 5 8 18 76 0 0 0 68 53 99 0 0 0 91 0 92 0 0 46 0 72 35 40 0 29 15 22 19 86 77 78 30 95 50 0 64 88 0 45 56 0 33 58 20 14 49 24 0 0 87 34 27 0 94 55 17 39 74 26 44 66 59 11 57 0 60 4 37 10 0 2 25 84 9 0 0 0 90 21 98 82 54 80 79 52 96 0 67 51 0 0 75 63 83 69 3 42 1 93
0 28 75 63 83 69 0 42 1 93 73 0 0 18 76 31 12 13 68 0 99 65 85 100 91 61 92 0 89 0 0 72 35 40 43 29 15 0 19 86 0 78 30 95 0 0 64 88 6 45 56 36 33 58 0 14 49 0 97 47 87 34 27 32 94 55 0 39 74 0 0 66 0 11 57 38 0 4 37 10 0 2 0 84 9 48 70 62 0 0 98 0 54 80 79 0 96 41 67 51
0 82 54 80 0 0 96 41 0 51 0 0 75 63 83 69 3 42 0 93 73 5 0 18 0 0 12 0 0 53 99 65 85 100 0 61 92 16 89 46 7 72 35 40 43 29 15 0 0 86 77 78 30 95 50 81 64 88 0 45 56 0 33 58 20 14 49 0 97 47 87 34 27 32 0 55 0 39 0 26 44 66 59 11 57 38 0 4 37 10 71 2 25 84 9 48 70 62 90 21
71 2 25 84 9 48 70 0 90 0 98 82 54 80 0 52 96 0 0 0 0 28 75 63 0 69 3 0 1 93 73 5 8 18 76 31 0 13 68 53 99 65 85 100 91 61 92 16 89 0 0 72 0 0 43 29 15 22 19 86 77 78 30 0 50 81 64 88 6 0 56 0 33 0 0 14 0 24 97 0 87 34 27 32 0 55 17 39 74 26 44 66 59 11 57 38 60 4 37 0
0 66 0 11 57 38 0 4 37 0 0 0 25 0 9 0 70 0 90 21 98 0 0 80 0 0 96 41 0 51 23 28 0 0 83 69 0 42 1 0 0 5 8 18 76 31 12 13 68 53 0 65 0 100 91 61 92 0 0 46 0 0 35 40 43 29 15 22 19 86 77 78 30 95 50 0 64 0 6 45 56 36 33 58 0 0 49 0 97 47 87 34 27 32 94 0 0 0 74 0
0 74 26 87 34 27 32 94 0 17 4 37 10 44 66 59 11 0 38 60 62 90 21 71 2 0 84 0 48 0 0 0 0 98 82 54 80 79 52 96 42 0 93 23 0 75 63 83 69 3 0 68 53 73 0 8 18 76 31 12 16 89 46 99 0 85 100 91 61 92 22 19 86 7 72 35 40 43 29 15 0 6 45 0 78 30 95 50 81 64 24 97 47 56 36 0 58 20 14 49
24 97 47 56 0 33 58 20 14 0 39 74 26 0 34 27 0 0 55 0 4 37 10 44 66 59 11 57 38 60 62 90 21 0 0 25 84 9 48 70 0 67 51 98 82 54 80 79 52 96 42 0 0 0 28 0 63 83 69 3 13 68 53 0 5 8 18 76 31 12 16 89 46 99 0 85 100 0 61 92 0 19 86 7 72 0 40 43 29 15 0 6 45 77 78 30 0 50 81 64
0 0 45 77 78 0 95 50 0 0 24 0 47 0 36 33 58 20 14 0 39 74 0 87 0 0 32 0 55 17 4 37 10 44 66 59 0 57 38 0 62 90 21 0 2 25 0 9 48 70 0 67 51 98 0 54 80 79 52 96 42 1 0 23 28 0 63 83 69 3 13 68 53 73 5 8 0 76 31 12 16 89 46 99 0 0 100 91 61 92 22 19 86 7 72 35 0 43 29 0
22 0 86 0 0 35 40 43 29 15 88 6 0 77 78 30 95 50 81 64 24 97 47 0 36 33 58 20 14 49 39 74 26 0 34 0 32 0 55 17 4 37 10 44 66 59 11 57 38 0 62 90 0 71 2 25 84 9 48 0 41 0 51 98 82 54 0 79 52 0 42 1 93 0 0 75 0 0 69 3 0 0 53 73 5 8 18 76 31 12 16 89 0 99 65 0 100 91 61 92
16 89 46 99 0 0 100 0 61 0 22 19 86 0 72 35 40 43 29 15 88 0 45 77 0 30 95 50 81 64 24 0 47 56 0 0 58 20 14 49 39 74 26 87 34 27 32 94 55 0 4 0 10 0 66 0 0 0 38 60 0 90 21 71 2 25 84 9 48 70 41 67 0 0 82 54 0 0 52 96 0 1 93 23 28 75 63 83 69 0 13 68 53 0 5 0 18 76 31 12
13 68 53 73 0 0 18 0 31 12 16 89 46 99 65 85 100 91 61 0 22 19 86 7 0 35 40 0 29 15 88 6 0 0 0 30 0 50 81 0 0 97 0 56 36 0 58 0 0 49 39 0 26 87 34 0 32 94 55 17 4 0 10 44 66 59 0 57 38 0 62 90 21 71 2 25 84 9 0 70 0 67 51 98 82 54 80 0 0 96 42 1 93 23 28 75 63 83 69 3
42 1 0 23 28 0 63 83 69 3 13 68 53 73 0 0 18 0 31 12 16 89 0 0 65 85 100 91 0 0 22 19 86 0 0 35 40 43 29 15 0 6 45 77 78 30 95 50 81 64 24 97 0 56 36 33 0 20 0 49 39 74 0 0 34 27 32 0 0 17 4 37 10 44 66 59 0 57 0 60 62 90 21 71 2 25 84 0 48 70 41 0 51 98 82 54 80 79 52 96
0 67 0 98 82 54 80 79 52 96 42 1 93 23 0 75 63 83 0 3 13 68 53 73 5 8 18 0 31 12 16 0 46 0 65 85 100 91 0 92 0 19 86 7 72 35 40 0 0 15 88 6 45 0 78 30 95 0 81 64 24 97 47 0 0 0 58 20 14 49 39 74 0 87 34 27 32 94 55 0 4 37 10 44 66 59 11 57 38 0 62 90 21 0 2 25 84 0 48 70
62 0 21 71 2 25 84 9 0 70 0 67 51 98 0 54 80 79 52 96 0 0 93 23 28 75 0 0 69 3 0 0 53 73 5 0 18 76 31 12 16 0 46 99 65 85 100 91 61 92 22 0 86 7 72 0 0 43 29 15 0 6 45 77 78 30 95 50 81 64 0 97 47 0 36 33 58 0 14 49 39 0 0 87 34 27 32 94 0 17 0 0 10 44 66 59 11 0 38 0
4 0 10 0 66 59 0 57 0 60 62 90 21 71 2 25 84 9 48 70 41 67 0 98 82 54 80 0 52 96 42 1 93 23 0 75 63 83 0 0 0 68 53 0 5 8 0 76 31 12 16 0 0 0 65 85 0 91 61 0 22 0 86 7 72 35 40 0 0 0 88 0 45 77 0 30 95 50 81 0 24 97 47 0 36 33 58 0 14 49 39 74 26 87 34 0 32 94 55 17
0 55 0 39 74 26 87 34 27 32 57 0 60 4 37 10 44 66 59 11 9 48 70 62 90 0 71 2 0 84 79 52 96 41 0 0 0 82 54 80 83 69 3 42 1 93 0 28 0 0 0 0 12 0 68 53 0 5 0 0 91 61 92 16 89 46 0 65 0 100 43 29 15 22 19 86 7 72 35 40 50 81 0 88 6 0 0 78 0 95 20 0 0 24 97 47 56 0 33 58
0 0 0 0 97 47 0 36 33 58 0 0 17 39 0 26 87 34 27 0 57 38 0 4 0 10 44 66 59 0 9 48 70 62 90 21 71 2 25 84 79 52 0 41 67 51 0 82 54 0 83 69 3 0 1 0 0 28 75 63 0 0 12 13 68 53 0 5 8 0 91 0 0 16 0 0 99 65 85 0 43 29 0 22 19 0 0 72 0 40 50 81 64 88 6 45 77 78 30 95
50 81 64 88 0 45 77 78 30 0 0 14 49 0 0 47 0 0 33 58 94 0 17 39 74 0 87 34 27 32 0 38 60 0 37 0 0 66 59 11 0 0 70 0 90 21 71 2 25 84 79 52 96 41 67 51 0 82 54 80 83 69 3 42 1 93 0 28 75 63 76 31 12 13 0 53 0 5 8 0 91 61 0 16 89 46 99 0 85 100 43 0 15 22 19 86 7 0 35 40
43 29 15 22 19 86 7 0 35 40 50 81 64 88 6 45 77 78 30 95 20 14 49 24 97 47 56 36 33 58 94 55 17 0 0 26 0 0 27 32 0 38 0 4 37 10 0 66 0 11 9 48 0 62 90 21 71 2 25 84 0 52 96 0 0 0 98 0 54 80 83 69 3 0 1 0 23 28 75 0 0 31 12 13 68 53 73 0 8 18 91 0 0 16 89 0 99 65 85 100
0 61 92 16 89 0 99 0 85 100 43 0 15 22 19 86 7 72 0 0 0 0 64 0 6 45 0 78 30 95 20 0 49 0 97 47 56 36 33 58 94 55 17 39 74 26 87 34 0 0 57 38 60 4 37 10 44 66 59 11 9 48 0 62 90 21 0 2 0 84 0 52 96 41 67 0 0 0 54 80 83 69 3 42 1 93 0 28 75 63 76 31 0 0 68 53 73 5 8 18
76 0 12 13 68 53 73 5 8 0 91 0 92 0 89 46 99 65 0 100 0 29 15 22 19 86 7 72 35 40 0 81 64 88 6 0 0 78 30 95 20 14 49 24 0 47 56 0 0 58 94 55 17 39 74 0 0 34 27 32 57 0 60 4 37 0 44 66 59 11 9 48 70 62 90 21 0 2 0 84 0 0 96 41 0 51 98 82 54 0 83 69 3 42 1 93 23 28 0 63
83 69 3 42 1 93 23 28 75 0 76 31 12 13 68 53 73 5 0 18 0 61 0 16 89 46 99 65 85 100 43 29 0 22 19 86 7 0 0 40 50 81 0 0 6 45 77 78 30 95 0 14 0 0 97 0 0 0 33 58 94 55 17 39 74 26 87 34 27 32 57 38 60 4 37 10 0 66 59 0 9 0 0 62 90 21 71 2 25 0 79 52 96 0 67 51 0 0 54 80
79 52 96 41 67 51 98 82 54 80 83 0 3 42 0 93 23 28 75 0 76 31 12 0 68 53 73 5 8 0 91 61 92 16 89 46 99 0 85 0 43 29 15 22 19 0 7 72 35 40 50 81 64 88 0 45 77 78 30 95 20 14 49 24 97 0 56 36 0 58 94 55 17 0 0 26 87 34 0 32 57 38 0 4 37 10 44 66 59 11 9 48 70 62 90 21 0 2 25 84
9 48 0 62 90 21 71 2 25 0 79 52 96 41 0 51 98 82 54 80 0 69 3 42 1 93 0 28 75 63 76 31 12 0 68 53 73 5 8 18 0 61 92 16 0 46 0 0 85 0 0 29 15 0 19 86 7 0 35 40 50 81 64 88 6 45 77 0 30 95 20 14 0 24 97 47 56 36 33 0 94 55 17 39 74 0 87 0 27 32 0 38 60 4 37 10 44 66 59 0
57 38 60 4 0 10 44 0 59 11 9 0 70 0 90 0 71 2 0 84 79 0 96 41 67 51 98 82 54 80 83 69 3 42 1 93 23 28 75 63 76 31 12 13 0 0 73 5 8 18 91 61 92 16 89 46 99 65 0 100 43 29 15 22 19 86 0 72 35 0 50 81 0 88 6 0 77 78 0 95 20 0 49 24 97 47 56 36 33 0 0 55 17 39 0 26 87 34 27 32
34 27 0 0 55 0 39 74 26 87 0 59 0 0 0 60 4 37 10 44 2 25 84 9 48 70 62 0 0 71 82 54 80 79 52 0 41 67 0 98 0 75 63 83 69 0 42 1 93 0 5 8 18 76 31 12 13 68 53 73 65 0 100 91 61 92 16 0 46 0 72 35 40 43 0 15 22 19 0 7 78 0 0 50 81 64 88 6 45 77 36 33 58 0 0 49 24 0 0 56
36 33 0 20 14 49 24 0 47 0 34 27 32 94 55 0 39 74 26 87 66 0 0 0 0 0 4 37 10 44 0 25 84 9 48 70 62 90 21 0 82 54 0 79 0 96 41 67 51 98 0 75 63 83 0 3 42 0 0 23 0 8 0 76 31 12 13 68 53 0 65 85 100 0 61 92 16 89 46 0 0 0 40 0 0 15 0 19 86 0 78 30 95 50 0 64 88 6 0 77
78 30 95 50 81 64 88 0 45 0 36 33 58 20 14 0 24 97 47 56 0 27 0 94 55 17 0 74 0 87 66 59 0 57 38 0 4 0 0 44 2 25 84 9 48 70 62 0 21 71 82 54 80 79 52 96 0 0 51 98 28 75 63 0 69 0 42 0 0 0 5 0 18 0 31 12 13 68 53 73 65 85 0 0 0 0 16 89 46 99 72 0 40 43 29 15 0 19 0 7
0 35 40 43 29 0 22 19 86 7 78 0 95 50 81 64 88 6 45 77 0 33 58 20 14 0 24 0 0 0 34 27 32 0 55 0 39 74 26 87 66 59 11 57 38 60 4 37 0 44 2 25 0 9 48 70 62 90 21 71 0 54 80 79 52 96 41 67 0 98 28 0 63 83 69 3 42 1 93 23 5 8 18 76 31 0 0 68 53 73 65 85 100 91 0 92 16 0 46 99
65 85 100 91 61 92 16 0 46 0 72 35 40 0 29 15 0 19 86 7 78 30 95 0 81 64 88 0 0 77 0 33 58 20 14 49 24 97 47 56 34 27 32 0 55 0 39 74 26 87 66 59 11 57 0 0 0 37 0 0 2 25 0 0 48 70 62 90 0 0 0 54 80 0 52 96 41 67 51 0 28 75 63 83 0 3 42 1 93 0 5 0 0 76 31 0 13 0 0 73
0 0 18 76 31 12 13 68 53 0 65 85 100 91 61 92 16 89 46 99 0 0 0 43 29 0 0 19 0 7 78 30 95 0 81 64 0 6 45 77 36 33 0 20 0 0 24 0 47 0 34 27 0 94 55 17 39 74 26 87 66 59 11 57 38 0 0 0 0 44 2 0 84 9 48 70 62 90 21 71 82 54 80 79 52 96 41 67 51 98 0 0 63 0 69 0 42 1 93 0
28 75 63 83 69 3 42 1 93 0 5 8 18 76 31 12 13 0 53 73 65 85 0 91 61 92 16 89 46 99 72 35 40 43 29 15 22 19 86 0 0 30 0 0 81 64 0 0 0 0 36 33 58 20 0 49 24 97 47 0 34 0 32 94 0 17 39 74 26 0 66 59 11 57 38 60 4 37 10 44 2 25 84 9 48 0 62 0 21 71 82 54 0 0 0 96 41 0 0 98
82 54 0 79 52 96 0 67 51 98 28 0 63 83 69 0 42 0 93 23 5 8 18 76 31 12 0 68 53 73 65 85 100 91 61 92 16 89 46 99 72 35 40 0 0 15 22 0 86 0 0 30 95 50 81 0 0 6 45 0 36 33 0 20 0 49 24 97 47 0 34 27 32 0 55 0 39 74 0 0 66 59 0 57 38 60 4 37 10 44 2 25 84 9 48 70 62 0 21 0
0 25 84 0 48 0 62 90 0 0 82 54 80 79 52 96 41 0 0 98 28 75 63 83 69 3 42 1 0 23 5 0 0 76 31 12 13 68 53 73 65 85 100 91 61 92 0 0 46 99 72 35 0 43 29 15 22 19 86 7 78 30 95 50 81 64 88 0 0 77 36 33 58 20 14 49 0 97 47 56 34 27 0 0 55 17 0 74 26 87 66 59 11 57 38 60 4 0 0 0
66 59 0 57 38 60 4 37 10 0 2 0 84 9 48 70 62 90 21 71 82 54 80 79 52 0 41 67 51 0 28 0 0 83 69 3 0 1 93 23 5 0 0 76 31 0 13 68 53 73 0 0 100 0 61 92 0 89 0 99 0 35 0 43 29 15 22 19 86 0 78 30 95 50 81 0 0 6 45 77 36 33 58 0 14 49 24 97 47 56 34 27 0 94 55 17 0 74 26 87
74 26 87 34 27 32 0 55 17 39 37 10 44 66 59 11 0 0 60 4 0 21 0 2 25 84 9 48 0 62 67 51 98 0 54 80 0 52 96 41 0 93 23 28 0 63 83 69 3 0 68 53 73 5 8 18 76 31 12 13 89 46 0 0 0 100 91 61 0 16 19 86 7 72 35 40 0 29 15 22 6 0 77 78 30 95 0 81 0 88 97 47 56 36 33 58 20 14 49 24
97 47 0 36 33 0 20 0 49 24 74 0 87 34 27 32 94 55 17 39 0 10 44 66 0 0 0 0 60 4 0 21 71 0 25 84 9 48 0 62 67 51 0 82 54 0 79 0 96 41 1 0 23 0 75 63 83 0 3 42 0 53 73 5 8 18 76 31 12 0 89 46 0 65 85 100 91 0 92 0 19 86 7 0 0 0 43 29 15 0 0 45 0 78 30 95 50 81 0 88
6 45 77 0 30 95 50 81 64 88 97 47 56 0 0 58 20 14 49 24 74 26 87 34 0 32 0 55 17 39 37 10 44 66 59 0 57 0 60 4 90 21 71 2 25 0 9 48 70 0 0 51 98 82 54 80 79 52 96 41 0 93 23 28 0 0 83 69 3 0 68 53 0 5 8 18 76 31 12 0 89 46 0 65 85 100 91 61 92 0 19 86 7 0 35 40 43 29 0 22
19 0 7 72 35 40 43 0 15 0 6 45 0 78 30 95 0 81 64 88 97 47 0 36 0 0 20 14 49 24 0 0 87 0 27 32 94 55 17 0 37 0 0 0 59 0 57 38 60 0 90 21 71 2 25 0 9 48 70 62 67 51 98 82 0 80 79 0 96 41 1 93 23 28 75 0 83 0 3 42 68 53 0 0 8 18 76 31 12 13 0 46 99 0 85 100 91 61 92 16
0 46 99 0 85 0 0 61 92 16 19 0 7 72 35 40 43 29 0 0 6 45 77 78 30 95 50 0 64 88 97 47 56 0 33 58 20 14 0 24 0 26 87 34 27 32 94 55 17 39 37 10 44 0 59 11 57 0 60 4 90 21 71 2 25 84 9 48 0 62 67 51 0 82 54 80 79 52 96 41 1 93 23 28 75 63 0 69 3 42 0 53 73 5 8 18 76 31 12 13
68 53 0 0 8 18 76 0 12 13 89 46 99 65 0 100 0 0 92 16 19 86 7 72 35 40 0 29 15 22 6 45 77 78 30 95 50 81 0 88 97 0 56 36 33 0 20 14 49 0 74 26 87 0 27 32 94 55 0 39 37 10 0 0 59 11 57 38 60 0 90 0 71 2 0 0 9 0 70 62 0 51 98 0 54 80 0 0 96 41 1 93 0 28 0 63 83 0 3 42
1 93 23 28 75 63 0 0 3 42 68 0 0 0 0 18 76 31 12 13 89 0 99 0 85 100 91 61 0 0 19 86 7 72 35 40 43 29 15 22 6 45 77 0 30 95 50 81 64 0 97 0 0 36 33 58 20 14 49 24 74 0 87 0 27 32 94 55 17 39 37 0 0 66 59 0 57 38 60 4 0 21 71 2 0 84 9 48 70 62 0 51 98 82 0 0 79 52 96 41
67 51 98 82 54 80 79 52 96 41 1 93 23 28 75 63 83 0 0 42 68 0 73 5 0 18 76 31 12 13 89 0 0 65 85 0 91 61 92 16 19 86 7 72 35 40 43 29 15 0 0 45 77 78 0 0 50 81 64 0 97 47 0 0 0 58 20 14 49 24 74 26 87 34 27 32 94 0 17 39 0 10 0 66 0 11 57 38 60 4 0 21 0 0 0 0 0 48 70 62
90 21 71 2 25 0 9 48 0 0 67 0 98 82 54 0 79 52 96 0 1 93 0 28 75 63 83 69 3 42 68 53 73 5 8 18 76 31 12 13 89 46 99 65 0 0 91 61 0 16 19 86 7 0 0 0 0 29 0 22 6 45 77 0 0 95 50 81 0 88 0 0 56 0 33 58 20 0 49 24 74 0 87 0 27 32 94 55 0 39 0 10 44 66 59 11 57 38 60 4
37 10 44 66 0 11 57 38 60 4 90 0 71 2 25 84 9 0 70 0 67 51 0 82 0 80 79 52 0 41 0 93 23 0 75 0 83 69 3 0 68 53 73 5 8 18 76 31 12 13 89 46 0 65 0 100 91 61 92 16 0 0 7 72 0 40 43 29 15 22 6 0 77 78 30 95 0 81 64 88 97 0 56 0 0 58 20 14 0 0 74 0 0 34 0 0 94 0 17 0
55 17 39 0 26 87 34 0 32 0 38 60 4 37 10 44 66 59 11 57 48 0 62 90 0 71 2 25 0 9 0 96 41 0 51 98 82 54 80 79 69 3 42 1 93 23 28 0 0 0 31 12 0 0 53 73 5 8 18 76 0 92 16 89 0 99 65 0 100 91 29 0 22 19 0 0 0 35 40 43 0 64 0 6 45 0 78 0 0 50 14 0 0 97 0 56 36 33 58 0
14 0 0 0 0 56 36 33 0 20 0 17 39 74 26 87 34 27 32 94 0 60 0 37 10 44 66 0 0 57 48 70 62 90 21 0 2 25 84 9 52 96 41 67 51 98 0 54 80 79 0 3 42 1 93 23 28 75 0 83 31 12 13 68 53 0 5 0 18 76 61 92 16 0 46 99 65 0 100 91 29 15 22 19 0 7 72 35 0 43 81 64 88 6 45 77 78 30 95 50
81 64 0 6 45 0 78 0 95 50 14 0 0 97 0 56 0 0 58 0 0 17 39 74 26 87 34 0 0 94 0 60 4 37 10 44 66 0 11 57 0 70 62 90 0 71 2 25 84 9 52 96 41 67 51 98 82 54 0 79 69 3 42 1 93 23 28 75 63 83 0 12 13 68 53 73 5 8 18 76 0 92 0 89 46 0 65 85 100 91 29 15 22 19 0 7 0 35 40 43
29 15 22 19 0 7 0 0 40 43 81 64 0 6 45 77 78 30 0 50 0 49 24 97 47 56 0 33 58 20 0 17 0 74 26 87 34 27 32 94 38 0 4 37 10 0 66 0 0 57 48 0 62 90 21 0 2 25 0 9 52 0 0 67 51 98 0 0 0 79 69 3 42 1 0 0 0 75 63 0 31 12 13 68 53 73 5 8 0 76 61 0 0 0 46 0 0 85 100 91
0 92 16 89 46 99 65 85 0 91 0 0 22 19 86 7 0 35 0 43 81 0 88 6 45 77 0 0 95 0 0 49 24 97 47 56 0 33 58 0 55 0 39 74 0 87 34 27 32 94 0 60 4 37 10 44 66 59 11 57 48 0 62 90 21 71 2 25 0 9 0 96 41 67 0 98 82 54 80 79 69 3 42 1 93 23 28 0 63 83 31 0 0 68 53 73 5 0 18 76
31 12 0 68 0 73 5 8 18 76 61 92 16 89 0 99 65 85 100 91 0 15 22 19 0 7 0 35 0 43 0 0 0 6 45 0 78 30 95 0 14 49 24 97 47 56 36 33 58 20 55 17 39 74 26 0 34 27 32 94 38 0 0 37 10 0 66 59 11 57 48 70 62 90 21 0 0 25 84 9 52 96 41 67 51 98 82 54 80 0 69 3 0 0 93 0 28 0 63 0
69 3 0 0 93 23 0 75 63 83 31 12 13 68 53 73 5 8 0 76 61 92 16 89 0 0 65 85 0 91 29 15 0 19 0 0 0 35 40 43 81 64 0 6 0 0 78 30 95 50 0 0 24 97 0 56 36 33 0 20 55 17 39 74 26 87 34 0 32 0 38 60 0 37 0 44 0 59 11 57 0 70 62 0 21 71 0 0 84 9 52 0 0 0 51 0 82 54 0 79
52 96 41 0 51 98 82 0 80 0 69 3 42 1 93 0 28 75 63 0 31 12 13 68 0 0 0 8 0 0 0 92 16 89 46 99 65 85 0 0 0 15 0 19 0 7 72 35 40 0 81 64 88 0 0 77 78 30 95 50 14 49 24 97 47 56 0 33 58 20 0 17 0 74 26 0 34 27 32 94 38 60 4 37 0 44 66 59 11 57 0 0 62 0 21 71 2 25 84 9
0 70 62 90 21 0 2 25 0 9 52 96 0 0 51 98 82 0 80 79 0 3 42 0 93 0 28 0 0 83 0 0 13 0 53 73 5 8 18 76 61 0 0 89 46 99 65 85 100 91 29 15 22 19 86 0 72 35 40 43 81 64 88 0 0 0 0 30 95 0 14 0 24 97 47 0 36 0 58 0 0 17 39 74 26 87 34 27 32 94 38 60 0 37 10 44 0 0 11 57
38 60 4 37 10 44 66 0 11 57 48 0 62 0 0 71 2 25 84 0 52 0 0 67 51 98 0 54 80 79 0 0 42 1 93 23 28 75 63 0 31 0 13 68 0 73 0 8 18 76 61 92 0 89 46 99 65 85 100 91 29 15 0 19 86 7 0 35 40 43 81 64 88 0 45 77 78 30 95 50 14 49 24 97 47 56 36 33 0 20 55 17 39 74 0 87 0 27 32 94