10
77 0 53 71 92 0 88 0 67 18 0 0 56 25 4 0 0 0 5 0 0 72 0 0 22 98 0 44 84 50 30 0 0 86 90 80 68 69 15 91 0 26 3 19 0 28 41 45 13 32 21 46 31 6 79 76 10 0 11 95 73 61 89 0 70 99 36 55 16 2 57 39 0 14 0 0 37 64 8 12 94 20 0 47 0 58 23 0 0 0 0 62 63 33 97 43 0 83 49 9
0 0 96 14 0 1 0 64 0 12 0 20 42 47 0 58 23 85 54 78 59 62 63 33 97 43 35 83 49 9 77 87 53 0 92 29 0 0 0 18 81 0 0 25 0 27 38 51 5 75 52 72 34 82 22 98 0 44 84 50 30 0 0 86 90 80 68 69 15 0 65 26 3 19 60 0 41 45 13 32 0 46 31 6 79 76 0 7 0 95 0 61 89 74 70 99 36 55 16 0
65 26 3 19 60 0 41 45 0 32 0 46 0 6 79 0 0 7 0 0 0 61 89 0 0 0 0 55 0 2 57 39 96 0 93 0 37 64 0 0 94 20 42 47 0 58 23 85 54 78 59 62 63 33 0 43 0 83 49 9 0 87 53 71 0 0 88 0 67 0 81 17 56 25 4 27 0 0 5 0 0 0 34 82 0 0 48 44 84 50 30 24 40 86 90 80 68 69 15 0
81 17 56 25 0 0 38 51 5 75 52 72 34 82 0 98 48 44 84 50 30 24 40 86 90 80 68 69 15 91 65 26 3 19 60 28 41 45 0 32 21 0 31 6 79 0 0 7 0 95 73 0 0 74 70 99 36 55 16 2 0 0 96 14 93 1 0 64 0 12 94 20 42 47 0 0 23 85 54 0 59 62 63 33 97 43 0 83 49 9 77 87 53 0 92 29 0 0 0 18
94 20 42 47 100 0 0 0 54 0 59 62 0 0 97 43 0 83 49 9 77 87 53 0 92 0 0 66 67 18 81 17 0 25 4 27 38 51 0 75 0 72 34 0 22 98 48 0 0 50 30 0 40 86 0 80 68 0 15 91 65 0 3 19 60 0 0 0 0 0 21 46 0 0 79 76 0 7 11 95 73 0 0 74 70 0 36 55 0 2 57 39 96 14 93 0 0 64 0 0
0 0 31 6 0 0 10 7 11 0 73 61 89 0 0 99 36 55 0 2 57 39 96 0 93 1 37 0 8 12 0 20 0 47 100 58 0 85 0 78 59 62 63 33 97 0 35 83 49 9 77 87 0 71 92 29 88 66 67 18 81 17 56 0 0 27 38 51 0 75 52 72 34 0 22 98 48 0 84 0 0 24 40 86 90 80 0 69 0 91 0 26 3 0 0 28 0 45 0 32
52 72 0 0 22 98 48 44 0 50 30 24 40 86 90 80 68 0 15 91 65 26 3 19 60 28 41 45 13 32 0 0 31 6 79 0 0 7 11 95 73 0 89 0 0 99 0 55 16 2 57 39 96 0 93 1 37 0 8 12 0 20 42 0 100 58 23 85 54 78 0 0 63 33 97 0 0 83 49 9 77 87 53 71 92 29 88 66 67 18 0 17 56 25 4 27 38 0 5 75
0 62 63 0 97 0 0 83 49 9 77 87 53 71 0 29 0 66 0 18 81 17 56 0 4 27 38 51 5 0 52 72 34 0 0 98 0 0 0 0 30 24 0 0 90 0 68 69 0 0 65 26 3 19 60 28 41 45 13 32 21 46 31 0 79 76 0 7 11 95 73 61 89 74 70 99 36 0 16 2 0 0 96 14 93 1 37 0 8 12 0 20 42 47 0 0 23 0 0 78
0 61 89 0 0 99 36 0 16 2 57 39 96 14 0 1 0 0 8 0 94 20 42 47 100 58 23 85 0 78 0 62 63 33 0 0 35 0 49 9 77 87 53 71 92 0 88 66 67 18 81 17 56 25 4 27 38 51 5 75 52 72 0 0 22 98 48 0 0 50 0 24 0 0 90 0 68 69 0 0 65 26 3 19 60 28 41 45 0 32 0 46 31 0 79 76 10 7 11 95
0 24 40 86 90 80 68 69 15 91 65 0 3 19 60 28 0 45 0 32 21 46 31 6 0 76 10 7 0 95 0 61 89 0 70 99 0 55 16 2 0 39 96 14 93 1 37 0 8 12 94 20 42 47 100 58 23 85 0 0 0 62 0 0 97 43 35 0 49 0 77 0 53 71 92 29 0 0 67 18 0 17 56 25 4 0 38 51 5 75 52 72 0 82 22 0 48 44 84 50
0 67 18 77 0 0 71 92 29 88 51 5 75 0 17 56 25 4 27 38 44 84 50 0 72 34 0 22 98 48 69 15 91 0 24 0 86 90 80 68 45 13 32 0 0 0 19 0 28 41 7 0 95 0 46 31 6 0 76 10 55 16 2 0 0 89 0 70 0 36 0 8 12 57 39 96 14 93 1 37 85 54 78 0 20 42 47 0 58 23 83 0 9 59 62 63 0 97 0 35
64 8 0 0 0 96 14 93 0 0 0 0 78 94 20 0 47 100 58 23 83 49 9 0 62 0 0 97 43 0 0 0 18 77 0 0 71 0 29 88 51 0 75 81 17 56 0 4 27 38 44 84 50 52 0 0 82 0 98 0 69 15 91 0 24 40 0 90 80 68 45 13 32 65 0 3 19 60 0 41 7 11 0 21 0 31 6 79 0 10 0 0 2 0 61 89 0 70 99 36
45 13 32 65 26 3 0 0 28 41 0 11 95 0 46 0 0 79 76 10 0 0 2 73 61 0 74 70 0 36 64 0 12 57 39 0 14 93 1 0 85 0 78 94 20 42 47 100 58 0 83 0 9 59 62 63 33 97 43 0 0 67 18 77 0 53 71 0 29 88 51 5 75 81 17 0 25 4 27 38 44 84 50 52 72 34 82 22 98 0 69 15 91 30 0 40 0 90 80 0
51 5 75 81 0 56 0 4 27 38 44 84 50 0 72 0 0 22 98 0 0 15 91 0 24 40 0 0 80 68 45 0 32 65 0 3 19 0 28 41 7 0 95 21 46 31 6 79 76 10 55 16 0 0 0 0 74 0 99 0 64 0 12 57 39 0 0 93 0 37 85 0 0 0 20 42 0 100 58 23 83 0 9 59 0 63 0 0 43 35 66 67 18 77 87 53 0 92 29 88
0 54 78 94 20 42 47 0 0 23 0 0 9 59 62 63 33 0 0 35 66 67 18 77 87 53 0 92 29 88 0 5 0 0 17 56 25 4 0 38 44 84 0 52 0 34 0 22 98 48 69 15 91 0 24 40 86 90 80 68 45 0 0 65 26 3 19 60 28 41 0 11 0 0 0 31 6 0 0 10 55 16 2 0 0 89 74 70 0 36 0 8 0 57 0 96 14 93 1 0
0 11 95 21 0 0 0 79 0 0 0 16 2 0 61 89 0 70 99 36 64 8 12 57 39 96 14 93 1 37 85 54 78 94 20 42 0 100 58 23 83 49 9 59 62 0 33 97 43 0 66 67 18 77 87 53 71 92 29 88 51 0 0 81 17 56 0 4 27 38 44 0 0 52 72 34 0 22 98 48 0 15 91 30 24 40 0 0 0 0 45 13 32 65 26 3 19 0 28 41
44 84 50 52 72 34 82 22 98 48 69 0 91 30 24 0 86 90 80 68 45 13 0 65 26 0 19 60 28 0 7 11 0 21 46 31 6 79 76 10 0 0 2 73 61 89 74 70 99 36 0 8 0 0 39 96 0 0 1 37 85 0 78 94 20 0 47 100 58 0 83 49 9 0 0 63 33 97 43 35 66 0 18 0 87 53 71 0 29 88 51 5 75 81 17 56 0 4 27 38
0 0 9 59 0 63 0 97 43 35 0 67 18 0 87 53 0 0 29 88 51 5 75 81 17 56 25 4 27 38 0 84 0 52 72 34 82 0 0 48 0 15 0 30 24 0 86 90 80 68 45 0 32 65 0 0 0 60 28 0 7 0 95 0 0 31 6 79 76 10 0 16 0 73 61 0 74 0 99 36 64 8 12 57 39 0 0 0 1 37 85 0 78 0 20 42 47 0 58 23
0 16 2 73 61 89 74 70 99 36 64 0 12 57 39 0 14 93 0 37 85 54 78 0 0 42 0 100 58 23 83 49 0 59 0 63 0 97 43 35 66 0 0 77 87 0 71 92 29 88 51 0 75 0 17 56 25 4 27 38 44 84 50 52 0 34 82 22 98 48 69 15 91 30 0 40 86 90 80 68 0 13 32 65 26 3 19 60 28 0 0 11 95 21 46 31 0 79 0 10
0 15 91 30 24 40 86 90 80 0 0 13 32 65 26 3 19 60 28 41 0 0 0 21 46 0 6 79 76 10 55 16 2 0 0 0 74 0 99 36 0 8 12 57 39 96 14 93 0 37 85 54 0 0 0 42 47 100 58 23 0 49 9 59 0 63 33 97 43 35 66 67 0 0 87 53 71 0 29 88 0 5 75 81 17 0 0 4 0 38 44 0 50 52 72 34 82 22 98 0
92 29 88 0 67 18 77 87 0 71 4 27 0 0 5 0 0 17 56 25 22 98 0 44 84 50 52 0 34 82 0 80 68 69 15 91 30 24 0 0 60 28 0 0 13 32 65 26 0 19 0 76 10 0 11 95 21 46 31 6 70 99 36 55 16 2 73 0 89 74 93 0 37 64 0 12 57 39 96 14 100 58 0 85 0 0 94 0 42 47 97 0 35 0 49 9 59 62 63 33
93 0 37 64 0 12 57 0 96 0 100 0 23 85 54 0 0 20 42 47 97 0 0 83 49 9 59 62 63 33 92 29 88 0 0 0 0 87 53 71 4 27 38 51 5 75 81 17 56 25 22 98 48 0 84 50 52 72 34 0 90 80 68 0 15 91 30 0 40 86 60 28 41 45 13 32 65 26 3 19 79 0 10 0 11 0 21 46 31 0 70 99 36 55 16 0 73 61 0 74
60 28 41 45 0 32 65 26 3 19 79 76 0 7 0 0 21 46 0 6 70 0 36 0 16 2 73 61 89 74 93 1 37 64 8 0 57 39 96 14 100 58 23 0 54 78 0 20 42 47 97 43 35 83 49 9 59 62 63 0 92 29 0 66 0 18 0 87 53 0 4 27 38 51 5 75 81 0 56 25 22 98 0 0 84 0 52 72 34 82 90 80 0 69 0 0 30 0 40 0
4 27 38 51 5 0 81 17 0 25 22 98 48 44 84 50 52 72 34 82 90 80 68 69 0 0 30 24 40 0 60 28 41 45 13 0 0 0 0 19 0 76 10 7 0 0 21 46 31 6 70 99 36 55 16 0 73 0 89 74 93 1 37 0 8 0 57 0 96 0 0 58 23 85 54 78 94 20 0 47 97 43 0 83 49 9 59 62 0 33 92 0 88 66 67 18 0 87 53 0
0 58 23 0 54 78 94 0 42 0 97 43 35 0 49 9 0 62 63 33 92 29 88 0 67 18 0 0 53 71 4 0 0 51 0 0 0 17 56 25 22 98 0 0 84 50 0 0 0 82 90 80 68 69 0 91 30 0 40 86 60 0 41 0 13 0 65 26 3 0 79 76 10 7 11 95 0 0 31 6 0 99 36 55 16 2 73 61 0 74 93 0 0 0 8 12 57 0 96 14
79 0 10 7 11 95 0 46 31 0 70 99 36 55 16 2 73 61 89 74 93 1 37 64 0 12 57 0 96 0 100 0 23 85 0 0 94 20 42 47 97 43 35 83 49 0 59 62 63 33 0 29 88 66 67 18 77 87 0 0 4 27 0 51 5 0 0 17 56 25 22 98 0 0 84 50 52 72 0 0 90 80 68 0 0 0 0 0 40 86 0 28 0 45 13 32 65 0 3 0
0 98 48 0 0 50 52 72 34 82 0 0 68 69 15 0 30 0 0 86 0 28 41 45 13 32 0 0 3 0 79 76 0 0 0 0 21 46 0 6 70 0 36 55 16 2 0 61 0 74 93 0 37 0 8 12 0 39 96 14 100 58 23 0 54 78 94 0 42 47 0 43 35 83 49 9 59 62 0 33 92 29 88 66 67 18 77 87 53 0 0 0 38 51 5 0 0 0 56 25
97 43 0 83 49 9 59 0 63 0 92 29 0 66 67 18 77 0 0 0 4 27 38 51 0 75 0 0 56 25 22 98 48 0 0 50 0 0 34 82 0 80 0 69 15 0 30 24 40 0 60 28 41 45 13 32 0 26 3 19 79 76 10 0 11 0 21 46 31 6 70 99 36 55 16 2 73 61 89 74 0 0 37 0 0 12 57 39 96 14 100 58 23 0 54 78 94 20 42 47
0 0 0 55 16 0 73 61 0 0 93 1 37 0 8 0 0 39 96 0 100 0 0 85 54 78 94 20 42 47 0 43 35 83 49 9 0 62 63 33 92 29 0 0 67 18 77 87 53 71 4 27 38 51 5 75 81 0 0 0 22 98 0 0 84 50 52 72 0 82 0 80 68 69 15 91 0 24 40 86 60 28 41 45 13 0 65 0 3 0 79 0 10 7 11 95 21 0 31 0
0 0 68 69 0 91 30 0 40 86 60 28 41 45 0 32 65 26 3 0 79 76 10 7 11 95 21 46 31 6 0 99 36 55 0 2 0 61 89 74 93 1 37 64 8 12 57 0 0 14 0 58 23 85 0 0 94 20 42 47 97 43 35 0 49 9 59 62 63 33 92 29 0 66 67 18 0 87 53 71 4 27 38 0 5 0 81 17 0 25 22 98 48 44 84 50 0 72 34 82
87 0 71 92 29 88 0 0 0 77 0 0 0 4 27 0 51 5 75 81 72 34 0 22 0 48 0 84 50 52 24 0 0 90 0 68 69 0 91 30 26 0 19 60 0 0 45 13 32 65 46 31 0 79 76 10 7 0 0 0 61 89 74 0 99 36 55 0 0 73 0 96 0 93 0 37 0 8 12 57 20 42 47 100 58 23 85 54 78 94 0 0 33 97 0 0 83 49 9 0
39 96 14 0 1 37 64 8 12 57 20 0 47 100 58 23 85 0 0 0 62 0 0 97 0 35 83 0 0 59 87 53 71 92 29 0 66 67 18 77 0 0 25 0 27 38 51 5 0 0 72 0 0 0 98 48 44 84 50 52 0 0 86 90 80 68 69 15 0 30 0 3 19 60 28 0 45 13 32 65 46 0 0 79 0 10 7 11 0 21 61 89 74 0 99 36 0 16 2 73
0 3 19 60 28 0 45 13 32 65 46 31 0 79 0 10 7 11 0 21 61 0 74 0 99 36 55 16 2 73 39 0 14 0 1 37 64 8 0 57 0 42 0 0 58 23 85 0 78 0 62 63 33 0 0 35 83 49 9 59 87 53 0 92 29 0 66 0 18 77 17 56 25 4 27 38 51 5 0 81 72 0 82 22 98 48 44 0 50 52 0 0 0 90 0 0 0 0 91 30
17 56 25 4 27 0 51 5 0 81 72 34 0 0 98 48 0 84 0 52 24 0 0 90 80 0 69 15 91 0 0 3 0 60 28 41 0 13 32 0 46 31 6 79 76 10 7 11 95 21 61 0 74 70 99 36 55 16 0 0 0 96 14 93 1 37 64 0 0 57 20 42 47 100 0 0 0 0 78 0 62 63 33 0 43 35 0 0 9 59 87 53 71 92 0 88 66 0 18 77
20 42 47 0 0 23 85 0 0 94 62 63 0 0 0 35 83 49 9 59 87 53 0 92 0 0 66 67 18 77 17 0 0 4 27 38 0 0 75 0 72 34 0 22 98 0 44 84 50 52 0 40 86 0 80 68 0 0 91 30 0 0 0 0 0 41 0 0 32 65 46 31 6 79 0 10 7 0 0 21 61 89 74 70 0 0 55 16 2 0 39 96 14 0 1 37 64 0 12 0
46 0 6 0 0 10 7 11 95 21 0 89 74 70 0 36 0 16 2 0 0 0 0 0 1 0 64 0 12 57 0 42 0 100 0 23 0 54 0 0 62 63 33 97 43 35 83 49 9 0 87 53 0 92 29 88 66 67 0 77 17 0 25 4 27 38 51 0 75 81 72 34 82 22 98 48 44 84 50 52 0 0 0 90 80 0 69 15 91 0 26 3 0 60 0 41 45 0 32 65
72 0 82 22 98 0 44 84 50 52 0 0 86 90 80 0 69 15 0 30 26 3 19 0 0 0 45 13 0 65 0 31 6 79 76 10 7 11 95 21 0 0 74 0 0 36 55 16 2 0 39 96 14 93 1 37 64 8 12 0 20 42 47 0 58 23 0 54 78 0 62 63 0 97 43 0 83 49 0 59 0 53 71 92 29 88 66 0 0 77 17 56 0 4 27 0 51 5 75 81
0 63 33 0 43 0 0 49 9 59 87 53 0 0 0 88 0 67 18 77 0 0 0 4 27 0 51 5 75 0 72 34 0 22 98 48 44 0 50 0 0 40 86 90 80 0 69 15 0 30 26 3 19 60 28 41 45 13 32 65 46 0 6 79 0 10 7 11 95 21 0 89 74 0 99 36 55 16 0 73 39 96 14 93 1 0 64 0 12 0 20 42 47 100 58 23 85 54 78 0
0 0 74 70 99 36 55 16 2 73 0 96 14 0 0 37 0 8 12 57 20 42 47 100 58 0 85 54 78 0 62 63 33 97 43 35 0 49 9 59 87 0 71 0 29 88 66 67 18 77 17 56 25 0 27 0 0 5 75 81 0 34 82 22 98 48 44 84 50 52 24 0 86 90 80 68 0 0 91 30 26 3 19 60 28 41 45 0 32 0 46 31 6 79 0 10 7 11 95 0
24 0 86 90 80 68 69 15 91 0 0 3 19 60 28 0 45 0 32 65 46 31 6 79 76 10 0 11 0 21 0 0 74 0 0 36 55 16 2 73 39 0 0 93 1 37 64 0 12 57 0 42 47 100 58 23 0 0 78 94 0 63 33 0 43 35 0 0 9 0 0 53 71 92 29 88 66 0 18 77 17 56 25 4 0 0 51 5 75 81 72 34 82 22 98 48 0 0 50 52
67 0 77 87 53 71 0 29 88 0 5 0 0 17 56 25 0 0 38 51 84 50 0 72 34 82 22 98 48 44 0 0 0 24 0 0 90 0 0 0 13 32 65 26 3 19 60 28 41 45 11 95 21 46 31 6 0 0 10 0 16 0 0 61 89 74 0 0 36 55 8 12 57 0 96 14 0 1 37 64 54 0 94 20 0 47 100 58 0 0 49 9 59 62 63 33 0 43 35 0
0 0 57 39 96 14 93 1 37 64 54 0 94 20 42 47 0 58 0 85 49 9 59 62 63 33 0 43 0 0 67 18 0 87 53 71 92 29 88 66 0 75 81 0 56 0 4 27 38 51 84 50 52 72 0 82 22 98 48 0 0 91 30 24 0 86 90 80 0 69 13 32 65 26 3 19 60 28 0 45 0 95 21 46 31 6 79 76 10 7 16 2 73 61 89 74 70 99 36 55
13 0 65 26 0 19 0 0 0 45 11 95 0 0 31 0 79 76 10 7 16 0 73 61 89 74 70 99 36 55 0 12 57 0 0 14 93 0 37 64 54 78 94 20 0 47 100 58 23 85 49 0 59 62 63 33 97 43 35 83 0 18 77 0 53 71 0 29 88 0 0 75 81 0 56 25 4 27 0 0 84 50 0 0 34 82 22 0 48 44 15 91 30 0 0 86 0 0 68 69
0 75 0 0 56 25 4 27 38 51 0 0 0 72 34 82 0 98 48 44 15 0 30 24 40 86 0 80 68 0 13 32 65 0 0 0 60 28 41 0 11 95 21 0 0 6 0 0 0 0 16 2 73 0 0 74 70 99 0 55 8 0 57 0 96 14 93 1 37 64 0 78 94 0 42 47 0 58 0 85 0 9 0 62 63 33 97 43 35 83 67 18 77 87 53 71 92 0 0 0
54 78 0 20 42 0 0 58 0 0 0 0 59 62 0 33 97 43 35 83 67 18 77 87 53 71 92 29 88 0 5 0 81 0 0 25 4 0 38 51 84 0 0 72 34 82 0 98 48 0 15 0 30 24 40 86 90 80 68 69 13 32 65 0 3 19 0 0 0 0 11 0 21 0 31 6 0 76 0 7 16 2 73 61 89 74 70 99 36 55 8 12 0 39 96 14 93 1 0 0
0 95 21 46 31 0 0 76 0 7 16 2 73 61 0 0 70 99 36 55 8 12 0 39 96 14 93 1 37 64 0 78 94 20 42 47 100 58 23 85 49 0 0 0 63 33 97 43 35 0 67 0 0 87 53 71 92 29 88 66 5 75 81 17 56 25 4 27 38 51 0 50 52 0 0 0 22 0 48 0 0 0 30 24 40 86 90 80 68 69 13 32 0 26 0 19 60 0 41 0
0 0 52 72 34 82 22 0 0 44 15 91 0 24 40 86 0 80 68 69 13 32 65 26 3 19 0 28 41 45 11 95 21 46 31 6 79 0 10 7 16 0 0 61 0 74 70 0 36 55 8 12 57 39 96 0 0 0 0 64 0 0 94 0 42 47 100 58 23 0 0 9 59 62 63 33 97 0 35 83 67 0 77 87 53 71 92 29 0 0 5 75 81 17 56 0 4 0 38 0
49 9 0 62 63 33 97 43 35 83 0 18 0 87 53 71 92 29 88 66 5 75 0 17 56 25 4 27 38 51 84 50 0 72 34 82 0 98 48 44 0 91 0 0 0 86 0 0 68 69 0 32 65 26 0 19 60 0 41 45 11 0 21 46 0 6 79 0 10 7 16 2 73 0 0 74 70 99 36 55 0 0 57 0 96 14 93 1 0 64 54 0 0 20 42 47 0 58 23 85
0 2 73 61 89 0 70 99 36 55 8 12 57 39 96 0 0 0 37 0 54 78 94 20 42 47 100 58 0 0 49 9 59 62 63 0 97 43 35 83 0 18 0 87 53 0 92 29 88 66 0 75 0 17 56 25 0 0 38 51 84 0 52 72 34 82 22 98 48 0 15 91 0 24 0 86 90 0 68 0 13 32 0 26 3 19 0 28 41 45 11 95 21 46 31 6 79 76 10 0
15 91 30 0 40 86 90 80 68 69 13 0 65 0 3 19 60 0 41 45 11 95 21 0 31 6 0 76 0 7 16 2 73 61 89 0 70 0 36 55 0 0 57 39 96 14 0 1 0 0 54 78 94 0 42 47 100 58 23 85 49 9 59 62 63 33 0 43 0 83 67 0 77 0 53 71 0 0 88 66 0 75 0 17 0 25 4 27 38 51 84 0 52 72 34 82 22 98 48 44
29 88 66 67 0 77 87 53 71 0 27 0 51 5 75 81 17 56 25 4 0 48 44 84 50 52 72 34 82 22 0 0 0 15 91 30 0 40 86 90 28 0 45 0 32 65 0 0 0 60 0 0 7 11 95 21 46 31 6 0 99 0 55 16 2 0 61 89 74 70 1 37 64 8 12 0 39 96 14 93 58 23 85 54 0 94 20 42 47 100 43 35 83 0 0 0 62 63 33 97
0 0 64 0 12 0 39 0 14 93 58 23 0 54 78 94 20 0 0 100 43 35 83 0 9 59 0 63 33 97 29 88 0 67 18 77 87 53 0 92 27 38 0 5 75 81 0 56 25 4 98 48 0 84 50 52 0 34 82 22 80 68 69 0 0 0 0 40 0 0 0 41 45 13 0 0 26 3 0 60 76 10 7 11 95 0 46 0 6 79 0 0 55 16 2 73 61 89 74 70
28 41 0 0 32 65 26 0 19 60 76 10 7 11 0 21 46 31 0 0 99 36 55 16 2 73 61 89 0 70 1 0 64 8 0 57 39 96 0 0 58 23 85 54 78 0 0 42 47 0 0 35 0 49 0 0 62 63 33 0 29 0 0 67 18 77 87 53 0 92 0 38 51 5 75 0 17 0 25 4 98 48 44 84 0 0 72 0 82 0 80 68 0 0 91 30 24 40 86 0
0 0 51 5 75 81 17 56 25 4 98 0 44 84 0 0 72 34 82 22 80 68 69 15 91 30 24 0 0 90 28 41 45 13 32 65 0 3 0 0 76 0 7 11 95 21 46 31 6 0 0 36 55 0 0 73 61 0 74 0 1 0 64 8 12 57 39 96 0 93 0 23 85 54 78 0 0 0 47 0 43 35 0 0 9 59 62 63 33 97 0 88 66 67 18 77 0 0 71 92
58 23 85 54 78 94 20 42 47 100 43 35 83 49 0 59 0 63 0 0 0 0 66 67 18 0 87 53 71 92 0 38 51 5 75 81 17 0 25 0 98 48 44 84 50 0 72 34 0 0 80 68 69 0 91 30 24 40 86 90 0 41 45 0 32 65 0 3 0 0 0 0 7 11 95 0 46 31 6 79 99 36 55 16 0 0 61 0 74 0 1 37 64 8 12 0 0 96 14 93
76 10 0 0 95 21 0 0 6 79 99 36 55 16 2 73 0 89 74 70 0 37 0 8 0 57 39 0 14 93 58 0 0 54 78 0 0 0 47 100 43 35 83 0 9 59 62 63 33 97 0 0 66 67 18 77 87 53 71 92 0 38 51 0 75 0 17 0 25 4 98 48 0 84 0 52 72 34 0 22 80 68 69 0 91 30 24 40 0 90 0 41 45 13 0 65 26 0 0 60
98 48 44 84 50 52 72 0 82 22 80 0 0 15 0 30 24 40 86 90 28 0 45 13 0 65 26 3 19 60 76 10 0 11 95 21 46 0 6 79 99 36 55 16 0 0 61 89 74 70 1 37 64 8 12 0 39 96 14 0 0 0 85 54 78 94 0 42 47 0 43 35 0 49 9 0 62 0 33 97 0 0 66 0 18 77 87 53 71 0 27 0 51 5 75 0 17 0 25 4
43 35 83 49 9 0 62 0 0 0 29 88 0 0 0 77 87 53 71 92 27 38 51 5 75 81 17 56 25 0 98 48 0 84 50 52 72 34 82 0 0 68 0 15 0 30 0 0 86 90 28 41 45 13 32 65 26 3 19 60 0 10 0 0 95 21 46 31 6 0 99 36 55 16 2 73 61 0 0 70 1 37 0 8 12 0 39 96 14 93 58 23 85 54 78 0 0 42 47 0
99 36 55 16 2 73 61 0 74 70 1 37 64 8 12 0 39 96 14 93 58 23 85 54 78 94 0 42 0 100 43 35 83 49 9 59 0 63 0 0 29 0 66 0 18 0 87 0 0 92 27 38 51 5 75 81 0 56 0 4 98 0 0 84 50 52 72 34 0 22 80 68 69 15 91 30 24 0 0 0 28 41 45 0 32 65 0 3 19 60 0 10 0 11 95 0 0 31 0 79
80 0 69 15 91 30 24 40 0 90 28 41 0 13 32 65 26 3 0 60 0 10 7 0 95 21 0 31 6 79 99 36 55 16 2 73 61 89 0 70 0 0 0 8 12 57 39 96 0 93 58 0 85 54 78 0 20 0 47 100 0 35 83 49 9 0 62 63 33 97 29 88 66 0 0 0 87 53 71 0 27 0 0 0 75 0 17 0 25 4 98 0 44 0 50 52 72 34 82 22
53 71 0 29 0 66 67 18 77 87 0 0 4 27 38 51 0 0 0 17 0 82 22 98 48 44 0 50 0 72 40 86 90 80 68 69 15 91 0 24 0 19 60 28 41 45 13 0 65 26 31 0 79 0 10 7 11 0 21 0 89 74 70 0 36 55 0 2 73 0 96 14 93 0 37 64 0 12 0 39 42 47 100 58 0 85 54 78 0 20 63 33 97 0 35 83 49 0 0 62
0 0 93 1 0 64 0 12 57 39 42 0 100 58 23 85 0 78 94 20 63 33 97 0 35 83 0 9 59 62 53 71 92 0 88 66 0 18 77 87 56 0 4 0 0 51 5 0 81 17 34 82 22 98 0 44 84 50 52 72 40 86 90 80 68 69 15 91 30 24 0 19 60 28 41 45 0 32 65 26 31 6 79 0 10 0 11 0 21 46 0 74 70 99 36 55 0 0 73 61
3 0 0 28 41 45 0 32 65 26 0 6 79 76 10 7 0 95 21 46 0 74 70 99 0 55 0 0 73 61 0 0 0 1 0 64 0 12 0 39 0 47 100 58 0 0 0 78 0 0 63 33 0 43 35 0 49 9 59 0 0 0 92 29 88 66 67 18 77 87 56 25 4 27 38 51 5 0 81 0 34 0 22 98 48 44 84 50 52 72 40 86 0 80 0 0 15 91 30 24
56 25 4 0 38 51 0 0 81 0 34 0 0 98 48 44 84 50 52 72 0 0 90 80 68 0 0 91 30 0 3 19 60 0 41 45 13 32 0 26 0 6 79 76 10 7 11 0 0 46 89 74 70 99 36 55 16 2 73 61 96 14 0 1 0 64 8 0 57 39 0 47 100 58 23 85 0 78 94 20 0 33 97 43 35 0 49 9 59 0 53 71 92 29 88 0 0 18 77 0
42 47 100 0 23 85 54 78 94 20 63 33 97 0 0 83 49 9 0 62 0 71 92 29 88 66 67 18 0 87 0 0 4 0 38 51 5 0 81 17 34 0 22 0 48 0 84 0 52 72 0 0 90 80 68 69 0 91 30 24 3 19 60 28 41 45 13 0 0 26 31 0 79 0 10 7 11 95 21 0 89 74 0 0 36 0 16 2 73 61 96 14 93 0 37 0 8 0 57 0
0 6 79 76 10 7 11 95 0 46 89 0 70 99 0 55 16 2 0 0 96 0 93 1 0 64 8 12 57 39 0 47 100 0 0 85 54 0 94 20 63 33 97 43 35 83 0 9 59 0 53 71 92 29 88 66 0 0 77 87 56 0 4 27 0 0 5 0 81 17 34 82 22 98 48 0 0 50 0 72 40 86 0 80 68 69 15 0 30 0 3 19 60 28 41 45 0 32 65 26
34 0 0 0 48 44 84 50 0 72 40 86 90 80 68 69 15 91 0 0 3 19 60 28 41 0 13 0 65 26 31 6 0 0 0 7 0 95 21 46 0 74 70 0 36 55 16 0 73 61 96 14 0 0 0 64 8 12 57 39 42 47 100 58 23 85 54 0 94 20 63 33 97 43 0 83 49 9 0 62 53 71 92 29 88 66 67 18 77 0 56 25 4 27 38 51 0 75 81 17
63 33 97 43 35 83 49 0 59 62 53 0 0 29 0 66 67 18 0 0 56 0 4 27 38 0 5 75 81 17 0 82 22 98 48 44 0 50 52 72 40 86 0 80 68 69 15 91 30 24 0 19 0 28 0 45 13 0 0 26 31 0 79 0 10 7 11 95 0 46 89 74 70 99 36 0 16 0 73 61 0 14 0 1 37 64 8 0 0 0 42 47 100 58 0 85 0 78 94 0
89 74 0 0 36 55 0 2 73 61 96 14 93 1 37 64 8 12 57 39 42 0 100 58 23 85 0 78 94 20 0 33 97 43 35 0 49 9 0 62 53 71 92 29 88 66 67 18 77 87 56 25 4 0 0 51 5 75 0 17 34 82 22 98 48 44 84 0 52 72 40 86 90 80 68 69 15 91 0 0 3 19 60 28 41 45 0 32 65 26 0 6 0 76 10 7 11 0 21 46
40 0 90 80 68 69 15 0 0 24 0 0 60 28 41 45 13 32 0 0 0 6 79 76 10 7 11 0 21 0 0 0 70 99 36 55 16 2 0 61 96 14 0 1 37 64 8 12 57 39 42 47 100 58 23 0 0 78 94 20 63 33 97 43 35 83 0 0 59 62 53 71 92 0 0 66 67 18 0 0 56 25 4 27 0 51 5 75 0 17 0 82 0 0 48 44 0 50 52 0
18 0 0 53 71 92 29 88 66 67 0 81 17 0 0 0 27 38 51 5 0 52 72 0 82 22 98 48 44 84 91 30 0 40 86 0 80 68 69 15 32 65 26 3 19 60 0 0 45 13 0 21 46 31 0 0 76 10 7 0 0 73 61 0 74 70 99 36 55 16 0 0 39 96 14 93 1 0 64 8 78 94 0 0 0 100 58 23 0 54 0 59 62 63 0 0 43 0 0 49
12 0 39 96 14 93 1 37 64 8 78 94 0 42 47 100 0 23 0 54 9 59 62 63 0 97 0 35 83 49 18 77 87 53 71 92 29 88 66 67 75 81 17 56 25 4 27 0 51 5 0 0 72 34 82 22 98 48 44 0 91 30 24 0 86 90 80 0 0 0 32 0 0 3 19 0 28 41 45 13 0 0 46 0 6 79 76 10 7 11 2 0 61 89 74 70 0 36 55 16
32 65 26 3 0 60 0 0 45 13 95 21 0 31 6 79 76 10 7 11 0 73 61 89 0 70 0 36 55 0 12 0 39 0 14 0 0 37 64 8 78 94 20 42 47 100 58 23 85 0 9 59 62 63 0 97 43 35 83 0 0 77 87 53 0 92 29 88 66 67 75 81 17 0 25 0 27 38 51 5 50 0 72 34 82 0 98 48 44 84 0 30 24 40 86 0 80 68 69 15
75 81 0 56 25 4 0 0 51 5 50 52 72 34 82 22 98 48 0 0 91 30 24 40 86 90 80 68 69 15 32 0 26 3 19 60 28 41 45 13 0 21 46 31 6 79 76 0 7 11 2 73 61 89 74 70 99 0 55 16 0 0 39 96 14 0 1 37 64 0 78 0 20 42 0 100 0 23 85 54 0 0 62 0 33 97 43 0 0 49 18 77 87 53 0 92 29 88 66 67
78 94 20 42 47 100 0 23 85 0 0 59 0 63 33 97 43 0 83 0 18 77 87 0 71 92 29 88 66 0 75 81 17 56 25 4 27 38 0 0 0 52 0 34 82 22 98 48 44 84 91 30 24 40 86 90 80 68 69 15 32 65 26 3 19 60 0 41 45 0 95 21 0 31 6 0 0 10 0 11 2 73 0 89 74 70 99 0 55 16 12 57 39 96 14 93 1 37 64 8
95 21 46 31 0 79 76 10 7 11 0 73 61 89 74 70 99 0 55 16 0 57 0 96 0 93 1 37 64 8 78 94 20 0 47 100 0 23 85 0 9 59 62 63 33 97 43 35 83 49 18 77 87 0 71 0 0 88 66 0 75 81 17 56 25 4 27 38 0 0 50 52 72 34 0 22 98 48 44 84 91 30 24 40 86 90 80 68 0 15 32 65 0 3 19 60 0 41 0 13
0 0 0 34 0 22 98 48 0 84 91 0 24 40 0 90 0 68 69 15 0 65 26 3 19 60 28 41 45 13 0 21 46 31 0 79 76 10 0 11 0 73 61 0 74 70 0 36 55 16 12 57 0 96 14 93 1 37 0 8 78 94 20 0 47 100 0 23 85 54 9 0 62 0 33 97 43 35 83 49 18 77 87 53 71 92 0 0 66 67 75 81 17 56 25 4 27 0 51 5
9 59 62 0 33 97 43 35 83 49 18 77 87 53 0 92 29 88 66 67 75 81 17 0 25 4 27 0 0 5 50 0 0 34 82 22 98 48 44 84 91 0 0 40 86 90 80 0 0 15 32 65 26 0 19 60 28 0 0 0 95 0 46 31 6 79 76 10 7 0 0 73 61 89 74 70 99 36 55 0 12 57 39 0 0 93 0 0 0 8 0 0 20 42 47 100 0 23 0 0
2 73 61 89 0 70 99 36 0 16 12 0 39 0 14 93 1 0 0 8 78 94 20 42 47 0 58 23 0 54 9 59 62 63 33 97 43 0 0 49 18 0 0 0 71 92 29 88 66 0 75 81 17 56 0 4 27 38 0 5 0 0 72 34 82 22 98 48 44 84 0 0 24 40 86 0 80 0 69 15 0 0 26 3 19 60 28 41 45 13 95 21 46 0 6 79 0 0 0 0
91 30 24 0 86 90 80 0 0 15 32 65 26 3 19 0 28 0 45 0 95 21 46 31 6 79 0 10 7 11 2 73 0 89 74 70 99 36 55 0 0 57 39 96 14 93 1 0 64 8 0 94 20 42 47 100 58 23 85 54 9 59 0 63 33 97 43 35 83 49 18 77 0 53 71 0 29 88 66 0 75 0 17 0 25 4 27 38 51 0 50 52 0 34 82 22 98 48 44 0
88 66 67 0 77 87 53 71 0 29 0 51 5 0 81 17 56 25 4 0 48 0 84 50 52 72 34 82 22 98 0 69 15 91 30 24 0 86 0 80 41 0 0 32 0 0 3 19 60 28 10 0 11 0 21 0 31 6 79 76 0 0 16 2 73 0 89 74 70 0 37 64 8 0 57 39 0 14 93 0 0 85 54 78 0 20 42 47 100 0 35 83 49 9 0 62 63 0 97 43
0 64 8 12 0 39 96 14 93 1 23 85 54 0 94 20 42 0 100 58 0 83 49 9 59 62 63 0 97 43 0 0 0 18 77 87 0 71 0 0 0 0 5 75 81 17 56 25 0 27 48 44 0 50 52 72 34 82 22 0 68 69 15 91 0 24 0 0 90 80 0 45 13 32 65 26 3 19 0 28 10 7 11 0 21 46 31 0 79 76 36 55 0 2 73 61 89 0 0 0
0 45 13 32 65 26 3 19 60 28 10 7 11 95 21 0 31 6 79 76 36 55 16 0 73 61 89 74 70 99 0 64 8 12 0 39 96 14 93 0 23 85 0 78 94 20 42 47 100 0 35 83 49 0 0 62 63 33 97 43 88 66 0 18 77 87 53 71 0 29 38 0 0 75 0 17 56 25 4 27 0 44 0 50 52 0 0 82 22 0 68 69 15 91 0 24 40 0 0 0
38 51 5 75 81 17 56 0 4 0 0 44 84 50 0 0 0 82 0 98 0 0 15 91 0 24 40 0 0 80 41 0 13 0 65 26 3 19 60 28 10 0 11 95 21 46 31 6 79 76 36 0 16 2 0 61 0 74 70 0 37 64 8 0 0 39 96 14 93 1 0 85 0 78 94 20 42 47 100 0 35 83 49 9 0 0 0 33 97 43 0 66 67 0 0 0 53 0 92 29
23 85 54 0 94 20 0 47 100 0 0 0 49 9 0 62 63 33 97 43 88 0 0 0 0 87 53 71 92 29 38 51 5 75 81 17 56 25 0 27 48 44 84 0 52 0 34 0 22 98 68 69 15 0 30 0 0 86 0 0 41 45 0 32 65 26 3 19 60 28 0 7 11 95 21 46 31 6 0 0 36 55 16 2 73 61 89 74 70 99 37 64 0 12 0 0 96 14 93 1
10 0 0 95 21 46 31 6 79 76 0 55 0 0 0 61 89 74 0 99 37 64 8 12 57 39 0 14 93 1 23 85 54 0 94 20 42 47 100 58 35 0 0 9 59 62 0 33 97 43 88 66 67 0 77 87 0 0 92 0 38 51 0 75 81 17 56 25 0 27 48 44 84 50 52 72 0 0 22 98 0 69 15 91 0 24 40 86 90 80 41 0 0 32 0 26 0 19 0 28
48 44 84 50 52 72 34 0 22 0 0 69 15 0 30 24 40 0 90 80 41 45 13 32 65 26 3 0 0 28 10 7 0 95 21 0 31 6 0 76 36 0 16 2 0 61 89 0 70 99 0 64 8 12 57 39 96 14 93 1 23 85 54 78 94 0 0 47 100 0 35 83 49 9 59 62 63 0 97 43 88 66 67 18 0 0 0 0 92 29 38 51 5 75 0 17 0 25 4 27
0 83 49 9 59 62 63 33 97 43 0 66 0 18 0 87 0 71 0 29 38 51 5 75 81 17 56 25 0 27 48 44 0 50 52 72 34 82 22 98 68 0 15 0 30 0 0 0 90 80 41 45 13 32 65 26 3 19 60 28 10 7 0 95 0 46 31 0 79 76 36 0 16 2 73 0 89 74 0 99 37 0 0 12 57 39 96 14 93 1 23 85 54 78 94 0 42 47 100 0
0 55 16 0 0 0 0 74 70 99 37 0 0 12 57 0 96 14 93 1 23 85 54 0 94 0 0 47 100 58 0 83 49 9 59 62 63 33 97 43 88 66 67 0 77 87 0 71 92 0 0 51 0 75 81 0 56 0 4 27 48 44 84 50 0 72 34 82 0 98 68 69 15 91 30 24 0 86 90 80 0 0 0 32 65 0 0 19 60 28 10 0 0 0 0 46 31 0 79 76
0 69 15 91 0 0 0 0 90 0 41 0 13 0 65 26 3 19 0 28 10 7 11 95 0 0 31 6 0 76 36 55 0 0 73 61 89 0 70 99 37 0 8 12 57 0 96 14 93 0 23 85 0 78 94 20 42 47 100 58 35 83 49 9 0 62 63 0 97 43 88 66 67 0 77 0 53 71 92 29 0 51 5 75 81 17 56 25 4 27 0 44 0 50 52 72 34 0 0 0
0 92 29 0 0 67 18 0 87 53 25 4 27 38 51 0 75 81 0 56 82 0 98 0 0 84 0 0 0 0 86 90 80 68 69 15 0 30 0 40 0 60 0 0 45 13 32 65 0 0 6 79 0 0 7 0 95 21 46 0 0 0 0 36 55 16 2 73 61 89 14 93 0 37 0 8 0 57 39 0 47 0 58 0 0 54 78 0 20 42 33 0 43 35 0 0 0 59 62 63
14 0 1 0 64 0 12 0 39 96 0 0 58 23 85 54 78 94 20 0 33 97 43 0 83 49 9 59 62 63 71 0 29 88 0 67 18 77 87 53 25 4 0 38 0 5 75 81 17 0 0 22 98 48 44 84 50 52 72 34 86 90 80 68 0 15 0 30 24 40 19 0 28 41 45 13 32 0 26 0 0 79 76 10 7 11 95 21 46 0 0 70 0 36 55 16 2 73 61 89
19 60 28 41 45 13 0 65 0 3 0 79 76 10 7 0 95 21 46 31 0 70 99 36 0 16 2 73 0 89 14 93 1 37 0 8 12 57 39 96 47 0 0 0 85 54 78 94 20 42 0 97 43 35 83 49 9 59 62 63 0 0 29 88 66 0 18 77 87 53 25 0 27 38 51 5 75 0 17 56 0 22 98 48 44 84 50 52 72 34 86 0 80 68 69 15 91 0 24 40
25 0 27 0 51 5 75 81 17 56 0 22 0 48 44 84 50 52 72 34 86 0 80 68 69 15 91 0 24 40 19 60 0 41 0 13 32 65 0 3 6 0 76 10 7 11 95 21 0 31 74 70 99 36 0 16 2 0 0 89 14 0 0 37 0 8 12 57 39 96 47 100 58 23 0 54 0 0 20 0 33 0 0 35 83 49 9 0 62 0 71 92 29 88 66 67 18 77 87 0
47 100 0 23 85 54 0 0 20 42 33 97 43 35 83 49 9 59 62 0 71 92 0 0 66 67 18 77 87 53 25 4 27 38 51 5 0 0 17 56 82 22 0 48 44 84 0 0 72 34 0 90 80 68 0 15 91 30 0 40 0 60 28 41 45 13 32 0 0 0 6 0 76 10 0 11 95 21 0 0 74 70 0 36 55 0 0 73 61 89 14 93 1 0 0 0 12 57 39 96
6 79 0 10 0 11 95 21 0 31 74 70 99 36 55 0 2 73 61 89 14 93 1 37 64 0 12 57 39 0 0 100 58 23 0 54 0 94 0 42 33 97 43 35 83 49 9 0 62 63 0 0 29 88 0 67 18 77 87 53 0 4 0 38 51 5 75 81 17 0 82 0 98 48 44 84 50 52 0 34 86 90 0 68 69 15 91 0 24 0 0 60 28 41 45 13 0 65 26 3
82 22 0 48 44 84 50 52 0 34 86 0 80 68 69 15 91 30 24 40 19 60 28 41 45 13 32 65 26 3 0 79 76 0 7 11 0 0 46 0 74 0 0 36 55 16 2 73 0 0 14 93 1 37 64 8 0 57 0 96 47 100 0 23 0 54 78 94 0 42 33 0 0 35 83 49 9 59 62 63 71 0 29 0 66 67 18 77 87 53 25 4 27 0 51 5 75 0 17 0
0 97 43 35 83 0 9 59 62 63 71 92 29 88 0 67 18 77 0 53 0 4 27 38 51 0 75 81 17 56 82 0 98 0 44 84 50 52 72 34 86 90 80 68 69 15 91 30 24 40 19 0 28 41 45 13 32 65 0 3 6 79 76 10 7 11 95 21 46 0 0 70 99 36 55 16 0 73 0 0 14 0 1 37 64 8 12 57 39 96 47 100 0 23 0 0 78 94 20 0
74 70 99 36 55 16 2 73 61 0 14 93 0 37 64 8 12 0 39 0 0 100 58 23 85 54 78 0 20 42 0 97 43 35 83 0 9 0 0 63 71 92 0 88 0 67 18 0 0 53 25 4 27 38 0 5 75 0 17 56 82 22 98 0 0 84 50 52 72 0 86 90 80 68 0 15 91 30 24 40 19 60 0 41 0 13 32 0 26 3 6 79 76 10 7 11 95 0 46 31
0 90 0 68 69 15 91 30 24 40 0 60 28 41 45 13 32 0 26 3 6 79 76 0 7 11 95 0 46 31 74 70 99 36 0 16 2 73 61 89 14 0 1 37 0 8 12 0 0 0 0 100 0 0 85 0 78 0 20 42 0 97 43 0 83 0 0 59 0 63 71 92 29 0 66 67 18 77 87 53 0 0 27 0 51 0 75 81 17 0 82 0 0 48 0 84 0 0 72 0
