10
50 29 67 93 0 88 0 52 0 18 74 78 56 62 33 9 76 47 0 86 91 99 0 27 84 0 0 63 0 72 0 0 95 3 0 0 19 97 0 0 0 87 30 13 0 22 68 94 58 0 0 8 36 1 35 21 82 70 38 96 89 4 46 61 45 34 39 59 0 0 2 20 32 16 5 0 0 90 69 43 41 0 53 0 42 73 23 15 98 92 66 11 0 0 0 40 48 100 31 85
0 0 0 0 79 40 0 100 31 85 0 29 67 93 0 88 49 52 65 0 74 0 56 62 33 9 76 47 75 86 91 99 37 0 0 0 6 63 17 72 51 0 95 3 44 54 19 97 83 0 77 0 30 13 0 22 68 94 58 81 12 8 36 1 35 21 82 0 38 0 0 4 0 61 45 0 0 59 55 10 2 0 32 0 5 57 0 90 69 43 0 64 53 80 42 73 0 15 98 92
41 64 0 80 42 73 0 15 98 92 66 11 7 28 0 40 48 100 31 0 50 0 67 93 24 88 0 52 0 18 0 78 56 62 33 0 76 0 75 86 91 0 37 0 84 71 6 0 17 72 0 0 95 3 0 54 19 0 83 25 77 87 0 0 26 22 68 94 58 81 12 8 36 0 35 21 82 70 38 0 89 4 46 61 45 0 39 59 55 10 2 20 32 16 5 0 60 0 69 0
2 20 32 16 5 57 0 90 69 43 0 0 53 0 42 0 23 15 98 92 0 0 7 0 79 40 48 100 31 85 0 29 67 0 24 88 49 0 65 18 74 78 0 62 33 9 0 0 75 86 91 99 0 27 84 0 6 63 0 0 51 14 0 3 44 0 19 97 83 25 77 87 30 13 26 22 68 94 58 81 12 8 36 1 35 0 82 0 38 0 0 4 46 61 0 34 39 59 0 10
89 4 0 61 45 34 39 59 55 10 2 20 0 16 5 57 60 90 69 0 0 64 53 80 0 0 0 15 98 92 0 11 0 28 0 40 48 100 31 0 50 29 67 93 24 88 0 52 0 18 74 78 0 62 33 9 76 47 75 86 91 0 37 27 84 71 0 63 17 72 0 14 95 0 44 0 19 97 83 25 0 87 30 0 26 0 68 94 58 0 0 8 36 1 35 21 0 70 38 0
12 8 36 1 35 0 82 70 38 96 0 0 0 0 45 0 39 59 55 10 2 20 0 0 5 57 0 0 0 0 0 64 53 80 42 73 23 15 0 0 66 0 7 28 79 0 48 100 31 0 0 29 0 93 0 88 49 52 0 18 74 78 0 0 33 9 0 47 75 86 91 99 0 0 84 71 6 63 0 72 51 14 95 0 44 54 19 0 83 0 77 87 30 13 26 22 68 0 0 81
77 87 30 0 26 22 68 94 58 81 12 8 36 1 0 21 82 70 0 0 89 4 0 61 45 34 39 59 0 10 0 20 0 0 0 0 60 90 69 43 41 64 53 80 42 73 0 0 98 92 66 0 0 0 79 40 48 100 31 85 50 29 0 93 0 88 49 52 65 18 74 78 56 62 33 0 76 47 0 0 91 99 37 27 84 71 6 63 0 72 0 14 95 3 44 54 0 97 0 25
0 14 0 0 44 54 19 0 83 25 77 87 30 13 0 22 68 94 58 81 12 8 36 1 35 21 82 70 0 96 89 4 46 61 45 34 39 59 55 10 2 0 32 0 5 57 60 0 69 43 41 64 0 0 0 73 0 0 0 92 66 11 7 28 0 40 48 100 31 85 50 29 67 93 24 88 49 52 65 18 0 78 56 62 33 9 76 0 0 86 91 99 37 0 0 71 6 63 17 72
0 0 37 27 84 0 6 63 17 0 0 14 95 3 44 54 19 0 83 25 0 87 0 0 26 22 68 0 58 81 12 8 36 1 0 21 0 70 38 96 0 0 46 61 45 0 39 59 0 0 2 20 32 16 5 57 60 90 0 43 41 64 53 0 42 73 0 15 98 0 66 11 7 0 79 40 48 100 31 85 0 0 0 93 0 0 49 52 65 18 0 78 56 62 33 9 76 47 0 86
74 78 56 62 33 9 76 47 75 86 91 0 37 27 84 71 0 63 17 72 51 0 95 3 44 54 19 0 83 0 77 0 30 13 26 22 68 94 58 81 12 8 36 1 0 0 82 70 38 0 89 0 46 61 45 0 0 0 55 10 0 20 0 0 0 57 60 90 0 43 41 64 0 80 0 73 23 15 0 92 0 11 0 28 79 40 48 100 31 0 50 29 0 0 24 88 0 0 65 0
18 0 0 67 0 24 0 49 0 65 86 0 78 56 0 0 9 76 47 75 72 91 99 37 27 84 71 6 0 0 25 51 14 95 3 44 0 0 97 83 81 0 87 30 0 26 22 68 94 58 96 0 8 36 1 35 21 0 70 38 10 89 4 0 61 0 0 39 59 0 43 2 20 0 16 5 57 60 0 69 92 0 0 53 80 0 73 0 15 0 85 66 11 7 0 79 40 48 100 0
85 66 11 7 28 79 40 48 100 31 18 50 29 67 0 0 88 0 0 65 86 0 78 56 62 33 9 76 47 75 72 91 99 37 27 84 71 0 63 17 25 0 0 95 0 0 54 0 97 0 81 77 0 0 0 26 22 0 94 58 96 12 8 0 1 35 21 0 70 38 10 89 0 46 61 45 0 39 59 55 43 0 20 32 16 5 57 60 90 69 92 41 64 0 80 42 73 23 15 98
92 41 0 53 80 0 73 0 15 98 85 66 11 0 28 79 40 48 0 0 18 50 29 67 93 24 88 49 52 65 86 0 78 56 0 33 0 0 47 75 72 91 99 0 27 0 71 6 63 0 0 51 0 95 3 44 54 19 97 83 81 77 0 0 13 26 22 68 94 0 96 12 8 36 1 35 21 0 0 38 10 89 4 0 61 45 34 39 0 55 43 0 0 32 16 5 0 60 90 0
43 2 20 32 16 0 57 60 0 69 92 0 0 53 80 42 73 23 0 98 85 0 11 7 0 0 0 0 0 31 0 0 29 67 93 24 88 49 52 65 86 74 0 0 62 33 9 76 47 0 72 91 99 37 27 84 71 6 63 17 0 51 14 95 3 44 54 0 97 83 81 77 87 30 13 26 22 68 94 58 96 12 8 36 0 0 21 82 70 0 10 0 4 46 61 45 34 39 0 55
10 89 0 0 0 45 34 0 59 55 43 2 0 32 0 5 57 60 90 69 92 41 64 0 0 42 73 23 0 0 85 66 0 7 28 79 0 48 100 31 18 0 29 67 93 24 88 0 52 65 86 74 0 56 0 33 0 76 0 75 0 91 99 37 27 84 0 6 63 17 0 51 0 95 3 0 54 0 0 83 81 77 87 30 13 26 22 68 0 0 96 12 8 0 0 0 21 82 70 0
96 12 0 36 1 35 0 82 0 38 0 89 0 46 61 0 34 39 0 55 43 2 20 0 0 5 57 60 0 69 92 41 64 53 80 42 73 23 0 98 85 66 11 7 28 0 40 0 100 31 18 0 29 67 93 24 0 49 52 65 86 74 78 56 62 33 9 76 47 75 0 91 0 37 27 84 0 6 63 17 25 51 14 0 0 44 54 19 97 83 81 0 87 30 13 26 22 68 94 58
0 77 0 0 13 26 22 68 94 58 0 12 0 36 0 35 21 82 0 38 0 89 4 0 61 0 34 39 59 55 43 2 20 32 0 5 57 60 90 69 92 41 64 53 0 42 73 23 0 98 85 66 11 7 0 0 40 48 100 31 18 0 29 67 93 24 88 49 52 0 0 74 78 0 62 33 9 0 47 0 72 0 0 0 27 84 71 6 63 0 0 51 14 95 3 0 54 19 0 83
25 0 14 95 3 0 54 19 0 83 81 0 87 30 13 0 22 0 94 0 96 12 8 36 1 35 21 0 70 38 10 89 0 0 61 45 0 39 59 55 0 2 0 32 16 5 57 60 90 69 92 41 64 53 80 0 73 23 15 0 85 0 11 0 28 79 40 48 0 31 18 50 29 67 0 0 88 49 52 0 0 74 78 56 0 33 9 76 47 0 0 0 0 37 0 84 71 0 63 17
72 91 99 37 0 84 71 6 63 17 0 0 14 0 3 44 0 19 0 0 0 0 87 30 13 26 22 0 94 58 96 12 8 0 0 35 21 82 0 38 10 89 4 0 61 45 0 39 59 0 0 2 20 32 16 5 0 60 0 69 0 0 64 53 0 42 73 23 15 98 0 66 0 0 0 79 40 0 100 31 18 50 29 0 0 0 88 49 52 0 86 74 78 56 0 33 9 76 47 75
86 0 78 56 0 33 9 76 0 0 72 0 99 37 27 0 71 6 63 17 25 51 14 95 3 0 0 0 97 83 0 77 87 30 13 26 0 68 0 58 96 0 0 36 0 35 0 82 70 0 10 89 4 46 61 45 0 39 0 55 43 2 0 32 16 5 57 60 0 0 92 41 64 53 80 42 0 0 15 98 85 66 11 0 0 0 40 0 0 31 0 50 0 67 93 24 88 49 0 65
65 18 50 29 67 0 24 88 49 0 75 86 74 78 0 62 33 9 76 47 17 72 91 0 37 0 84 71 0 63 0 25 0 14 95 0 44 54 19 97 58 81 0 87 0 13 26 22 0 94 38 0 12 8 36 0 35 0 82 70 55 10 0 4 0 0 45 0 39 59 0 43 2 20 32 0 0 0 60 90 98 0 41 0 53 80 42 73 0 15 0 0 0 11 7 28 0 0 48 100
31 85 66 11 0 28 0 40 48 100 65 18 0 29 0 93 0 88 0 52 0 86 74 78 56 62 33 9 76 0 17 72 91 0 37 27 84 71 6 0 0 25 51 14 95 0 44 0 0 97 58 81 77 0 30 13 26 22 68 94 38 96 12 8 36 0 35 21 82 70 55 10 89 4 46 61 45 34 39 59 69 0 2 20 32 16 5 57 60 90 98 92 0 0 53 80 0 0 0 15
98 92 41 64 0 80 0 73 0 0 0 0 66 0 7 28 79 40 48 100 65 18 0 29 67 93 24 0 49 0 75 0 0 78 56 0 33 9 76 47 17 72 91 0 0 27 84 71 6 63 0 0 0 14 95 3 44 0 0 97 58 81 77 0 30 13 26 0 68 94 38 96 12 8 0 1 0 21 0 0 0 10 0 4 0 61 45 34 39 59 69 43 2 0 32 16 5 57 60 0
0 43 2 20 32 16 0 57 60 90 0 92 41 64 0 80 42 73 0 15 31 85 66 11 7 28 0 40 0 0 65 18 50 29 0 93 24 88 0 52 75 86 74 78 56 0 33 9 76 47 0 72 91 0 0 27 84 0 6 63 83 25 0 0 0 3 44 54 19 97 0 81 0 87 30 13 26 22 0 94 38 96 0 8 36 1 0 0 0 70 55 0 89 4 46 61 0 34 39 59
0 10 89 4 0 61 45 0 39 59 69 43 2 20 32 0 5 57 0 90 98 92 41 64 53 80 42 73 23 15 0 0 0 11 7 28 0 40 48 100 0 18 50 29 0 93 24 88 49 52 75 0 74 78 56 62 33 9 0 47 17 0 0 99 0 27 0 71 0 63 83 0 0 14 95 0 44 54 0 97 0 0 77 87 30 13 26 22 0 94 38 96 12 0 36 1 35 21 0 70
38 96 12 0 36 1 35 21 82 70 55 0 89 4 46 61 45 34 39 59 69 43 0 20 32 16 5 57 0 90 0 92 41 0 53 80 0 73 23 15 31 0 0 11 7 28 0 40 48 100 65 18 0 0 67 0 24 88 49 0 75 86 74 78 56 62 33 0 0 47 0 0 91 99 37 27 84 0 0 63 83 25 51 0 0 0 44 54 0 97 58 81 77 87 0 13 26 0 68 94
0 81 77 87 30 0 26 0 68 94 38 0 0 8 36 1 35 21 0 0 55 10 89 4 0 0 45 34 39 0 69 43 0 0 32 16 0 0 60 0 98 92 41 0 53 80 42 73 23 15 0 85 66 0 7 28 79 40 48 0 65 18 50 29 67 93 24 88 49 52 75 0 74 0 56 62 33 9 76 47 17 72 91 99 0 27 0 71 6 63 83 25 51 14 95 3 44 0 0 0
0 25 51 14 95 3 0 0 19 97 0 81 77 87 0 13 0 22 68 94 38 96 12 0 0 1 0 21 82 0 55 0 89 0 46 61 45 34 39 59 69 43 2 0 32 16 0 0 0 90 98 92 41 0 53 0 42 73 0 15 31 0 0 11 7 28 0 40 48 100 0 0 0 29 67 0 24 88 0 52 0 86 74 0 56 62 33 0 0 47 17 72 0 99 0 27 84 71 0 63
17 72 0 99 0 27 84 71 6 0 0 25 51 0 95 0 44 0 19 97 58 81 77 0 30 13 26 22 68 94 38 0 0 0 0 1 35 21 82 70 55 10 0 4 46 61 45 0 39 59 69 43 2 0 0 16 5 57 60 0 98 0 41 64 53 80 42 0 23 15 0 0 0 11 7 0 79 40 48 100 65 0 50 29 0 0 0 88 49 0 75 86 74 78 56 62 33 9 76 47
75 0 74 78 56 62 33 0 76 47 0 72 91 0 37 0 84 0 0 63 83 25 51 0 95 3 44 54 19 97 58 0 0 87 30 13 0 22 0 94 0 96 12 0 0 1 35 21 82 70 55 10 89 0 0 0 45 0 39 59 69 43 2 20 0 16 0 57 60 90 0 92 0 0 53 80 42 73 23 0 31 85 0 11 7 28 79 40 48 0 65 18 50 29 67 93 24 0 0 52
0 65 18 0 29 0 93 24 88 49 47 75 86 74 0 0 62 33 9 76 63 0 0 91 99 0 0 84 71 6 0 83 25 0 14 95 0 0 0 0 94 58 81 77 87 30 0 26 22 68 70 38 0 12 8 36 1 35 21 82 59 55 10 0 0 46 61 0 34 39 90 69 43 2 20 32 0 5 57 60 15 98 92 41 64 53 80 42 0 23 100 31 0 66 0 7 28 79 0 0
0 31 85 66 0 7 28 79 0 0 52 65 0 0 29 67 0 24 88 0 47 0 0 74 78 0 62 33 0 76 0 0 72 0 99 0 0 0 71 6 97 83 25 51 14 95 3 44 0 19 0 58 81 77 87 30 13 0 0 68 0 38 0 0 8 0 1 35 21 82 59 55 10 0 4 0 61 45 34 0 90 0 43 0 0 0 0 5 0 60 15 98 92 0 64 53 0 0 73 23
15 98 92 41 0 53 80 42 73 23 100 31 85 66 0 7 0 79 40 48 0 65 0 50 29 67 93 24 88 0 0 75 86 74 0 0 62 33 9 76 0 17 72 0 0 37 0 84 71 6 97 83 25 0 14 95 3 44 54 19 94 0 81 77 0 30 13 26 0 68 70 38 96 12 0 36 1 0 21 82 59 55 10 89 0 46 61 45 0 39 0 69 43 2 20 32 0 0 57 0
90 69 0 2 20 32 16 5 57 0 0 98 92 41 64 0 80 0 73 23 100 31 85 0 11 7 28 79 0 48 0 65 18 50 0 0 93 24 88 49 47 75 86 74 78 56 62 33 9 76 0 17 72 91 99 37 27 0 0 6 97 83 25 51 0 95 3 44 54 0 0 58 0 77 0 30 13 0 22 68 70 0 0 12 8 36 1 35 0 0 59 0 10 89 4 46 61 0 34 39
59 0 0 89 4 46 61 45 34 0 0 0 0 2 20 32 16 0 0 60 15 98 92 41 64 53 0 42 0 0 100 31 85 66 11 7 28 79 0 0 52 65 0 50 29 0 0 24 88 49 47 75 0 0 78 56 0 0 9 0 0 17 72 91 0 0 27 0 0 6 97 83 25 51 14 0 3 44 0 0 0 0 81 77 87 0 13 0 22 0 0 38 96 0 0 36 0 0 21 82
0 0 0 12 8 0 1 35 0 82 59 55 10 89 0 46 0 45 34 39 90 0 43 2 20 32 0 5 0 60 15 0 92 41 64 53 0 42 0 23 100 31 85 66 11 7 28 79 40 0 52 65 18 0 0 67 0 24 88 49 47 0 86 74 78 56 62 33 9 0 63 0 72 91 99 37 27 84 71 6 97 83 25 0 14 95 0 44 54 19 94 58 81 77 0 30 13 0 22 68
94 58 81 77 87 30 13 26 22 68 70 38 96 0 8 36 1 0 21 0 59 55 10 0 0 46 61 45 0 39 90 69 0 2 20 0 16 5 57 60 0 0 92 41 64 53 80 42 73 0 100 31 85 66 11 7 28 0 0 48 0 0 18 50 29 0 93 0 0 49 0 75 0 0 78 0 62 33 9 0 63 17 72 0 99 37 0 0 71 0 0 0 25 51 0 95 3 44 0 0
97 83 25 51 0 95 3 44 0 0 0 0 81 77 87 30 0 26 0 68 0 0 0 12 8 36 1 35 21 82 59 55 10 0 0 0 61 0 34 39 90 69 43 2 0 0 16 5 57 60 15 0 92 41 64 53 80 42 0 23 100 31 0 0 11 7 28 79 0 48 52 65 18 50 29 0 93 24 88 49 47 75 86 74 78 56 0 33 9 76 63 0 72 0 99 37 27 0 0 6
0 17 72 91 99 37 27 84 71 0 97 0 25 51 14 95 3 44 54 19 94 0 81 77 87 30 13 26 22 68 0 38 0 12 8 36 1 0 0 82 59 55 10 89 4 0 0 0 34 39 0 69 0 2 20 0 16 0 57 60 15 98 92 41 64 0 0 42 0 23 0 31 0 66 11 7 0 79 40 48 52 0 18 50 29 0 93 0 88 0 0 75 86 74 0 56 62 0 9 76
47 75 86 74 78 0 0 33 9 0 0 17 72 0 99 37 27 0 71 6 97 83 25 51 14 95 3 44 54 19 94 58 81 0 87 0 13 0 22 0 70 0 96 0 8 36 1 35 21 82 0 55 10 89 4 0 61 45 34 39 90 69 43 0 20 0 16 5 57 0 0 0 0 0 0 53 80 42 73 23 0 31 85 66 11 7 0 79 40 48 0 0 18 50 29 67 93 24 88 49
49 52 0 18 50 29 67 0 0 88 0 47 75 86 74 0 0 62 33 9 6 63 17 72 91 99 37 0 84 0 19 97 0 25 51 0 0 0 44 0 68 94 0 0 77 87 0 13 26 22 0 70 0 96 0 8 0 1 35 21 39 0 55 10 89 4 0 61 45 34 0 90 0 43 2 0 32 16 5 57 0 15 98 0 41 64 0 80 42 73 48 100 31 85 0 11 0 0 79 40
0 100 31 85 66 11 7 28 79 40 0 52 65 18 0 29 67 0 24 88 76 0 75 86 74 0 56 62 33 9 0 63 17 72 91 99 37 0 84 71 19 0 83 25 0 14 95 3 0 0 0 0 58 81 77 87 30 0 26 22 0 70 38 96 12 8 36 1 0 21 39 59 0 10 89 4 46 61 45 0 0 90 0 43 0 20 0 16 5 0 23 15 98 92 41 64 53 80 0 73
0 0 98 92 41 64 53 0 42 0 48 0 31 0 66 11 0 28 79 0 49 52 65 18 0 29 67 93 24 88 76 47 0 86 0 0 0 62 0 9 0 63 17 0 91 99 0 0 84 71 19 97 83 25 0 14 95 3 0 54 68 94 0 0 77 87 30 13 26 0 82 0 38 96 12 8 0 1 35 0 39 0 55 10 89 4 0 61 45 34 0 90 69 0 2 20 32 16 0 57
0 90 69 43 2 20 32 16 0 57 23 0 98 92 41 64 53 80 0 73 0 100 31 0 66 11 0 28 79 40 49 52 65 18 50 0 67 93 24 0 76 47 75 86 74 78 56 62 33 9 6 63 17 72 91 0 37 27 84 0 0 97 83 25 51 14 95 3 0 54 68 94 0 81 77 0 30 13 26 0 82 70 0 96 12 0 36 1 35 21 39 59 55 0 89 4 0 61 0 0
39 59 55 0 89 4 0 61 45 34 60 0 0 43 2 20 32 0 0 57 0 15 98 92 41 64 53 80 42 73 48 100 31 85 0 11 7 28 79 0 0 52 65 18 50 29 67 93 0 0 0 0 0 86 74 78 56 62 0 9 0 63 17 72 0 99 0 27 84 0 19 97 83 25 51 14 95 3 44 0 0 94 58 81 77 0 30 13 0 0 82 0 38 96 12 8 36 0 35 0
82 70 38 96 0 8 0 1 35 21 39 0 55 10 89 0 46 61 45 34 60 0 0 0 2 20 0 16 5 57 23 15 0 92 41 64 53 80 42 0 48 100 0 85 0 0 7 28 79 40 0 52 65 0 50 29 67 93 24 0 0 47 75 86 74 78 56 0 0 9 0 63 0 72 91 99 37 27 84 71 19 97 83 0 51 0 95 0 0 54 68 94 58 81 0 0 0 13 26 0
68 94 58 81 77 87 30 13 26 0 82 70 38 96 12 8 36 1 0 0 39 59 55 10 0 4 46 0 0 34 60 90 69 43 2 20 0 16 5 57 23 0 98 0 41 0 0 80 42 73 0 0 31 0 66 11 7 0 0 40 0 52 65 18 50 29 0 93 24 88 76 0 75 86 74 78 0 62 0 9 6 63 17 0 91 0 37 0 0 0 19 97 83 25 51 0 95 3 0 0
19 97 0 25 51 14 95 0 0 0 0 94 58 81 0 87 0 0 26 22 82 0 38 0 12 8 36 1 0 21 0 59 55 10 0 4 46 61 0 0 0 0 69 43 2 20 32 16 5 57 23 15 98 0 41 64 53 80 42 73 48 100 0 85 66 11 0 28 79 40 0 0 65 18 0 29 0 93 24 0 0 47 0 0 74 0 56 62 0 0 6 0 17 72 91 0 37 27 84 71
6 0 17 72 0 0 0 27 84 71 19 0 0 25 51 14 95 3 44 54 68 94 58 0 77 0 30 13 26 22 82 70 0 96 0 8 0 1 35 21 39 0 55 0 89 4 46 61 0 34 0 90 69 0 2 20 0 16 5 57 0 15 98 92 41 64 53 80 0 0 0 100 0 85 66 0 7 0 0 40 49 52 65 18 50 29 67 93 24 88 76 0 75 0 74 78 56 0 33 9
0 0 75 0 74 78 56 62 33 9 0 63 17 72 0 99 37 0 0 71 19 97 83 25 51 0 95 3 44 0 68 94 58 81 77 0 30 13 26 22 82 0 38 0 12 8 0 1 0 0 0 59 55 10 89 0 46 0 45 34 0 90 69 0 2 20 32 0 5 0 23 15 98 92 41 64 53 0 42 73 48 100 31 0 0 11 7 28 0 40 49 52 65 18 50 29 67 93 24 88
88 0 0 65 0 50 0 67 93 0 9 76 47 75 0 0 78 56 62 0 0 6 63 0 72 0 99 37 27 84 54 19 97 0 0 51 14 95 0 44 0 68 94 0 81 0 87 0 13 26 0 0 70 0 96 0 8 0 0 35 34 0 59 55 0 89 4 0 61 0 0 60 90 0 43 0 20 32 16 5 73 23 0 98 92 0 0 53 0 0 40 48 100 31 85 0 11 7 28 79
40 0 100 0 85 66 11 7 28 79 88 0 52 65 18 50 29 0 0 0 0 76 47 75 0 74 78 56 0 33 0 6 63 17 72 91 99 37 27 84 0 19 97 83 25 0 14 95 3 44 22 68 0 0 0 77 0 30 0 26 21 0 70 38 96 0 8 36 1 35 34 0 59 55 10 89 4 46 61 45 57 0 90 69 43 0 20 32 0 5 73 23 15 98 92 41 0 0 0 0
73 23 15 98 92 0 64 53 80 42 40 48 100 0 85 66 0 7 28 79 0 0 52 0 18 0 29 67 0 24 9 76 47 75 0 0 78 0 62 33 71 6 63 0 72 91 99 37 0 84 0 19 97 0 0 51 14 95 3 44 22 68 94 58 81 0 87 0 13 26 21 82 70 38 96 12 8 36 1 35 0 0 0 0 10 89 4 46 0 45 57 60 90 0 43 2 0 32 16 5
57 60 90 69 43 2 20 32 0 5 73 23 15 0 0 41 64 53 0 42 40 48 100 31 0 66 0 7 0 79 0 0 52 65 18 50 29 0 0 0 9 0 47 0 86 74 0 0 62 33 0 6 0 17 72 91 0 37 27 0 54 19 0 0 25 51 14 95 3 0 0 0 94 58 81 77 0 0 13 0 21 0 70 38 96 0 8 0 1 35 0 39 0 55 0 89 4 46 61 45
34 39 59 55 10 0 4 46 0 0 57 60 0 69 43 2 20 32 16 5 73 23 15 98 92 41 64 53 80 0 40 48 100 31 85 66 11 7 0 79 88 49 0 0 18 0 29 67 93 24 0 76 47 75 86 0 78 56 62 33 71 0 63 17 72 91 99 37 27 0 0 19 97 0 25 51 0 95 0 44 22 0 94 58 81 77 87 0 13 0 21 82 70 38 0 0 8 36 1 0
0 82 70 38 0 12 8 0 1 35 34 39 0 55 10 89 4 46 61 45 57 0 0 69 43 2 0 32 16 0 73 23 15 0 92 41 64 53 0 42 40 48 100 31 85 66 11 0 0 0 88 49 52 65 18 50 0 0 93 24 0 0 47 75 86 0 0 56 62 0 0 0 63 17 72 0 0 0 0 84 54 0 0 83 25 51 14 95 3 44 22 68 94 58 0 77 87 0 13 0
22 68 0 58 81 77 87 30 13 26 21 82 70 38 96 12 8 36 0 35 34 0 59 55 10 89 0 0 61 45 57 60 90 0 43 2 0 32 0 5 0 23 0 0 92 41 64 53 0 42 40 0 100 31 85 66 11 0 0 79 88 49 52 65 18 50 29 67 93 24 9 76 47 75 0 0 0 56 62 0 0 6 0 0 72 0 99 37 27 84 54 19 0 83 25 0 14 95 3 44
54 19 97 83 25 0 14 0 3 44 0 68 0 58 81 0 87 30 13 26 21 82 70 0 96 12 8 36 1 0 34 39 59 55 10 89 4 0 61 45 57 60 0 69 43 2 0 32 0 5 73 23 15 0 0 41 0 0 80 42 0 0 0 31 85 66 11 7 28 0 0 49 0 65 0 50 0 67 93 24 9 0 47 75 86 74 78 56 0 33 71 0 63 17 0 91 99 37 27 84
71 6 63 17 0 91 99 0 27 84 0 19 97 83 0 0 0 0 0 44 22 68 94 58 81 0 87 0 0 26 21 82 70 38 96 12 8 36 1 0 0 39 59 55 10 89 4 0 61 0 0 0 90 0 0 0 20 32 0 0 0 23 15 98 0 0 64 53 0 42 40 48 100 31 85 66 11 7 28 79 0 49 0 65 0 50 0 67 93 24 0 76 47 0 0 74 78 0 62 33
9 76 47 75 86 74 78 56 62 33 0 0 0 17 0 91 99 0 27 0 54 0 0 83 25 51 0 95 3 44 22 68 94 58 81 77 87 30 13 0 21 82 70 38 0 12 8 36 1 35 34 39 59 55 10 0 4 46 0 45 57 60 90 69 43 2 0 32 16 5 73 0 15 0 0 41 64 53 0 42 40 48 100 31 85 66 11 7 28 79 0 49 52 0 18 50 29 0 93 24
0 88 49 52 65 18 50 29 67 0 33 0 76 47 75 0 74 0 0 62 84 71 6 63 17 72 91 99 0 27 0 54 19 97 83 25 51 14 0 3 26 22 68 0 0 81 77 87 0 13 35 21 82 70 38 96 0 8 0 1 0 34 0 59 55 0 0 4 46 61 5 57 60 90 69 43 2 20 32 0 42 73 23 15 98 92 41 64 0 0 79 40 48 100 31 0 66 11 0 0
79 40 48 0 31 85 66 11 7 0 0 0 49 0 65 0 50 0 67 93 33 0 76 47 75 86 74 78 56 62 84 0 6 63 17 0 91 0 37 0 0 0 19 97 0 0 51 14 0 3 0 22 68 94 0 81 77 87 0 0 35 21 82 0 38 96 0 0 36 1 45 0 39 59 55 10 89 4 46 61 0 57 60 90 69 43 2 20 32 16 42 73 0 15 0 92 41 0 53 80
42 73 23 0 98 0 41 64 53 80 79 40 0 100 0 85 66 11 7 0 24 88 49 52 65 18 50 29 0 0 33 9 76 47 75 86 74 78 0 0 0 71 0 63 17 72 91 99 37 27 44 54 0 97 83 25 0 14 95 3 26 22 68 0 58 81 0 87 30 13 35 21 82 70 0 96 12 0 36 1 0 34 39 59 55 10 89 4 46 61 5 57 0 0 0 0 0 0 0 16
5 57 60 90 69 43 0 20 32 16 42 73 23 15 98 92 0 64 53 80 79 0 0 100 31 85 66 0 0 0 0 88 49 52 65 18 50 0 67 93 33 9 76 0 75 86 74 0 0 62 84 0 6 0 17 72 91 0 0 27 44 54 19 0 0 0 51 14 95 0 26 0 68 94 0 0 0 0 30 13 35 0 82 0 38 96 12 8 0 1 0 34 39 59 55 0 0 4 0 61
45 34 39 59 55 10 89 4 46 61 5 0 60 90 69 43 2 0 32 16 42 73 23 15 0 0 41 0 53 80 79 40 48 100 31 85 66 0 7 28 24 88 49 52 65 18 0 0 0 93 33 9 76 47 75 86 0 78 56 62 0 71 6 63 17 72 0 99 0 27 44 54 19 97 83 0 51 14 95 3 26 0 68 0 58 81 77 87 0 13 0 21 82 70 38 96 0 8 36 0
0 21 82 0 38 96 12 8 36 0 45 34 0 0 55 10 89 0 46 61 5 0 60 0 69 43 2 20 32 16 42 73 0 0 98 92 41 64 0 0 79 40 0 0 31 85 66 0 0 28 0 88 49 52 0 18 50 29 0 93 33 9 76 0 0 0 74 0 56 0 84 71 6 0 0 72 91 0 37 27 44 0 19 97 83 25 0 14 95 3 26 0 0 0 58 0 77 0 30 13
26 22 68 94 0 81 77 87 30 13 35 21 82 70 38 96 12 8 36 0 0 0 39 0 55 10 0 0 46 0 5 0 0 90 69 43 0 20 32 0 0 73 0 0 0 92 41 64 53 80 0 40 0 100 31 85 0 11 7 28 0 88 49 52 65 18 0 0 0 93 0 9 0 47 0 0 74 78 56 62 84 71 6 0 17 72 0 99 37 27 44 54 0 0 83 25 0 14 95 0
0 0 19 97 83 0 0 0 0 3 26 22 68 94 0 81 77 87 30 13 35 0 0 0 38 96 12 8 0 1 45 34 0 59 55 10 0 4 46 61 5 0 60 90 69 43 0 0 32 16 42 73 0 15 0 92 0 64 53 0 79 40 48 0 31 85 66 11 7 28 0 88 0 52 65 18 50 29 67 93 33 0 76 47 75 86 74 78 0 0 0 71 0 63 17 72 91 99 37 0
84 71 6 0 17 72 91 99 37 27 44 54 0 97 0 25 0 0 95 3 26 22 68 94 58 81 77 0 0 13 35 21 0 0 38 96 12 8 36 1 45 34 39 59 55 10 89 4 0 61 5 57 60 90 69 0 2 20 32 16 42 73 0 0 98 92 41 64 53 80 79 40 48 100 31 85 66 11 0 28 24 88 0 52 65 18 50 0 67 93 33 9 76 0 75 0 0 78 56 0
33 9 76 0 75 86 74 78 56 0 84 71 6 63 0 72 91 99 0 0 44 54 0 0 83 0 51 14 0 3 26 22 68 94 58 0 0 87 30 13 0 0 82 70 38 0 12 8 0 1 45 34 39 0 55 0 89 0 46 61 5 0 60 0 69 0 2 20 0 0 42 73 23 15 98 92 41 64 0 80 79 40 0 0 31 85 66 11 7 28 24 88 49 0 0 18 50 0 0 93
93 24 88 49 52 65 18 50 0 67 62 33 9 76 47 75 86 0 78 56 0 0 71 6 0 17 72 91 0 37 3 44 0 19 97 83 25 51 14 0 13 26 0 68 94 58 81 0 0 30 1 35 0 82 70 38 0 12 8 36 61 45 34 39 59 0 10 0 4 46 16 5 57 0 90 69 43 0 0 0 0 0 73 0 0 98 92 41 64 0 28 79 40 48 100 31 85 0 11 0
28 0 0 0 100 31 85 0 11 7 93 24 88 49 52 65 18 0 29 67 62 33 9 76 47 75 86 0 0 56 27 84 71 6 0 17 72 91 99 37 3 44 54 19 97 83 25 0 14 0 13 0 22 68 94 58 81 0 87 30 0 35 21 82 70 38 0 0 8 0 0 0 34 39 59 55 10 89 4 46 16 5 57 60 0 69 43 0 20 32 80 42 73 23 0 98 0 0 64 53
0 0 73 23 15 98 92 41 0 53 28 79 40 0 100 0 85 66 0 0 93 24 88 49 52 0 18 0 29 67 0 0 9 76 0 75 86 74 78 56 27 84 71 6 63 17 72 0 0 37 3 44 54 19 0 0 25 51 0 0 0 26 22 68 0 58 0 77 87 0 1 35 0 82 70 38 0 12 0 36 61 45 34 39 59 55 10 89 4 46 16 5 57 60 90 0 43 2 20 32
16 5 0 60 90 69 43 2 20 0 80 42 73 23 15 98 92 41 0 53 0 0 40 48 100 31 85 66 11 7 0 24 88 49 52 65 18 50 29 0 0 33 9 76 47 75 86 0 78 56 27 84 71 6 63 17 72 91 99 37 3 0 0 19 97 83 25 51 14 95 13 26 22 68 94 58 81 77 87 30 1 35 21 82 0 38 96 12 8 36 0 45 34 0 59 0 0 89 0 46
61 45 34 0 59 55 10 89 4 46 16 5 57 60 0 69 0 0 20 32 80 42 73 23 15 98 0 41 64 53 0 79 40 48 0 0 85 0 0 0 93 24 88 49 52 65 0 50 0 67 62 33 9 76 47 0 86 74 78 56 0 84 71 6 63 17 72 91 99 37 3 44 54 19 97 0 25 51 0 95 0 26 22 68 94 58 0 0 87 30 1 35 0 82 70 38 96 12 0 0
1 0 21 82 70 38 0 12 0 36 0 45 34 39 59 55 10 89 0 46 0 5 0 60 90 69 43 0 20 32 80 42 0 0 15 98 92 41 64 53 28 79 0 48 100 31 85 0 11 7 93 24 88 0 52 65 18 50 0 67 62 33 0 0 47 75 0 74 0 0 27 0 71 6 0 17 72 91 0 0 3 0 0 19 97 83 0 0 14 0 13 26 22 68 94 58 81 77 0 30
0 26 22 68 0 58 81 77 87 0 1 0 21 82 70 38 96 0 8 36 0 45 0 39 59 55 10 89 4 46 16 5 57 0 90 69 0 2 20 32 80 42 73 23 0 98 92 41 64 53 28 79 40 0 100 0 85 66 0 0 93 24 0 0 52 0 0 50 29 0 0 33 0 0 47 75 0 74 0 56 27 84 71 6 0 17 72 91 99 37 0 44 0 19 97 0 25 51 0 0
3 0 54 19 97 0 25 51 14 95 13 26 0 68 94 58 81 77 87 30 1 35 21 82 0 38 0 12 8 36 61 45 34 39 59 55 10 0 4 0 16 5 0 60 90 69 0 2 0 32 0 42 73 0 15 98 92 41 64 53 28 79 40 0 0 31 0 66 11 0 0 24 0 49 52 65 18 50 29 67 62 33 0 76 47 75 0 74 78 56 27 84 0 6 63 17 72 91 99 37
0 84 0 0 63 17 72 91 99 0 3 44 54 19 97 83 25 0 14 95 13 26 22 68 0 0 81 0 87 30 1 0 0 0 70 38 0 12 0 0 61 0 34 39 59 0 10 89 4 46 0 0 57 0 0 69 43 0 20 32 0 42 73 23 15 98 92 41 64 53 28 0 40 48 0 31 85 66 11 7 93 24 88 49 52 65 18 0 29 67 0 33 9 76 0 75 86 0 78 56
62 0 9 76 47 0 86 74 78 56 27 0 71 6 63 17 72 91 0 37 3 44 0 19 0 83 25 51 14 95 0 26 22 68 94 58 81 77 87 0 1 35 0 82 70 38 96 12 8 36 61 45 0 39 59 55 10 89 4 46 16 5 57 0 90 0 43 2 20 32 80 42 73 23 0 98 0 0 64 0 28 79 0 48 100 0 85 66 0 7 93 24 88 49 52 65 18 50 29 0
67 93 24 88 49 52 65 0 50 29 56 62 33 0 76 47 75 86 74 78 0 27 84 71 6 63 0 0 91 99 0 0 44 54 0 97 0 25 51 14 0 13 26 22 0 0 58 0 77 0 36 1 0 21 82 0 38 0 12 0 46 0 45 34 39 0 55 10 0 4 32 0 5 57 60 90 0 0 0 20 53 80 42 73 23 15 98 92 41 0 0 28 79 40 0 0 31 85 66 11
7 28 79 40 48 0 0 85 66 11 67 93 24 88 49 52 65 0 50 29 56 0 0 9 0 47 75 86 74 78 37 0 0 71 0 63 17 0 91 99 0 3 0 54 19 0 83 25 0 14 30 13 26 22 68 94 58 81 77 0 0 0 0 21 82 70 0 96 12 8 46 0 45 34 0 59 55 10 89 0 32 16 5 0 60 90 69 0 2 0 53 0 0 0 23 15 98 0 41 64
53 80 42 73 23 15 98 92 0 64 7 28 0 40 48 100 0 85 66 11 67 93 24 0 49 52 65 18 50 0 56 0 0 9 0 47 75 86 74 78 0 27 84 71 0 63 17 0 91 99 95 0 0 0 19 0 83 0 51 14 30 13 0 22 68 94 0 81 77 0 36 0 35 21 82 70 38 96 12 0 46 0 45 34 0 59 55 10 89 4 0 16 0 0 60 90 69 0 2 20
32 16 5 57 60 90 0 0 2 20 0 80 42 0 23 15 0 92 41 64 7 28 79 40 48 0 31 85 66 11 67 93 0 88 49 52 65 18 50 29 56 0 33 9 0 47 75 86 74 78 37 0 0 71 0 63 0 72 91 99 95 3 44 54 19 97 0 25 51 0 0 13 26 22 0 94 0 81 77 87 0 1 35 21 82 70 0 0 0 8 46 0 45 34 39 59 55 10 89 4
46 61 0 34 0 0 55 10 89 0 32 0 5 57 60 90 0 0 2 20 0 80 42 73 23 15 0 0 41 64 7 28 0 40 48 0 31 85 66 11 67 93 24 88 0 52 65 18 0 29 56 62 33 0 0 0 0 86 74 78 37 27 84 71 6 0 17 72 91 99 95 3 0 54 19 97 83 0 51 14 30 0 26 0 68 94 58 0 77 87 0 1 35 0 82 70 38 96 12 8
36 0 0 21 82 70 38 96 12 8 46 61 45 34 0 59 55 10 89 4 32 16 0 57 60 90 69 43 2 20 53 0 0 73 0 15 98 92 41 64 7 28 0 40 48 0 31 85 66 11 0 93 24 88 49 52 65 18 50 0 56 0 0 9 76 47 75 86 0 78 37 27 84 71 0 63 17 72 0 99 0 3 44 54 19 97 0 25 51 14 30 13 26 22 68 94 58 0 77 87
30 0 0 0 0 0 0 0 77 87 0 1 35 0 0 70 0 96 0 0 46 0 45 34 39 59 55 10 89 0 32 0 5 57 0 90 69 0 2 0 53 0 42 0 23 0 98 92 41 64 7 28 0 40 0 100 0 85 66 11 0 93 24 88 49 52 65 18 50 29 56 62 33 9 76 0 0 86 0 78 37 0 0 0 6 63 17 72 91 99 95 3 44 54 0 97 83 0 0 14
95 0 44 54 19 97 0 0 51 0 30 13 26 0 68 94 0 81 77 87 36 1 35 0 82 0 38 96 0 8 0 61 45 0 39 0 0 10 0 4 0 16 0 57 0 0 69 0 0 20 0 80 0 73 23 15 0 0 41 64 7 28 79 0 48 0 31 0 66 0 67 0 0 0 0 52 0 18 50 29 56 0 33 9 76 47 0 0 74 78 37 0 84 71 6 63 17 72 0 99
37 27 84 0 6 0 17 72 0 99 95 3 0 54 19 97 83 0 0 14 0 0 0 22 68 94 58 81 77 87 36 1 35 21 0 70 38 96 12 0 0 61 0 34 39 59 55 10 0 4 0 16 0 0 0 90 69 43 0 20 53 0 42 0 23 15 98 92 41 64 7 28 79 40 48 100 0 85 66 11 67 93 24 88 0 52 65 18 50 0 0 62 33 9 76 47 0 0 74 0
56 62 0 9 76 47 75 0 74 78 37 0 84 71 0 0 0 0 91 0 95 3 44 0 19 97 83 25 51 14 30 13 0 22 0 94 58 81 0 87 36 1 35 21 82 0 0 96 12 8 46 61 45 34 0 59 55 10 89 4 0 0 5 57 60 0 69 43 2 0 53 80 42 73 23 15 98 92 0 64 7 0 79 40 48 100 31 85 66 11 67 93 24 88 0 52 0 0 50 29
29 0 93 24 88 49 52 65 18 50 78 0 62 33 9 76 47 0 0 74 99 37 27 84 71 6 63 0 72 91 14 95 3 0 54 19 97 83 0 51 87 30 13 26 0 68 94 58 0 0 8 0 1 35 0 82 70 38 96 12 4 0 61 45 34 0 59 55 10 0 0 0 16 5 0 60 90 69 0 0 64 53 80 42 73 23 15 98 92 0 11 7 28 79 40 48 100 31 85 66
11 7 28 79 40 0 0 0 85 66 29 0 0 24 88 49 52 0 18 50 0 56 62 33 0 76 47 75 86 74 99 37 27 84 71 6 0 17 0 91 14 95 0 44 54 19 0 0 25 51 87 30 0 26 0 68 94 58 81 77 0 36 1 0 0 82 70 38 96 12 4 46 61 45 34 39 59 0 10 89 20 0 16 5 57 60 0 69 43 0 64 53 80 42 73 23 0 98 0 41
64 53 80 42 73 23 15 98 92 41 0 7 28 0 0 0 0 31 85 66 0 67 93 0 88 0 52 65 18 50 0 56 62 33 9 0 47 0 86 74 0 37 27 0 71 0 63 0 72 91 0 95 3 0 54 19 97 83 25 0 87 0 13 26 22 68 94 58 81 77 0 36 1 35 21 0 70 38 96 12 4 46 61 45 34 0 59 55 0 89 20 32 0 0 0 60 0 0 43 2
20 32 16 5 57 60 0 69 43 2 64 0 80 0 73 23 15 0 0 41 11 7 28 79 40 48 0 0 85 66 29 0 93 0 88 0 52 65 0 50 78 56 62 0 9 76 47 0 86 74 0 37 27 0 0 6 63 17 0 91 0 95 0 0 0 19 0 83 25 51 87 0 13 26 22 0 0 58 0 77 0 36 1 35 21 82 70 38 96 12 4 46 61 45 34 39 59 0 0 0
4 0 61 45 34 39 0 55 10 89 20 32 0 0 0 60 90 69 43 2 64 53 80 0 73 23 15 98 92 41 11 7 28 0 0 48 100 31 85 66 0 0 93 0 88 0 52 0 0 0 78 56 62 33 9 76 47 0 0 74 99 37 27 0 71 6 0 17 72 91 14 95 3 44 0 19 97 83 25 51 0 30 0 26 22 68 94 58 81 77 0 36 1 0 0 82 0 38 96 0
8 0 1 35 21 82 0 0 96 12 4 0 0 45 34 39 0 55 10 0 0 32 16 5 57 60 90 69 0 0 64 53 80 0 73 23 15 98 0 41 11 7 28 79 40 48 100 31 85 0 0 67 0 0 88 0 52 65 0 50 78 56 0 33 9 76 0 75 86 0 0 37 27 84 71 6 63 0 72 0 0 95 3 44 0 19 97 83 25 51 0 30 13 26 22 0 94 0 81 0
87 30 13 26 0 68 94 58 81 77 8 36 1 0 21 0 70 38 96 12 0 46 61 45 34 0 59 55 10 0 20 32 16 5 57 60 90 69 43 2 0 53 0 42 0 23 15 98 92 0 11 7 28 0 0 0 0 31 85 66 29 67 93 24 88 49 52 65 18 50 78 56 62 33 9 76 47 0 86 0 99 37 27 84 71 0 63 17 0 91 14 0 3 44 54 19 97 83 25 0
0 95 3 0 54 19 97 0 25 0 87 30 13 26 0 68 0 58 81 77 8 36 1 35 21 82 70 38 96 0 4 46 61 0 0 0 0 55 10 89 20 32 16 5 57 60 90 69 43 2 64 53 80 0 0 23 0 0 0 0 11 0 28 79 40 48 0 31 85 0 0 67 93 24 88 49 52 65 18 50 78 56 62 33 9 76 47 75 0 74 99 37 27 84 0 6 0 17 72 0
0 37 27 84 71 6 63 17 72 91 14 95 0 44 0 19 97 0 25 51 87 0 13 0 22 68 0 58 0 77 8 36 1 0 21 0 70 38 0 12 4 46 61 0 0 39 59 55 10 89 0 32 16 0 0 60 0 69 43 2 64 53 0 0 73 23 15 0 0 0 11 0 0 79 40 48 100 31 85 66 29 67 0 24 88 0 52 65 0 0 78 56 62 33 0 0 47 75 86 74
78 56 62 0 9 76 0 75 86 74 0 37 27 0 71 6 63 17 72 91 14 95 3 44 54 19 97 0 25 51 87 0 13 0 22 68 94 0 0 77 8 36 1 35 21 82 70 0 96 0 0 0 61 45 0 39 59 55 10 89 0 32 16 5 57 0 0 0 0 0 64 53 80 42 0 23 0 98 92 41 11 0 28 79 0 48 100 0 0 66 29 67 0 0 88 0 52 0 18 50