10
70 0 87 89 100 82 25 37 71 0 0 21 64 68 59 91 77 0 67 0 72 47 63 11 66 0 23 0 0 65 55 46 58 53 0 0 0 62 0 0 86 0 6 90 0 22 81 0 79 78 30 35 9 0 39 2 0 84 0 19 34 4 42 57 20 0 26 0 88 43 33 0 54 7 36 92 10 94 13 0 5 96 0 75 1 0 0 95 49 40 28 17 74 14 98 51 85 31 45 3
33 12 54 0 36 92 10 94 0 15 5 96 41 75 1 0 44 95 49 40 0 17 74 14 98 0 85 31 45 3 70 0 87 89 0 0 0 0 71 52 0 21 64 0 59 0 77 16 67 0 0 47 63 11 66 0 23 50 76 65 0 46 0 53 27 0 18 62 61 0 86 99 6 90 24 22 81 48 79 78 30 35 9 56 39 2 38 84 80 19 0 4 42 57 20 8 26 97 88 43
86 99 6 0 24 0 81 48 0 0 0 35 9 56 39 2 0 0 80 19 0 0 0 57 20 8 26 97 0 43 33 12 0 0 36 0 10 94 13 15 5 96 41 75 1 60 0 95 0 40 0 17 74 14 98 51 85 31 45 3 70 73 0 89 100 0 0 37 71 52 0 21 64 68 59 91 0 0 67 0 0 47 63 0 66 69 23 50 76 65 55 46 58 0 27 29 18 0 61 83
93 0 64 68 59 0 0 16 67 32 72 0 63 0 66 0 23 50 76 65 0 0 58 53 27 29 18 62 61 83 86 0 6 0 0 22 81 48 79 78 30 35 9 56 39 0 38 84 80 19 34 4 42 57 20 8 26 97 88 43 33 0 0 0 0 92 0 0 13 15 0 96 41 75 0 60 44 95 49 40 28 17 74 14 98 0 85 31 45 3 70 73 87 89 100 82 0 0 0 52
0 96 41 0 1 0 44 95 49 40 28 0 74 0 98 51 85 31 45 3 70 73 87 89 0 82 25 0 71 52 93 21 0 0 0 91 0 16 67 32 72 47 63 11 66 69 23 50 76 65 55 46 58 0 27 29 18 62 61 83 86 99 6 90 24 22 81 0 79 0 30 35 0 56 39 2 0 84 80 0 0 4 0 57 20 8 26 0 88 0 33 12 0 7 36 92 10 94 0 15
30 35 9 56 39 2 38 84 80 19 34 4 0 0 20 8 26 0 88 43 33 12 0 7 0 92 10 0 13 15 5 0 0 75 1 60 44 95 49 0 28 0 0 14 0 0 0 31 45 0 70 73 87 0 0 82 25 37 0 52 93 21 0 68 59 91 77 16 67 32 72 0 63 0 66 0 23 50 76 65 55 0 58 53 27 0 0 62 61 83 86 99 6 90 24 22 81 48 79 78
0 47 0 0 66 69 23 0 76 65 55 46 58 53 27 29 0 62 61 0 0 99 6 0 0 22 0 48 0 0 30 0 9 56 39 0 0 84 80 19 0 0 42 0 0 8 26 97 88 0 0 12 54 7 36 92 10 0 0 15 5 96 41 75 1 60 0 0 49 0 28 17 74 14 98 0 85 31 0 3 70 73 87 89 100 82 0 37 71 0 93 21 64 68 59 0 77 16 67 0
0 0 74 14 98 0 85 31 45 3 0 73 87 89 100 82 25 37 71 0 93 21 64 68 59 91 0 16 67 32 72 47 63 11 66 69 23 50 0 65 0 46 58 53 27 29 0 62 61 83 86 99 0 90 24 22 81 48 79 78 30 35 9 56 39 2 38 84 80 19 34 4 0 57 20 8 26 97 0 0 0 0 54 0 0 0 10 94 0 15 0 0 41 75 1 60 44 95 0 40
34 4 42 57 20 8 26 97 0 43 33 12 54 7 36 0 10 94 0 15 5 96 0 75 1 0 0 95 49 40 28 17 74 14 98 51 85 0 45 3 70 73 0 89 100 0 25 37 71 52 93 0 64 68 0 91 77 16 0 32 72 47 0 11 0 69 23 50 0 0 0 46 58 53 0 29 0 62 0 83 86 99 6 90 24 0 81 0 79 78 30 0 9 0 39 0 38 0 80 0
0 46 58 0 27 0 18 62 61 83 86 0 6 90 0 0 0 48 79 78 0 35 9 56 39 0 0 0 80 19 34 4 42 57 0 8 0 0 88 43 33 12 0 7 36 92 10 94 13 15 0 96 41 75 1 60 44 95 49 0 28 17 0 14 0 51 85 31 0 3 70 0 87 89 0 0 25 0 0 52 0 21 64 0 0 91 77 16 67 32 72 47 63 11 66 69 0 0 76 65
73 0 89 100 0 25 37 71 52 70 21 0 68 59 0 0 16 67 32 93 0 63 11 0 69 0 50 76 65 72 0 58 53 27 29 18 62 0 83 0 0 6 0 24 22 81 48 0 78 86 35 0 56 39 0 0 0 0 19 30 4 42 57 0 8 26 97 88 43 34 12 0 7 36 92 10 94 13 15 33 0 41 75 0 60 0 95 49 40 5 17 0 14 98 51 85 31 0 3 0
12 54 7 36 92 0 94 13 15 33 96 0 75 1 60 0 0 49 0 0 17 0 0 98 51 85 31 45 3 28 0 87 0 100 82 25 0 71 0 0 21 64 68 59 0 77 16 67 32 0 0 63 11 0 69 0 50 76 65 72 0 58 53 27 29 18 62 0 83 55 99 6 0 0 22 81 48 79 78 0 0 9 0 0 2 0 84 80 19 30 4 42 57 20 8 0 97 88 43 34
99 0 90 24 22 81 0 79 0 86 35 9 0 39 2 38 84 0 0 30 4 0 57 20 8 26 0 0 43 34 12 54 0 0 92 10 94 13 15 33 96 41 0 0 60 44 0 49 0 5 0 74 14 98 51 0 31 0 0 0 73 87 89 100 82 25 37 71 52 70 21 0 68 59 0 0 16 67 32 93 0 63 11 0 0 23 50 76 0 72 0 58 53 0 29 18 0 0 0 55
21 64 68 59 91 0 16 67 32 93 47 63 11 66 69 23 0 76 65 0 0 58 53 27 29 0 62 0 83 0 99 6 90 24 0 81 48 79 78 86 35 0 56 39 2 38 84 80 19 30 4 42 0 0 8 26 0 0 43 34 0 54 7 36 92 0 0 13 0 33 96 0 75 0 60 44 95 0 0 5 17 74 14 0 51 0 31 0 3 28 73 87 89 100 82 25 37 0 52 0
96 41 75 1 60 44 0 49 40 5 17 0 14 98 51 85 31 45 0 28 73 87 0 100 0 25 37 0 52 70 0 0 0 59 0 77 16 67 32 0 47 63 0 66 69 0 50 76 65 72 46 58 53 27 29 0 62 61 0 55 0 6 90 24 22 81 0 0 78 86 35 9 56 39 2 38 84 80 19 0 4 42 57 20 0 26 0 88 0 34 12 54 7 36 92 10 94 13 0 33
35 9 0 39 2 38 0 80 19 0 0 42 57 20 0 0 97 0 43 34 12 0 7 36 0 10 94 13 0 0 0 0 75 1 0 44 95 49 40 5 17 74 14 0 51 85 0 45 3 28 73 87 89 100 82 25 37 71 52 70 21 64 68 59 91 77 0 67 0 93 47 0 11 0 0 0 50 76 65 72 46 58 0 27 29 18 0 61 83 55 0 6 90 24 22 0 48 79 78 0
47 63 0 66 0 0 0 76 0 72 46 0 53 0 29 0 62 61 0 55 99 6 0 0 22 81 48 79 78 86 35 9 56 39 2 38 0 80 19 30 0 0 57 20 8 26 97 0 0 34 0 54 0 36 0 10 0 13 15 33 96 41 75 1 60 44 0 49 40 5 17 74 14 98 51 85 31 45 3 28 73 87 89 100 0 0 37 0 52 70 21 64 0 0 91 0 16 0 32 93
17 74 14 0 0 85 0 0 3 28 0 87 89 100 82 25 0 71 0 70 0 64 0 0 0 77 16 0 32 93 47 63 0 66 69 23 50 0 65 72 46 58 0 27 29 18 62 61 0 55 99 6 0 0 22 81 48 0 78 86 35 0 56 0 2 38 84 80 19 0 0 42 57 0 0 0 97 0 43 34 12 54 0 0 92 0 94 13 15 0 0 41 75 1 60 44 0 0 40 5
4 0 57 20 8 26 97 0 43 34 12 54 7 36 0 10 94 13 15 33 0 0 0 1 60 44 0 49 40 5 17 74 14 98 51 85 0 0 3 0 73 87 89 100 82 25 37 71 0 70 0 64 0 59 91 0 16 0 0 93 47 0 11 66 69 23 50 76 0 72 46 0 53 27 29 18 0 0 0 0 99 6 0 0 22 0 0 79 78 86 35 0 56 39 2 38 0 0 19 30
46 58 0 27 0 18 0 61 83 55 99 6 90 24 0 81 48 79 78 86 35 9 56 39 2 38 84 0 19 30 0 0 57 20 0 26 97 88 43 34 12 54 7 0 92 10 94 13 15 0 96 41 75 1 0 0 95 49 0 5 0 0 14 0 51 85 31 45 3 28 73 87 0 0 0 25 37 71 0 70 21 64 68 59 91 77 0 67 32 0 0 63 0 66 69 23 0 0 65 72
0 89 100 82 25 0 0 52 70 0 64 0 0 91 77 0 67 0 0 21 0 11 66 0 23 50 76 65 72 47 0 53 27 29 0 0 0 0 55 0 6 90 24 22 81 48 0 78 86 99 9 56 39 2 38 84 80 0 30 35 42 57 0 8 0 97 88 43 34 0 54 0 0 92 10 94 0 0 33 12 0 75 1 0 44 95 49 40 5 96 74 14 98 0 85 31 45 3 28 17
0 7 36 92 0 0 13 15 33 12 41 75 1 60 0 95 49 40 5 0 74 0 98 51 85 31 45 3 0 17 87 89 100 82 0 37 71 52 70 73 64 68 59 91 77 16 67 32 0 21 0 11 66 69 0 50 76 0 72 47 58 53 27 0 18 62 61 83 55 46 6 90 24 22 81 48 79 0 86 99 9 56 0 2 38 0 0 0 30 0 42 57 20 8 26 0 88 43 34 4
6 90 24 22 81 48 79 78 0 99 9 56 39 2 0 84 80 19 0 35 42 57 20 8 26 97 88 0 34 4 54 7 0 0 10 94 13 15 33 12 41 75 0 60 44 95 49 40 5 96 0 0 98 51 85 31 45 3 0 17 87 0 100 82 0 37 71 52 70 73 64 68 59 91 77 16 67 32 0 21 63 0 0 69 23 50 0 0 72 47 58 0 27 29 18 0 0 83 55 46
64 68 0 91 77 0 67 32 0 0 63 11 66 0 23 50 76 65 72 47 58 53 27 29 18 62 0 0 55 0 0 90 24 22 81 0 79 78 86 99 9 56 0 2 38 0 80 0 30 0 42 57 20 8 26 97 88 43 34 4 0 7 36 0 10 94 13 15 0 12 41 75 1 0 44 95 49 40 0 0 74 14 98 51 0 0 45 3 0 17 87 0 100 82 25 37 71 0 70 73
0 0 1 0 44 95 0 40 5 96 0 0 98 51 85 31 0 0 28 0 87 89 0 82 25 37 0 52 70 0 64 68 0 91 77 16 67 32 93 21 63 11 66 0 0 0 0 65 0 47 0 0 27 29 18 62 61 0 55 46 6 90 24 22 0 0 79 78 86 99 9 0 0 2 0 0 80 19 30 35 42 57 0 8 26 97 88 43 34 0 0 0 0 92 0 94 13 0 0 12
9 56 39 2 38 84 80 19 30 35 42 57 0 0 0 0 0 43 34 4 0 7 0 92 10 94 13 0 33 12 41 75 1 60 44 95 49 40 5 96 74 14 98 51 85 0 45 3 28 17 87 89 100 82 25 0 71 52 0 73 64 68 59 0 77 16 67 0 0 21 63 11 66 0 23 0 76 0 72 47 58 0 27 29 0 62 61 83 55 0 0 90 24 0 81 48 0 78 86 99
63 11 66 69 0 0 76 65 72 47 0 53 0 0 0 62 61 83 55 0 6 0 24 0 81 0 0 78 86 0 9 56 39 2 0 84 0 19 30 0 42 57 20 8 26 97 0 43 34 0 54 7 0 92 10 94 0 15 0 12 41 0 1 60 44 0 49 40 5 0 74 14 0 51 85 31 45 3 28 17 0 0 0 0 25 37 0 52 70 73 0 68 59 91 77 0 0 32 0 21
0 14 0 51 0 31 0 3 28 17 0 89 100 82 0 37 71 52 0 0 0 68 59 0 0 16 67 32 93 21 63 11 66 0 23 50 76 0 72 47 58 53 27 0 18 62 61 83 55 46 6 90 24 22 81 48 79 78 0 0 9 56 39 2 38 84 80 19 30 35 42 57 20 0 26 0 88 43 0 0 54 7 0 92 10 94 13 15 33 0 41 0 0 0 44 95 49 40 5 96
0 0 0 8 26 97 88 43 34 4 0 7 36 92 10 94 0 15 0 12 0 75 1 0 44 95 49 40 5 96 0 0 0 51 85 31 45 0 28 17 87 89 100 82 25 37 71 52 70 73 64 68 0 91 77 16 67 0 0 21 63 11 0 0 23 0 0 65 0 0 58 53 0 29 0 62 61 83 55 46 0 90 24 22 81 48 79 78 0 0 9 56 39 2 38 84 80 0 0 35
0 53 0 0 18 0 61 83 0 46 0 90 24 22 81 48 0 0 86 0 9 56 39 2 38 84 80 19 30 35 42 57 20 0 26 97 0 43 34 4 0 0 36 0 10 94 0 15 33 12 41 75 0 60 44 95 49 0 5 0 0 0 0 0 85 0 0 3 28 17 87 89 100 82 25 37 71 0 70 73 64 68 59 91 77 0 0 32 93 21 63 0 0 0 23 50 0 65 72 47
89 100 82 25 0 71 52 70 73 87 68 59 91 77 16 67 32 93 21 64 11 0 0 23 0 76 65 72 0 0 53 27 29 18 62 61 0 55 46 58 90 24 22 0 48 79 78 86 0 6 56 0 2 38 84 80 19 0 35 0 0 0 8 26 97 0 43 34 0 42 7 36 92 10 94 13 15 33 12 0 75 1 60 0 95 49 40 5 96 0 0 98 51 0 31 45 3 28 17 0
7 0 92 10 94 13 15 33 0 54 0 0 60 44 95 49 40 5 96 41 0 98 51 0 0 45 3 28 17 0 0 0 82 25 37 71 52 0 73 0 68 59 91 0 16 0 32 93 21 0 11 66 0 0 0 76 0 72 47 63 0 27 29 18 62 61 83 55 0 58 0 24 22 81 48 79 78 86 99 6 56 39 2 0 84 80 0 30 35 0 57 0 8 26 97 88 43 34 4 0
90 24 22 81 48 79 78 86 99 6 0 39 0 38 84 80 19 0 35 0 57 20 8 26 97 88 0 0 4 42 7 36 92 10 94 13 15 33 0 0 0 1 60 44 0 49 0 5 96 41 14 98 0 0 0 45 3 0 0 0 89 100 0 25 37 0 0 70 73 0 68 59 91 77 0 0 32 93 21 64 11 0 69 23 50 0 65 0 0 0 0 27 29 18 62 61 83 55 46 58
68 59 0 0 16 67 32 93 21 64 11 0 69 23 50 76 0 72 47 63 0 27 29 0 0 61 83 55 46 0 90 24 22 81 0 79 78 86 99 0 56 39 2 0 0 0 19 30 0 0 0 20 8 0 97 88 43 34 4 42 0 0 92 10 0 13 15 33 0 0 75 1 60 44 0 0 0 5 96 41 0 98 0 0 31 0 3 0 17 0 0 0 82 25 0 71 52 70 73 87
75 1 60 0 0 49 0 5 0 41 14 0 51 0 31 45 0 0 0 0 0 100 82 25 37 71 52 70 0 0 68 59 91 77 0 67 32 93 21 0 11 66 69 23 50 76 0 72 0 63 53 0 29 0 0 61 83 55 0 58 0 24 0 81 0 79 78 86 99 6 56 39 0 38 84 80 19 30 35 0 57 20 0 26 0 88 43 34 4 42 7 0 92 10 94 13 0 33 12 54
56 0 2 38 0 80 19 30 0 9 0 20 8 26 0 0 0 0 4 0 7 36 0 10 0 13 15 33 12 54 0 0 60 44 95 49 40 0 96 41 0 98 51 85 31 45 0 28 17 0 89 100 82 0 0 0 52 70 73 87 68 59 0 77 0 0 32 93 21 64 11 66 69 23 50 0 65 72 47 63 53 27 29 18 62 61 83 0 46 58 0 24 0 81 48 79 78 86 99 6
0 0 0 23 50 76 65 72 47 63 53 0 29 18 62 61 83 55 0 58 90 24 22 0 48 79 78 86 99 0 56 39 2 38 84 80 19 0 35 0 57 20 8 26 0 88 43 34 0 42 7 36 92 0 94 13 0 33 12 54 75 1 60 0 95 49 40 5 96 0 14 98 51 85 31 0 0 0 17 74 89 0 0 25 37 0 52 70 73 87 0 0 91 77 0 67 32 0 21 64
14 98 51 0 31 45 0 0 0 74 89 100 82 25 37 71 0 0 0 87 0 59 91 77 16 67 32 93 21 64 0 66 0 0 50 76 65 72 47 63 53 27 29 0 0 61 0 55 46 58 90 24 0 81 48 79 0 86 0 6 0 0 2 38 84 0 19 0 0 9 57 20 0 26 0 88 43 34 4 42 7 36 92 10 94 13 15 0 12 0 75 1 60 0 0 49 40 5 96 0
0 20 0 26 0 88 0 34 4 42 7 0 0 0 94 13 0 33 12 54 75 1 60 44 0 49 40 5 96 41 14 98 0 85 31 45 3 28 0 74 89 100 82 25 37 0 52 0 73 87 68 59 91 77 16 0 32 93 21 64 11 66 69 23 50 76 65 72 47 63 53 27 29 0 62 61 0 55 46 0 90 24 22 81 0 0 0 0 0 6 56 39 2 38 84 80 19 30 35 0
53 27 29 18 62 61 83 55 46 58 90 24 22 0 0 79 0 86 0 6 56 39 0 38 84 80 0 30 35 9 0 20 8 0 0 88 43 34 4 42 0 36 92 10 94 13 15 33 12 54 75 1 0 44 95 49 40 5 96 0 0 98 0 0 31 45 3 28 17 0 89 100 82 0 37 0 52 70 73 87 68 59 0 77 16 0 32 0 21 64 0 0 69 0 50 0 0 72 47 63
100 82 0 37 0 52 70 73 87 89 0 91 77 16 67 32 93 21 0 68 66 69 0 50 76 0 72 0 63 11 0 0 18 62 61 83 55 46 58 53 24 22 0 48 0 78 86 99 0 90 39 0 38 84 80 19 30 35 0 0 0 0 0 0 88 43 34 4 42 57 0 92 10 0 0 15 33 0 54 7 1 60 44 0 49 0 5 0 41 0 98 51 0 31 45 3 28 17 74 0
36 92 10 94 0 15 0 12 54 7 0 0 44 95 49 40 5 0 41 75 0 51 85 31 45 0 28 17 0 0 100 0 25 0 0 52 0 73 87 89 0 91 77 16 67 32 93 21 0 68 0 69 23 0 0 0 72 0 0 11 27 29 18 62 61 83 0 46 0 53 24 22 81 48 79 78 86 0 6 90 39 2 38 84 80 19 0 35 9 56 0 8 26 0 88 43 34 4 0 57
24 0 81 0 79 0 86 99 0 0 39 2 0 84 80 19 0 35 9 56 20 8 0 0 88 0 34 4 42 0 36 0 10 0 0 15 33 12 54 0 1 0 44 0 49 40 5 96 0 75 98 51 85 31 0 0 0 17 74 0 0 82 25 37 71 52 70 73 87 89 59 91 77 16 0 32 93 0 64 0 66 0 23 50 76 65 0 47 63 0 27 29 18 62 61 83 0 0 58 53
0 91 77 16 67 0 93 21 64 68 66 69 23 50 76 65 0 47 63 11 0 29 18 62 0 83 0 46 58 0 24 22 81 48 79 78 86 99 0 90 39 2 38 0 0 0 30 35 9 0 0 8 26 97 0 43 34 0 42 57 36 0 10 94 0 15 33 0 54 7 1 60 44 95 49 40 5 96 41 0 0 51 85 0 45 3 28 17 74 14 0 82 25 37 71 52 70 73 87 89
0 0 44 95 0 40 5 0 41 75 98 51 0 0 45 3 28 17 74 14 100 82 25 0 71 52 0 0 87 89 0 91 77 16 0 32 93 21 0 0 0 69 23 50 76 65 72 47 63 11 0 0 0 62 61 83 55 46 58 53 24 22 81 48 79 78 0 99 0 90 0 2 38 84 0 19 0 35 0 56 20 0 26 97 0 43 34 4 0 57 0 92 10 94 13 15 33 12 0 0
0 0 38 84 0 19 30 35 0 56 0 8 0 97 88 43 34 4 42 57 36 92 10 94 13 15 33 12 54 0 1 60 44 0 49 0 5 96 41 0 98 0 0 31 45 3 0 17 74 0 100 82 25 37 0 52 0 73 87 89 59 91 77 16 67 32 93 21 64 68 66 69 0 50 0 65 72 47 63 11 0 0 18 62 61 83 55 46 58 53 0 22 81 48 79 0 0 99 6 90
66 69 23 50 0 0 0 47 63 11 27 29 18 62 61 83 0 46 58 53 24 22 81 48 79 78 86 99 6 90 39 0 38 0 80 19 0 0 9 0 0 8 26 97 88 43 0 4 0 57 0 92 10 94 13 15 33 12 0 7 1 0 44 95 49 40 0 0 0 75 0 51 0 31 45 3 28 17 74 14 100 82 0 37 0 0 70 73 87 89 59 91 77 16 67 32 0 21 64 68
98 51 85 31 0 0 0 0 0 14 100 82 25 0 71 52 0 73 87 0 59 91 0 16 0 0 0 21 64 68 66 69 0 50 76 0 72 47 0 11 27 29 18 62 0 0 55 46 58 53 24 22 81 48 79 78 86 99 6 0 0 2 38 84 80 19 30 35 9 56 20 0 26 97 0 43 0 4 42 57 36 0 0 0 13 15 33 12 54 7 1 60 0 95 0 40 5 0 0 0
20 8 26 0 88 43 34 4 42 0 36 92 10 94 13 15 0 12 54 0 1 60 0 95 49 0 5 96 41 75 0 51 85 0 45 3 28 17 0 14 100 82 0 0 71 52 70 73 87 89 0 91 0 16 67 32 93 0 64 68 66 69 0 50 76 65 72 0 63 0 27 29 18 0 61 83 55 46 58 53 0 22 0 48 79 78 86 99 6 90 39 2 0 84 0 19 30 35 9 0
27 0 18 62 61 83 55 46 0 53 24 22 0 0 0 78 86 99 6 90 39 2 38 84 0 19 30 0 0 56 0 8 26 97 0 43 34 0 42 0 36 92 10 94 13 15 33 12 0 0 1 60 44 95 49 40 5 96 41 75 0 51 85 0 45 0 28 0 0 14 100 0 25 0 71 52 70 73 87 89 59 0 0 16 67 32 93 21 0 0 0 69 23 50 76 65 72 47 63 11
82 25 37 0 52 70 73 0 89 100 91 77 16 67 0 0 0 64 68 59 69 23 50 76 65 72 47 63 11 66 29 0 62 61 83 0 46 58 53 27 22 81 48 0 0 86 99 0 0 0 2 38 84 80 19 30 35 0 56 39 0 26 0 88 43 34 0 42 57 20 92 10 0 13 15 33 0 54 7 36 60 0 95 49 40 0 96 41 0 1 51 85 0 45 3 28 17 74 14 0
0 0 94 13 0 33 0 54 7 36 60 44 95 49 40 0 0 0 75 1 51 85 31 0 0 28 17 74 0 0 82 25 37 71 52 70 0 87 89 0 91 77 16 0 0 93 21 64 68 0 69 0 0 76 65 72 47 0 0 66 0 18 62 0 83 55 46 58 0 27 22 0 48 79 78 0 99 6 0 24 2 38 84 80 19 0 35 9 0 39 8 26 0 88 43 34 4 0 57 20
0 0 48 79 0 86 0 0 90 24 0 38 84 80 19 30 35 9 56 39 8 26 0 88 0 34 4 42 57 20 92 0 94 0 15 33 0 54 7 36 60 44 95 0 40 5 96 41 75 0 51 85 0 0 0 28 17 0 14 98 82 25 37 71 52 70 73 0 0 100 0 0 16 67 0 93 21 64 68 59 0 0 50 76 65 72 47 63 11 66 29 18 62 61 83 55 0 0 0 0
91 77 16 67 32 0 21 64 0 59 69 23 50 76 65 72 47 0 11 0 29 18 62 0 83 0 46 58 53 27 0 0 48 0 0 0 0 6 90 24 2 38 0 80 19 0 0 9 56 39 8 0 97 0 43 34 4 0 57 20 0 10 94 13 15 33 0 0 7 0 0 44 95 49 40 5 0 41 0 1 51 85 0 45 0 0 0 74 14 98 82 25 37 0 52 70 73 87 89 0
60 44 95 49 40 5 0 41 75 1 51 85 31 45 0 28 17 74 14 98 82 25 37 71 0 0 0 87 89 100 91 0 16 67 32 0 21 64 68 0 0 23 50 0 0 72 47 63 11 0 29 18 62 61 83 0 46 58 0 27 22 0 0 79 78 86 99 6 90 24 2 38 0 0 19 30 35 9 56 39 8 26 0 0 0 34 4 42 57 0 92 0 0 13 15 0 0 54 7 36
2 38 0 80 19 30 35 9 0 39 0 26 97 88 43 0 4 0 57 20 92 10 94 13 15 0 0 54 7 0 0 44 0 49 0 5 96 41 75 0 0 0 31 45 3 0 17 74 14 98 82 0 37 71 0 70 0 87 0 100 91 77 0 0 32 0 21 64 0 0 0 23 50 76 65 72 47 0 0 0 29 18 62 61 83 55 46 58 53 27 22 81 48 79 0 86 99 6 90 24
69 23 0 76 65 0 47 63 11 0 29 18 62 0 83 0 0 0 53 27 22 81 48 79 78 86 99 0 90 24 0 0 84 0 19 30 35 9 0 39 8 26 97 88 43 34 4 0 57 0 92 10 0 0 15 0 0 54 0 36 0 44 95 49 0 0 96 41 75 0 0 85 31 0 3 28 0 74 14 98 82 25 37 71 52 70 0 87 89 100 91 77 16 0 0 93 0 64 0 59
51 85 31 0 3 28 17 74 14 98 82 25 37 0 0 70 73 87 89 0 91 77 16 67 32 93 21 64 68 0 69 23 50 76 65 0 0 0 11 66 29 18 0 61 0 0 46 58 0 27 22 81 48 79 78 86 99 6 90 24 2 0 84 0 19 30 35 9 56 0 8 26 97 0 0 34 4 0 0 20 92 10 0 13 15 33 12 0 7 36 60 0 95 49 40 0 96 0 75 1
8 26 97 0 43 34 4 42 57 20 92 0 94 13 15 0 12 54 0 36 60 44 0 49 0 5 0 41 75 1 0 0 31 45 3 0 0 74 14 0 82 25 0 71 52 70 0 87 89 100 91 0 0 67 32 93 0 0 68 59 69 23 0 76 65 0 47 63 11 66 29 0 62 61 83 55 46 58 53 27 22 81 0 79 78 86 99 6 90 0 0 38 84 80 19 30 35 9 56 39
29 0 62 0 83 55 46 58 53 27 0 0 48 79 0 86 99 6 0 0 2 38 84 80 19 0 35 9 56 39 8 26 97 88 43 0 0 42 57 0 92 0 0 0 15 33 12 54 0 36 60 0 95 49 0 0 96 41 75 1 51 85 31 45 3 0 17 74 0 98 82 0 37 71 0 70 73 87 89 0 0 0 16 67 32 93 21 64 68 59 69 23 50 76 65 0 47 0 11 66
25 37 71 0 70 73 87 89 100 82 0 16 67 32 93 21 0 68 0 91 0 50 76 65 72 47 0 0 66 69 18 62 0 0 55 46 58 53 27 29 81 48 79 78 86 0 0 90 24 22 0 84 80 19 30 0 0 56 39 2 26 0 88 43 34 0 42 0 0 8 10 94 13 0 33 12 0 7 36 0 44 95 0 40 0 0 41 0 1 0 85 0 45 3 28 0 74 14 98 51
10 0 13 15 33 12 54 7 36 0 44 95 0 40 5 0 41 0 0 60 0 0 0 3 28 17 74 14 98 51 25 37 0 52 0 0 0 0 100 82 0 16 67 32 0 0 0 68 59 91 23 0 0 65 72 0 0 11 0 69 18 62 61 83 0 46 0 53 27 29 81 0 79 0 86 99 6 90 0 22 38 0 0 0 30 0 9 56 0 2 26 97 88 43 0 4 42 57 20 0
0 0 0 78 0 0 6 90 0 22 38 84 80 0 0 0 0 0 39 2 26 0 88 43 34 0 42 57 20 0 10 94 0 15 33 12 54 7 36 92 44 95 49 40 5 96 41 75 1 0 0 31 45 3 28 17 74 0 98 0 0 37 71 52 70 73 87 89 0 0 0 0 67 32 93 21 64 68 59 91 23 50 76 65 0 47 63 0 66 0 0 62 61 83 0 46 58 53 0 29
0 16 67 32 93 21 0 0 59 91 23 50 76 65 72 0 63 11 66 69 18 0 0 83 55 46 58 53 27 29 0 0 0 0 86 0 0 90 24 0 0 84 80 0 0 35 9 56 0 0 26 97 88 0 34 4 42 57 20 8 0 94 0 15 0 12 0 0 36 92 0 95 49 40 0 96 0 75 1 60 85 31 45 0 28 0 74 14 0 0 25 0 71 52 70 73 87 0 100 82
44 0 49 0 0 96 41 75 0 60 85 0 45 0 28 17 74 14 98 0 25 37 71 52 0 73 87 89 100 82 0 16 67 32 93 0 64 68 59 91 0 50 76 65 72 47 63 11 66 69 18 62 61 0 55 46 58 0 0 29 0 0 79 0 86 99 6 90 24 0 38 84 0 19 0 35 9 0 39 2 26 0 0 0 34 4 42 57 20 0 0 0 0 15 0 12 54 0 36 92
38 84 80 0 0 35 9 56 39 2 26 97 88 43 34 0 42 57 0 8 10 94 13 15 33 0 54 7 36 92 0 95 49 40 0 0 41 75 0 0 85 31 45 3 28 17 74 14 98 51 25 37 71 52 0 73 87 89 0 0 0 16 67 32 93 21 64 68 59 0 23 50 0 65 72 47 63 11 66 69 0 62 61 83 55 46 0 53 27 29 0 48 79 78 86 99 6 90 24 22
0 50 76 65 0 47 0 0 0 69 18 62 61 83 0 0 0 53 27 29 81 48 79 78 86 99 6 90 24 0 0 84 0 0 30 35 0 56 39 2 0 97 88 0 34 4 42 57 20 8 10 94 13 15 33 12 0 7 36 0 44 95 0 40 5 96 0 75 1 60 0 31 45 0 28 0 74 0 0 51 25 37 71 52 0 73 0 89 100 0 0 0 0 0 0 0 64 68 0 91
85 31 0 3 28 17 74 14 98 51 0 0 71 52 70 73 87 89 100 82 0 16 67 32 93 21 64 68 59 0 0 50 0 65 0 0 63 11 0 69 0 62 0 83 55 46 58 0 27 29 81 48 79 0 86 0 6 0 24 22 38 84 80 19 30 0 9 56 39 2 0 0 88 0 34 4 42 57 0 0 0 94 0 15 33 0 54 7 36 92 44 95 49 40 5 96 0 75 0 0
0 0 88 43 34 4 0 57 0 8 10 94 13 15 0 0 54 7 36 92 44 95 49 40 5 96 41 75 1 0 85 31 45 3 28 17 0 0 98 0 0 0 0 0 0 73 87 89 0 82 0 16 67 32 93 21 64 68 59 0 0 50 76 65 72 47 0 0 66 0 0 62 0 83 0 0 58 53 27 29 0 48 0 78 86 99 0 0 0 22 0 84 80 19 30 35 9 56 39 2
18 62 61 83 0 0 58 53 27 29 0 0 0 78 0 0 6 90 24 0 0 84 80 0 30 35 9 56 39 2 26 97 0 43 34 4 0 57 20 8 10 0 13 0 33 12 54 7 0 0 44 95 49 40 0 96 41 75 0 60 85 31 45 3 28 17 74 14 98 51 0 37 0 0 70 73 87 89 100 82 77 0 0 0 93 21 64 0 0 91 0 50 76 65 72 47 0 11 66 0
37 71 52 70 73 87 89 100 82 25 16 0 32 93 21 64 0 0 91 0 50 76 65 72 47 0 11 66 69 0 62 61 83 55 46 58 0 27 0 18 48 0 78 86 0 6 90 24 22 81 84 80 19 0 35 9 56 0 0 38 97 88 43 34 4 42 57 20 8 0 94 13 15 33 0 54 7 36 0 10 95 49 0 5 0 41 75 1 60 44 31 45 3 28 17 74 14 98 51 85
94 13 15 0 12 54 7 36 92 0 0 49 40 0 96 41 75 1 60 44 0 45 3 28 0 0 14 0 51 0 0 71 0 70 73 87 0 100 82 25 16 67 32 93 0 64 68 59 91 0 50 76 65 0 47 63 0 66 69 0 0 61 83 0 46 0 53 27 29 18 48 79 0 86 99 0 0 24 22 0 84 80 19 30 35 9 56 39 2 38 0 88 43 34 4 0 57 20 8 26
0 79 78 0 99 6 90 0 0 0 84 80 19 30 35 9 0 39 2 38 0 88 0 0 4 42 57 20 8 26 0 13 15 33 12 54 0 36 0 10 95 49 40 5 96 41 0 1 60 44 0 45 3 28 17 0 14 98 0 0 37 71 52 70 73 87 89 100 82 25 16 67 32 93 21 0 68 0 0 77 50 76 65 72 0 63 0 66 69 23 0 0 83 55 0 58 53 27 29 18
16 67 32 0 0 0 0 59 0 77 0 0 65 72 47 63 11 0 69 0 62 61 83 0 46 0 53 27 29 18 48 79 0 0 0 6 0 24 22 81 0 80 19 30 0 9 56 39 2 38 97 88 43 34 4 0 0 20 0 26 0 13 15 33 12 54 0 0 0 10 0 49 40 5 96 41 75 0 60 0 31 0 0 28 17 74 0 98 51 0 37 71 0 70 0 87 0 100 82 25
0 0 40 0 96 41 75 0 0 44 31 45 0 28 17 0 14 98 51 85 37 71 52 70 0 0 0 100 0 25 0 67 32 93 21 64 68 0 91 77 50 76 0 72 47 63 11 66 0 23 62 61 83 55 46 58 0 0 29 18 48 0 0 0 99 6 90 24 22 81 84 80 19 30 35 0 56 39 2 38 0 88 43 0 4 42 57 20 8 26 0 13 15 33 0 54 0 0 92 10
84 0 19 30 35 9 56 0 2 38 97 88 43 34 4 42 0 20 0 26 94 13 15 33 12 54 7 36 92 10 95 49 40 0 96 41 75 0 60 44 31 45 0 28 17 74 14 98 51 85 37 71 52 70 73 87 0 100 82 0 16 0 0 0 21 64 0 59 91 77 50 76 65 0 0 63 0 66 0 23 62 61 0 55 46 58 53 0 29 18 48 0 0 86 99 6 90 24 22 0
50 0 65 72 47 0 11 66 69 0 0 61 0 55 46 58 53 27 29 18 0 79 78 86 99 0 90 24 0 81 84 0 19 30 0 9 56 39 2 38 0 88 43 0 4 0 57 0 8 0 94 13 0 0 12 54 0 36 0 10 95 49 40 0 96 0 75 1 0 44 31 45 3 28 17 74 14 0 51 85 37 71 52 70 0 87 89 100 82 25 16 67 0 93 21 64 68 59 91 77
31 0 3 0 0 74 14 0 51 85 37 0 52 70 73 87 0 0 82 0 0 67 0 93 21 0 68 59 91 0 50 76 0 72 47 0 11 0 69 23 62 61 83 55 46 0 53 0 29 18 48 79 78 0 99 0 90 24 22 0 84 80 19 30 35 0 0 39 2 38 97 88 43 34 4 42 57 0 8 26 0 13 0 0 0 0 0 0 92 0 95 0 40 5 96 41 0 1 60 44
97 88 0 34 4 0 57 20 0 26 94 13 0 0 12 54 0 0 92 10 0 49 40 5 96 0 75 1 60 0 0 45 3 0 17 0 0 98 51 85 37 71 0 70 73 87 0 100 82 0 16 0 32 93 21 64 0 59 91 77 0 0 65 72 47 0 0 66 0 0 62 61 0 55 46 58 53 27 29 18 48 79 78 86 99 6 90 24 22 81 84 80 19 0 0 9 56 0 2 0
62 61 0 55 0 0 53 27 29 18 48 79 78 86 99 6 90 24 22 0 0 80 19 30 35 0 56 39 2 38 97 0 43 34 4 42 0 0 0 26 94 13 15 33 12 54 0 36 92 0 95 0 40 5 96 41 75 1 0 0 0 45 3 0 17 74 14 98 51 0 37 71 52 0 73 87 0 0 0 25 16 67 32 0 21 0 68 0 0 77 0 0 0 72 47 63 11 66 69 23
71 52 0 73 87 89 0 0 25 37 67 32 93 21 64 68 59 91 0 16 0 65 0 47 63 11 66 0 0 50 61 0 0 46 58 0 27 29 18 0 79 0 86 99 6 90 24 0 81 48 0 19 0 35 9 56 0 2 38 0 88 43 0 4 42 57 20 8 26 97 13 0 0 12 54 7 36 92 10 0 0 40 5 96 41 75 1 0 44 0 45 3 0 0 74 14 98 51 85 31
0 15 33 12 54 7 36 92 10 94 49 40 5 96 0 75 0 60 0 95 0 3 28 17 74 14 98 51 85 31 0 52 70 73 0 89 100 82 25 37 67 0 93 21 64 68 59 91 77 16 0 65 72 47 63 11 0 69 23 50 61 83 55 46 58 53 27 29 18 62 79 78 86 99 6 90 0 22 81 48 80 0 0 35 9 56 39 2 0 84 0 43 34 4 42 57 20 8 26 97
79 78 0 99 0 0 24 22 81 48 80 0 30 35 0 56 39 2 38 0 0 43 34 4 0 0 20 0 26 97 13 15 33 12 54 7 36 92 10 0 49 40 0 96 41 75 1 60 44 0 45 0 28 17 0 14 0 0 85 31 71 52 70 73 87 89 100 82 25 37 67 32 0 21 0 68 0 91 77 16 76 0 0 0 63 11 66 69 23 0 61 0 0 0 0 0 27 0 18 62
67 32 93 21 64 68 59 91 0 0 76 65 0 47 63 0 66 69 23 50 61 0 55 0 0 53 27 29 18 62 79 78 86 99 0 90 24 0 81 48 80 19 30 35 9 56 0 2 38 84 88 0 0 4 42 0 0 8 26 97 0 15 0 12 54 7 36 92 10 94 49 40 5 0 41 75 0 60 44 0 0 0 0 17 0 14 98 51 0 31 71 52 0 73 0 0 100 82 0 37
0 40 5 96 41 75 1 60 44 95 45 3 28 17 74 14 0 51 85 31 0 52 70 73 87 89 100 0 25 37 0 32 93 21 64 68 59 0 77 16 76 65 72 47 0 0 66 69 23 50 61 83 0 46 58 53 0 29 0 62 79 78 86 99 6 0 0 22 0 48 80 19 30 35 9 56 0 0 38 84 88 43 34 0 42 57 0 8 0 97 13 0 33 0 54 7 36 92 10 94
80 19 30 35 0 56 39 2 38 0 88 0 34 0 0 57 20 8 26 97 13 15 33 12 0 7 0 92 10 94 49 40 5 0 0 75 1 60 44 95 45 0 28 17 74 14 98 51 85 0 0 0 70 0 87 89 100 82 0 37 0 32 0 21 64 68 59 91 77 0 0 65 72 47 63 11 66 0 23 50 61 83 0 46 58 53 0 0 0 62 79 78 86 99 6 90 24 22 81 0
76 65 72 0 63 11 66 0 0 0 61 83 55 0 58 53 0 29 0 62 0 78 0 0 6 0 24 22 81 48 80 19 30 35 9 56 39 0 38 84 0 43 34 4 0 57 20 8 26 0 13 15 33 12 54 0 36 92 10 94 49 0 5 0 41 0 1 60 44 0 0 3 28 17 0 14 98 51 85 31 71 0 0 0 87 89 0 82 25 37 0 32 0 21 64 68 59 91 77 16
45 3 28 17 74 14 0 51 85 31 0 0 70 73 87 0 100 0 25 0 0 32 0 21 64 68 59 91 0 16 0 0 0 47 63 11 66 69 0 50 0 0 55 46 0 53 27 29 18 0 0 78 86 99 6 90 24 0 81 48 80 0 30 35 9 0 39 0 38 84 0 43 34 4 42 57 20 8 26 97 13 0 33 12 54 7 36 92 10 94 0 0 5 96 41 75 1 60 44 95
88 0 34 4 42 57 20 0 26 0 13 15 33 12 54 7 36 92 10 94 0 40 5 96 41 75 1 60 44 95 45 3 28 17 74 14 98 0 0 0 71 52 70 73 0 0 100 82 25 37 67 0 93 21 64 68 59 91 77 16 76 65 0 47 63 11 66 69 0 50 0 0 55 46 58 53 0 29 18 62 79 78 0 99 0 90 24 22 81 0 80 19 30 35 0 56 0 2 0 84
61 0 55 46 58 53 27 29 18 62 79 78 86 99 6 90 0 22 81 48 0 19 30 0 9 56 39 2 0 0 88 43 34 0 42 57 20 8 0 0 13 15 0 12 54 7 36 0 0 94 0 40 5 96 0 0 1 0 44 0 45 3 28 17 74 14 98 0 85 0 71 52 0 73 87 0 100 82 25 37 67 32 93 21 0 68 59 0 77 16 76 65 72 0 63 11 0 69 23 50
52 0 73 87 0 0 82 0 0 71 32 0 21 64 0 59 91 77 16 67 0 72 47 0 11 66 0 23 0 0 83 0 0 58 53 27 29 18 62 61 78 0 99 0 90 24 0 81 48 79 19 30 35 9 0 39 0 38 84 80 43 34 4 42 0 20 8 26 0 88 0 33 12 0 7 36 92 10 0 0 0 0 96 41 75 1 0 44 95 49 3 0 17 74 14 98 51 85 31 45
15 33 12 54 0 36 92 0 94 13 40 5 96 0 75 1 60 44 95 49 3 28 17 74 14 0 51 85 31 45 52 0 73 87 89 100 82 25 0 71 32 93 21 64 0 0 91 0 16 67 65 72 47 63 0 66 69 23 0 76 83 0 46 58 53 27 29 18 62 0 78 86 99 0 0 0 22 81 48 79 19 30 0 9 56 39 2 0 84 80 43 34 4 42 0 20 8 26 97 88
78 86 99 6 90 24 22 81 48 79 19 30 35 9 56 39 2 38 0 80 0 34 4 0 57 0 8 26 97 88 15 0 12 54 7 36 92 10 94 13 40 5 96 41 75 0 60 44 95 49 3 0 0 0 14 98 51 85 0 45 52 70 0 87 89 100 82 25 37 71 32 93 0 64 68 59 91 77 16 67 0 72 0 63 11 66 0 23 0 0 83 0 0 0 53 0 29 0 0 0
32 93 21 64 68 59 0 0 16 67 0 72 47 0 11 0 69 0 0 0 0 55 46 58 0 27 29 18 0 61 0 86 99 6 90 24 22 81 48 79 19 0 35 9 56 0 2 38 84 80 43 34 4 0 0 0 8 26 97 88 15 33 0 54 0 0 92 10 94 0 40 5 96 41 0 1 60 44 95 0 3 28 17 0 14 0 51 0 31 45 52 0 73 87 89 100 82 25 37 71
40 5 0 41 0 1 60 0 0 49 3 28 17 74 0 98 0 0 0 45 52 70 73 87 89 100 82 25 37 71 32 93 21 64 68 59 0 0 0 67 0 72 47 63 0 0 0 23 0 76 83 55 46 58 0 27 0 18 0 0 78 86 99 6 90 0 22 81 0 79 0 30 35 0 0 39 2 38 84 80 43 34 4 0 57 0 0 26 0 88 15 33 12 0 7 36 92 10 94 13
19 0 35 0 0 0 2 38 0 80 43 34 4 42 57 20 8 26 97 0 15 33 12 54 7 0 92 10 94 13 40 5 96 41 0 1 60 44 95 49 0 28 17 74 0 98 51 85 31 45 52 70 73 87 89 100 0 25 0 71 0 93 0 0 0 59 91 77 16 0 0 72 47 0 11 66 69 23 50 76 83 55 46 58 53 27 29 18 62 61 78 86 99 0 90 24 0 81 48 79
65 72 47 63 11 66 0 23 50 76 83 55 46 58 0 27 29 18 0 0 78 86 99 6 90 24 22 81 48 0 19 30 35 0 56 39 0 38 84 80 0 34 4 42 57 20 8 26 97 88 0 33 12 54 7 36 92 0 94 13 40 5 96 41 75 0 60 44 95 0 3 28 17 74 0 98 51 85 31 0 52 70 73 0 89 100 0 25 37 71 32 93 21 64 68 59 91 77 0 67
3 28 17 74 0 98 51 85 0 0 52 70 0 87 0 100 82 25 37 71 32 93 21 64 68 59 91 77 16 67 0 0 47 0 11 0 69 23 50 76 83 55 46 0 53 27 0 18 0 61 78 86 99 6 90 24 22 81 48 79 19 0 35 9 56 39 2 38 84 80 43 0 0 42 57 20 8 26 97 88 0 33 0 54 0 36 92 10 0 13 40 0 96 41 0 1 0 44 95 49
0 34 4 42 57 20 0 26 97 88 15 0 12 54 7 0 92 10 94 13 40 5 0 41 75 1 0 44 0 49 3 28 17 74 14 98 0 85 0 45 52 0 73 87 89 100 82 25 0 71 32 93 21 0 0 59 0 77 16 67 65 0 0 63 11 66 69 23 0 0 0 55 46 58 53 27 29 0 62 0 0 86 99 0 0 0 0 0 0 79 19 30 0 0 56 39 2 38 84 0
83 55 46 58 53 27 0 18 62 61 78 0 99 6 90 0 22 0 48 79 19 30 35 9 56 39 2 38 84 0 43 34 4 0 57 20 0 0 97 88 15 0 12 54 0 36 0 0 94 0 0 5 96 41 75 1 60 0 95 0 0 28 0 0 0 98 51 85 31 0 0 70 73 0 89 0 0 25 0 0 0 93 21 64 68 59 91 77 16 67 65 72 0 63 0 66 69 0 0 76