10
0 38 44 0 0 0 10 22 6 0 0 84 87 0 67 94 26 0 77 33 83 75 76 9 92 79 62 100 34 60 0 48 3 35 41 5 52 58 0 11 98 0 0 19 0 95 32 2 96 65 17 64 1 24 0 61 31 27 99 28 78 0 15 0 36 0 14 47 0 30 88 13 42 0 54 56 74 12 25 72 86 7 0 0 85 0 0 53 57 0 93 37 39 51 0 0 91 45 40 0
88 13 0 73 54 0 0 0 25 72 86 7 23 29 85 0 46 53 57 80 0 0 39 51 59 50 91 0 40 0 0 0 44 8 63 70 10 22 6 90 55 84 87 69 67 94 0 43 77 0 83 75 76 9 92 79 0 100 0 0 89 48 0 35 41 5 52 58 0 11 98 82 49 19 66 95 0 2 96 65 17 0 0 0 97 61 31 27 99 28 78 18 15 16 36 20 14 47 81 30
0 0 0 19 66 95 0 0 96 0 17 64 0 0 0 61 31 27 0 28 78 18 0 16 36 20 0 47 81 30 88 0 42 73 54 56 74 0 25 72 86 7 23 29 85 0 46 53 0 80 0 37 39 51 59 0 0 45 40 68 0 38 44 8 63 70 10 22 6 90 55 84 87 0 0 0 26 43 77 0 0 75 76 9 92 79 0 100 34 60 89 48 0 35 41 0 52 58 71 11
55 84 87 0 67 0 26 0 77 0 83 75 76 0 0 79 0 100 34 60 0 48 0 35 41 0 52 0 71 11 98 82 49 19 0 0 32 0 0 0 17 0 1 24 97 61 31 0 99 28 78 18 0 16 36 20 14 0 0 30 0 0 42 73 54 56 74 12 0 72 86 7 0 29 85 21 46 53 0 80 93 37 39 51 59 50 91 45 40 0 4 38 0 8 63 0 10 0 6 0
86 7 23 29 85 21 46 53 57 0 93 37 0 0 0 50 91 45 0 68 4 0 0 8 63 0 10 0 6 90 0 84 87 69 0 94 26 43 77 33 83 75 76 9 92 79 62 0 34 60 89 48 3 35 0 5 0 58 71 11 98 0 49 19 66 95 0 2 96 0 17 64 1 24 97 61 31 27 99 0 0 18 15 16 36 20 14 47 81 0 0 0 42 73 54 56 0 12 25 72
0 64 0 24 97 61 0 27 0 28 78 18 0 16 0 20 0 47 0 30 88 0 42 73 0 56 74 12 0 72 86 0 0 0 0 21 46 0 0 80 93 37 39 0 59 0 0 45 40 0 0 0 44 8 0 70 10 22 0 90 0 84 87 69 67 94 26 43 77 33 0 75 76 0 92 0 0 100 34 60 89 48 3 35 0 0 0 58 71 11 98 82 49 19 66 95 0 0 96 0
0 75 0 0 92 79 0 0 34 0 0 48 0 0 41 5 52 58 71 0 98 82 0 19 66 95 0 2 96 65 17 0 1 24 97 61 31 27 99 28 78 0 15 16 36 20 14 47 81 30 88 13 42 73 54 56 74 12 0 72 86 7 0 0 0 21 46 53 57 0 93 37 39 51 59 50 0 0 40 68 4 38 44 0 0 0 0 22 6 90 55 84 0 0 67 0 0 0 77 33
93 37 39 51 59 0 91 45 40 0 4 38 44 8 63 70 0 22 6 0 55 84 87 69 67 94 26 43 77 0 83 75 76 9 92 79 62 100 0 60 89 48 3 35 41 5 52 0 71 11 98 82 49 19 0 95 32 2 0 65 17 64 1 0 97 0 31 0 99 28 0 0 0 16 0 20 14 0 81 0 0 13 42 73 0 56 74 12 25 72 86 7 23 0 85 21 0 53 57 80
78 0 15 0 0 20 0 47 81 30 0 0 0 0 54 0 74 0 0 72 86 0 23 0 85 0 0 0 57 0 93 37 39 51 0 50 0 45 40 0 0 38 44 8 63 0 10 22 6 90 0 84 0 69 67 94 26 43 77 33 83 0 0 9 92 79 62 0 34 60 89 48 3 35 41 5 52 58 71 11 98 82 49 19 0 95 32 2 0 65 17 64 1 24 97 61 31 27 99 28
89 48 3 35 41 5 0 58 0 11 98 0 49 19 66 95 32 2 96 65 0 64 1 24 97 61 31 27 99 28 78 0 15 16 36 0 0 47 81 30 88 0 42 73 54 56 74 12 0 72 0 7 23 29 85 21 46 0 0 80 0 37 0 51 0 0 91 45 40 0 4 38 0 0 63 0 0 22 6 90 55 84 87 69 67 0 26 43 0 33 83 0 0 9 92 0 0 0 34 60
22 6 0 4 0 44 8 0 70 10 43 0 33 55 84 0 69 67 94 26 100 34 60 0 75 0 9 0 79 62 58 71 11 0 48 3 35 0 0 52 2 96 65 0 0 49 0 66 95 32 27 99 28 17 64 1 0 97 0 31 47 81 30 78 18 15 16 0 0 14 12 25 0 0 13 42 73 54 56 74 53 0 80 0 7 0 29 85 21 0 0 40 68 93 37 0 0 59 50 91
12 25 0 88 13 42 73 54 56 74 0 0 80 0 7 0 0 85 0 0 0 40 68 0 0 39 51 0 0 91 0 0 90 4 38 44 8 0 70 10 43 0 0 55 84 0 69 67 94 26 100 34 60 83 75 76 9 92 79 62 58 0 11 0 48 0 0 41 0 52 2 96 65 98 0 49 19 66 0 32 0 0 0 17 64 1 24 97 61 31 47 0 30 0 18 15 16 36 20 14
0 96 65 98 82 49 19 66 95 32 27 99 28 0 64 1 24 0 61 31 0 81 0 0 18 0 0 36 20 14 12 0 72 88 13 42 73 54 56 74 53 0 0 0 7 0 29 85 21 0 45 0 0 93 37 39 51 0 0 0 22 6 90 4 38 44 8 63 70 10 43 77 33 55 84 87 69 67 94 0 100 34 60 83 75 76 9 0 79 0 0 71 0 89 48 3 35 0 0 52
43 77 33 0 84 87 69 0 0 26 100 0 60 83 0 76 9 92 79 62 58 71 0 0 48 3 35 0 0 52 2 96 0 0 0 49 19 0 95 32 27 99 28 17 64 0 0 97 61 31 47 81 30 78 18 15 16 36 0 0 12 25 72 88 13 0 73 54 56 74 53 0 80 0 7 0 29 85 21 46 45 40 68 93 0 39 0 59 50 91 22 0 90 4 38 44 8 63 0 10
0 57 80 86 7 23 0 85 21 46 0 40 68 93 37 0 0 59 50 91 22 0 90 4 38 44 8 63 70 0 0 0 33 55 84 87 69 67 94 0 100 34 60 0 0 76 9 92 79 0 0 71 0 89 48 3 0 41 5 0 2 96 65 98 82 49 19 66 95 32 0 99 28 17 64 0 24 97 61 31 47 81 30 0 18 15 0 36 20 14 12 25 72 88 13 42 73 54 56 74
27 99 28 0 64 1 24 97 61 31 47 0 30 78 18 0 0 0 20 14 12 0 0 88 13 42 0 54 56 74 0 57 80 86 7 23 29 0 21 46 0 40 0 93 37 39 51 59 50 0 22 6 0 4 38 44 8 63 0 10 43 77 33 0 84 87 69 0 0 26 100 0 60 0 0 0 9 92 0 0 58 71 11 89 48 3 0 41 0 0 2 96 65 98 0 0 19 0 95 32
100 34 0 83 75 0 9 92 79 0 0 71 0 89 48 3 35 41 0 52 2 96 0 0 82 49 0 66 95 32 0 99 28 17 64 1 24 97 61 31 47 81 30 78 18 15 16 36 0 14 12 25 0 88 13 42 0 54 56 74 53 57 80 0 7 23 29 85 21 46 45 0 68 93 37 39 51 59 0 91 22 0 90 4 38 0 8 63 70 0 43 77 0 55 84 0 69 67 94 0
45 0 0 93 37 39 51 59 50 0 22 6 90 4 38 44 8 63 70 10 43 77 33 55 0 87 69 67 0 26 100 34 60 83 75 76 9 92 0 0 0 71 11 89 48 0 35 41 0 0 2 96 65 98 82 0 19 0 95 0 27 99 28 17 64 0 24 97 61 31 47 81 30 78 0 0 16 36 20 14 12 0 72 0 13 42 73 54 56 74 0 0 80 86 7 23 29 0 0 46
47 81 30 78 0 15 16 36 0 0 12 25 0 88 13 0 73 54 0 74 0 57 80 86 7 23 29 85 21 46 45 0 0 93 0 0 51 59 0 91 22 6 90 4 38 44 8 0 70 10 43 77 33 55 0 87 69 0 94 26 100 34 60 0 75 0 9 92 79 0 58 71 11 89 48 3 35 0 5 52 0 96 0 98 82 0 19 0 95 0 27 99 28 0 64 0 0 97 0 31
58 0 11 89 0 3 35 41 5 52 0 96 65 98 82 49 0 66 95 32 27 99 0 17 0 1 24 97 0 0 0 81 0 78 18 15 16 36 20 14 12 25 72 88 0 42 73 54 56 74 53 57 80 86 0 23 29 85 21 46 45 40 0 0 0 39 51 0 50 0 22 6 0 4 38 44 8 63 70 0 0 77 33 55 84 0 0 67 94 26 100 34 60 83 75 76 9 92 79 62
0 70 10 0 6 90 4 38 0 0 67 94 0 0 0 0 55 84 0 69 0 79 0 0 0 60 83 75 0 9 41 0 0 58 71 11 89 0 3 35 0 95 32 2 0 0 98 0 49 19 0 61 0 0 99 0 17 64 1 24 36 20 0 47 81 30 78 18 15 0 0 56 74 0 25 72 88 13 42 73 85 21 0 53 57 80 86 7 23 29 0 50 91 45 40 68 93 37 39 51
54 0 74 12 25 72 88 13 42 73 85 21 46 53 57 0 86 0 23 29 59 50 91 45 40 68 0 37 39 51 0 0 0 22 6 0 4 38 44 8 0 94 26 43 77 33 55 84 87 69 92 79 0 100 0 60 0 0 76 9 41 5 52 58 71 11 89 48 3 0 66 0 32 2 96 65 98 82 49 0 0 0 0 27 99 28 17 64 0 24 0 0 14 47 81 30 78 18 15 16
66 95 32 2 96 65 98 0 49 19 0 61 0 27 99 28 17 64 0 0 36 20 14 0 81 30 78 0 15 16 54 56 74 12 25 72 88 13 0 0 85 21 46 53 57 80 0 7 23 29 59 50 91 45 40 68 93 37 39 51 0 70 10 22 6 90 0 38 44 8 67 0 26 43 77 33 55 84 87 69 0 0 62 100 34 60 83 75 76 9 41 0 52 58 0 11 89 48 3 35
67 94 26 43 77 0 55 84 0 69 92 79 62 100 34 0 83 75 76 9 0 0 52 58 71 11 89 48 0 35 0 95 32 2 96 65 98 82 49 19 97 61 31 27 99 0 17 0 0 24 36 20 0 47 81 0 78 18 0 16 0 56 74 12 0 0 88 13 42 73 85 21 46 53 57 80 0 0 0 29 59 50 91 45 40 68 0 37 39 51 63 70 10 0 6 90 4 0 0 8
85 21 0 0 57 0 0 7 23 29 59 50 91 45 40 0 0 37 39 51 0 70 10 22 6 0 4 38 44 8 0 94 0 43 0 33 55 0 87 0 92 79 62 100 34 60 83 75 76 0 41 5 52 58 0 11 89 48 3 35 66 95 32 2 96 65 98 0 49 19 97 61 31 27 99 0 17 64 1 24 36 20 14 0 81 0 78 0 15 16 54 0 0 12 25 0 88 13 0 73
97 61 0 27 99 28 17 0 1 0 36 0 14 47 81 30 78 18 15 16 54 56 0 12 25 0 88 13 0 73 85 21 46 53 57 80 86 7 23 29 59 0 0 45 40 0 0 37 39 51 63 70 10 22 0 90 4 38 44 0 0 94 0 43 77 33 0 84 87 69 0 0 62 0 34 0 83 75 76 0 0 5 52 58 0 11 89 0 0 35 66 0 32 2 96 0 98 82 49 19
0 79 0 100 0 60 83 75 76 9 41 5 52 58 71 11 0 0 3 35 66 95 32 2 0 65 98 0 49 19 97 61 0 0 99 0 17 64 1 24 36 20 14 47 81 0 78 0 15 16 0 56 74 12 25 72 0 0 42 73 85 0 0 0 57 80 86 7 23 0 0 50 91 45 0 68 0 37 0 51 0 70 10 22 0 90 0 38 44 8 67 94 26 43 0 33 55 84 87 69
59 50 91 45 40 68 93 37 39 51 63 70 0 0 6 90 4 0 44 0 67 94 26 43 77 33 55 84 87 69 0 0 62 100 0 60 83 75 76 0 0 0 52 58 71 0 89 48 3 35 66 95 32 2 96 0 0 82 49 0 0 61 31 27 99 28 17 64 1 24 36 20 14 47 81 30 78 18 0 0 0 56 74 0 25 72 0 0 42 73 0 21 46 53 57 80 86 0 0 0
36 20 14 47 81 30 0 18 15 16 54 56 74 0 25 72 88 13 0 73 85 0 46 53 57 80 0 7 23 29 59 0 0 45 40 68 93 0 39 51 63 0 10 0 6 90 4 38 44 8 67 94 0 0 77 33 0 84 0 69 92 79 62 0 34 60 0 0 0 9 41 5 52 58 71 11 89 48 3 0 66 95 32 0 96 65 0 82 0 0 0 0 0 27 99 28 17 64 1 0
41 5 52 0 0 11 89 48 3 35 66 0 32 2 0 65 98 82 49 0 97 61 31 27 0 0 17 0 1 24 36 0 14 47 81 30 78 18 15 16 54 56 0 12 25 0 88 0 0 73 85 21 46 0 57 80 86 7 23 29 59 50 91 45 40 68 93 37 0 51 0 70 10 22 6 90 4 38 44 8 67 94 26 43 77 33 55 84 87 69 92 79 62 100 0 60 0 0 76 9
0 44 8 63 70 10 22 6 90 4 84 87 69 67 94 0 43 77 0 55 75 0 9 92 79 0 100 34 60 0 0 0 35 0 5 52 58 71 11 89 82 49 19 0 0 32 0 96 0 98 64 1 24 0 61 31 27 0 28 17 0 15 16 36 0 0 47 0 30 78 13 42 0 54 56 74 12 0 72 88 0 23 29 85 21 46 53 57 80 86 37 0 51 59 50 91 45 40 0 93
0 0 73 54 56 74 12 25 72 88 0 0 29 85 21 46 53 57 80 86 37 0 51 59 50 91 45 0 68 93 38 44 8 63 70 0 22 0 90 4 0 0 0 67 94 26 0 77 0 0 0 0 9 0 79 62 100 0 60 83 48 3 35 0 5 52 0 71 0 89 82 0 19 66 95 32 2 96 65 0 64 0 24 97 61 31 0 99 28 0 18 15 16 36 20 14 47 81 30 0
0 49 19 0 0 32 0 96 65 98 64 1 0 97 61 31 27 0 28 17 18 15 16 0 0 0 0 81 30 0 13 42 0 54 56 74 0 25 72 88 7 0 0 85 0 46 53 57 80 0 37 39 0 0 50 91 45 40 68 93 38 0 8 0 70 0 0 6 90 4 84 87 69 67 94 26 43 0 0 55 75 76 9 92 79 0 0 34 0 83 0 0 35 41 5 0 58 71 11 0
0 0 0 67 0 26 0 0 33 0 75 76 9 0 79 62 0 34 60 83 48 3 35 41 5 52 0 71 11 89 82 49 19 66 95 32 0 96 65 0 0 1 24 0 0 31 27 99 0 17 18 15 0 36 20 0 0 81 30 78 0 42 0 0 56 74 12 25 72 88 7 0 0 85 21 46 53 57 80 0 37 0 0 0 50 91 45 40 68 0 38 44 0 63 0 10 22 6 90 0
7 23 0 0 21 46 53 57 0 0 37 39 51 0 0 91 45 40 0 93 38 44 8 63 0 10 0 0 90 0 84 0 69 67 94 26 0 77 33 55 0 76 9 92 79 62 100 0 60 83 0 3 35 41 5 0 58 0 11 0 82 49 19 66 95 32 0 96 65 0 0 1 24 97 0 0 0 99 0 0 18 15 16 36 20 14 0 81 30 78 0 42 73 54 56 74 12 0 72 88
64 0 24 97 61 31 27 99 28 17 18 15 16 0 20 14 47 81 30 0 0 42 73 54 56 74 12 25 0 88 0 23 29 85 21 46 53 57 0 0 37 39 51 59 50 91 45 0 0 93 0 44 0 63 0 10 22 6 90 4 84 0 69 67 0 0 43 77 33 55 75 76 9 92 79 62 100 34 60 83 48 3 35 41 5 52 58 71 0 89 0 0 19 66 95 32 2 0 65 98
75 76 0 0 0 62 100 34 60 0 48 3 0 41 5 52 58 71 11 0 82 49 19 66 95 32 2 96 65 0 64 1 24 0 0 31 27 99 28 17 18 15 16 36 20 14 0 81 0 0 13 42 73 54 56 74 0 0 72 0 7 23 29 85 21 0 53 0 80 86 37 39 0 59 50 0 45 0 0 93 0 0 0 0 70 10 22 6 90 0 84 87 69 0 94 26 43 0 33 55
37 39 0 0 0 91 45 0 68 93 38 44 8 63 70 0 22 6 90 4 84 87 69 67 94 26 43 77 33 55 0 76 9 92 79 0 100 34 60 83 0 3 35 41 5 0 0 71 11 89 82 49 19 66 95 0 2 96 65 0 0 0 24 97 61 31 27 99 0 17 18 15 16 36 0 14 47 81 30 78 0 0 73 54 56 0 12 25 72 88 0 0 29 0 21 46 53 0 80 86
18 0 16 0 20 0 47 0 30 78 13 0 73 0 56 74 0 25 0 88 0 0 0 0 21 46 53 0 80 86 37 39 0 59 50 0 0 40 0 0 38 44 8 63 70 10 0 6 90 4 84 87 69 67 0 26 43 77 0 55 75 76 9 92 0 0 100 0 60 0 48 3 35 41 0 52 0 71 11 89 82 49 19 0 95 0 0 0 0 98 64 1 0 0 61 0 27 99 28 17
48 3 35 41 5 52 58 71 11 89 0 49 19 66 95 32 2 96 65 98 64 0 24 97 61 31 27 0 0 17 18 0 16 36 20 0 47 81 30 78 13 42 73 54 56 74 0 0 72 88 7 23 29 85 21 46 53 57 80 86 0 39 0 0 0 0 45 40 0 0 0 44 0 63 70 10 0 6 90 4 84 87 69 67 94 26 43 77 33 0 75 76 9 0 0 62 100 34 60 83
6 0 4 38 44 8 0 70 10 22 0 0 55 0 0 69 67 0 26 43 34 60 83 0 0 9 92 79 62 100 71 11 89 0 3 35 41 0 0 58 96 0 0 0 49 19 66 95 32 2 0 0 0 0 1 0 97 61 31 27 81 30 78 18 15 0 36 20 0 0 25 72 88 13 42 0 54 56 74 12 57 80 0 0 23 29 85 0 46 53 40 68 93 37 39 51 59 0 91 45
0 72 88 13 42 73 0 0 74 12 0 0 0 7 0 29 85 0 46 53 40 68 93 37 39 51 0 50 91 45 6 90 4 38 0 8 0 70 10 22 77 33 55 84 87 69 67 94 0 43 34 60 83 75 76 0 92 0 0 100 71 0 0 48 0 35 0 5 52 58 96 0 98 0 49 19 66 0 32 0 0 0 0 64 1 24 97 61 31 27 81 30 0 18 15 16 36 20 14 47
96 65 98 82 49 19 66 95 32 0 0 28 17 0 1 24 0 61 31 27 81 30 0 18 15 16 36 20 14 47 25 0 88 13 42 0 54 56 74 12 57 80 86 7 0 0 85 0 0 53 40 68 93 37 0 0 59 50 91 45 0 90 0 38 44 8 63 0 10 22 77 0 55 84 87 69 67 0 0 43 34 0 0 75 76 9 92 79 62 100 71 11 89 48 3 0 41 5 52 58
77 33 55 84 87 69 0 94 26 0 0 0 83 75 76 9 92 0 0 100 71 11 89 48 3 35 41 5 0 58 0 65 98 0 49 0 0 0 32 2 99 28 17 64 1 24 0 61 0 27 81 0 78 18 15 0 36 20 0 0 25 72 88 13 42 0 54 56 74 12 57 80 0 0 23 29 0 0 0 0 40 68 93 37 0 51 59 0 91 45 6 90 0 0 0 0 63 70 10 22
0 0 86 7 0 29 85 21 46 53 40 68 0 37 0 0 0 50 91 0 6 0 4 38 0 8 63 70 10 0 77 33 55 84 87 69 67 94 26 43 0 60 83 75 0 0 0 79 62 100 71 0 0 48 3 0 0 5 52 58 0 65 98 82 49 19 66 95 0 2 99 28 17 64 0 0 97 61 31 27 81 30 78 0 15 0 0 20 0 0 25 72 88 0 0 0 54 56 74 12
0 28 17 64 0 24 0 0 31 27 81 0 78 0 0 16 36 20 14 47 25 72 88 0 42 0 54 56 74 12 57 80 86 7 23 29 85 0 0 53 40 0 93 37 0 51 0 50 0 45 6 0 4 38 0 8 0 0 10 0 0 33 55 0 87 69 67 94 26 0 34 0 83 75 76 0 92 79 62 100 71 11 89 0 3 35 41 5 52 58 96 65 0 82 0 19 66 95 32 2
34 60 83 0 76 9 92 79 0 0 71 0 89 0 3 35 0 0 52 58 0 65 0 0 49 0 66 95 0 2 99 0 17 64 1 0 97 61 31 27 81 30 0 18 15 16 36 0 0 47 25 72 0 0 42 73 54 56 0 0 0 80 0 7 23 29 85 21 46 53 0 68 93 37 39 51 59 50 91 0 6 0 4 38 0 8 63 70 10 22 77 0 0 84 87 69 67 0 26 43
40 0 0 37 0 51 59 50 91 45 0 90 4 38 44 8 63 70 10 22 77 0 55 84 87 69 67 94 26 43 34 0 83 0 0 0 92 79 0 100 0 0 89 48 3 35 41 5 0 58 0 65 98 0 49 19 0 0 32 2 99 0 17 64 1 24 97 61 31 27 0 0 78 0 0 16 36 20 14 0 25 72 88 13 42 73 54 56 74 12 57 80 86 7 23 29 85 21 46 53
0 30 78 18 15 16 0 20 14 0 25 0 0 0 42 0 54 56 74 0 57 0 86 0 0 0 85 21 0 53 40 0 93 0 39 51 0 50 0 0 0 90 4 38 0 0 63 70 0 22 77 33 55 0 0 69 67 94 26 43 34 60 83 75 76 0 0 79 62 100 71 11 89 48 3 0 41 5 52 58 0 0 98 82 49 19 66 95 0 2 99 0 17 0 0 24 0 0 0 27
71 11 0 0 3 35 41 5 0 58 96 0 98 82 49 19 66 95 32 0 99 28 0 64 1 24 0 61 31 27 0 30 0 18 15 16 0 20 14 0 25 72 0 13 42 0 54 56 74 12 0 0 0 7 23 0 0 21 0 53 0 68 0 0 39 51 59 50 91 45 0 90 4 38 44 8 63 0 10 22 77 33 0 84 87 69 0 94 0 0 0 60 83 75 76 9 92 79 0 100
70 0 22 6 90 4 38 44 8 63 94 0 43 77 33 0 84 0 69 67 79 62 100 0 60 0 75 76 0 92 5 0 58 71 0 89 48 3 35 0 95 32 2 96 65 98 82 0 19 66 61 31 0 99 28 0 64 1 24 97 20 0 47 0 0 78 0 0 16 0 0 74 12 25 72 0 13 42 73 54 0 46 0 0 80 0 0 0 29 85 0 91 0 40 68 93 0 39 0 59
0 74 0 25 72 0 13 42 73 0 21 46 0 57 80 86 7 0 29 85 50 91 45 40 68 0 37 39 51 59 70 10 22 6 0 4 38 0 0 63 94 26 43 77 0 55 84 0 69 0 79 0 100 34 0 83 0 76 9 92 5 0 58 71 11 89 48 3 0 41 95 32 0 96 0 98 82 49 19 66 61 0 0 99 28 17 64 1 0 0 20 14 47 81 30 0 0 15 16 0
0 32 2 96 65 0 0 49 0 66 61 31 27 99 0 0 64 1 0 97 20 0 47 0 30 0 18 15 16 36 56 0 0 25 72 88 0 42 73 0 21 46 53 57 80 0 0 23 29 85 50 0 45 40 68 0 0 39 0 59 70 10 22 6 90 4 0 44 8 63 94 26 43 77 33 55 84 87 69 67 79 62 100 34 60 83 75 76 9 92 5 52 0 71 11 89 48 3 35 0
94 26 43 0 0 55 0 87 69 0 79 62 100 34 60 83 75 76 9 92 5 0 58 71 11 89 48 0 35 41 95 0 2 0 65 98 0 49 0 0 61 31 0 99 28 0 64 0 24 97 20 14 0 81 0 78 18 15 16 0 0 74 12 25 72 88 13 42 0 54 21 46 53 0 80 0 7 23 29 85 50 91 0 40 0 93 37 0 0 59 70 10 0 6 0 4 38 44 8 0
0 46 53 0 80 0 7 23 29 85 50 91 45 40 68 93 0 0 51 59 70 0 0 0 90 4 0 44 8 0 94 26 43 77 33 55 84 87 0 67 79 62 100 34 0 0 75 76 9 0 5 0 0 71 11 89 48 3 35 41 95 0 2 96 65 98 82 49 0 66 61 31 0 99 28 17 64 1 24 0 20 14 47 81 30 0 18 15 0 36 0 74 12 25 72 88 13 42 0 54
0 0 27 99 28 0 64 1 24 97 20 14 47 81 30 78 0 15 0 36 0 74 12 25 72 88 13 42 73 54 21 46 53 57 0 86 7 23 29 85 50 91 45 0 68 0 0 39 51 59 0 0 22 6 90 4 38 44 0 0 94 26 43 77 33 55 84 0 0 0 79 62 100 34 60 83 75 76 9 92 0 52 0 71 0 89 48 3 35 41 95 0 2 0 65 98 0 49 19 66
79 62 0 0 60 83 0 76 0 92 5 52 58 0 0 89 48 3 35 41 95 0 2 96 65 98 82 49 19 0 61 0 27 0 0 0 64 1 24 97 20 14 47 0 30 0 18 15 0 36 0 0 0 0 72 88 13 42 73 54 21 46 53 0 80 0 7 0 29 85 0 0 45 40 68 0 37 39 51 59 70 10 0 0 90 4 38 44 8 0 94 26 43 0 33 0 84 87 0 67
50 91 45 40 0 93 0 0 51 0 70 10 0 6 90 4 38 44 0 63 94 0 0 0 33 55 84 87 0 67 79 62 100 34 60 83 75 76 0 92 5 0 0 71 0 89 48 3 0 0 95 32 0 0 0 98 82 49 0 66 61 0 27 99 28 17 64 0 24 97 20 0 47 0 30 0 18 0 0 36 0 0 12 25 72 88 0 0 73 54 21 46 0 57 80 86 7 0 29 85
0 14 47 81 30 78 18 15 16 0 56 74 12 0 72 88 13 42 73 54 21 0 0 57 0 86 7 23 29 85 50 91 45 40 68 93 37 0 51 59 70 10 22 0 0 4 0 0 8 0 0 0 0 0 33 0 84 0 69 67 79 0 0 34 0 83 0 76 9 92 5 0 0 71 11 89 0 3 35 0 95 32 2 96 0 98 0 0 19 66 61 31 27 0 28 0 64 1 0 97
5 0 0 0 11 89 0 3 0 41 95 32 2 96 0 98 0 49 19 66 0 31 27 99 0 17 0 1 24 97 0 14 47 81 0 78 18 0 16 36 56 0 0 25 72 88 0 42 73 54 21 46 53 57 80 86 7 23 0 85 50 0 45 40 68 0 37 39 0 59 70 0 0 6 90 4 38 44 8 63 94 26 43 0 33 55 84 87 0 67 79 0 100 34 0 83 75 76 0 92
0 8 63 0 10 0 0 90 4 38 87 69 67 0 26 43 77 33 55 0 76 9 92 79 62 100 0 60 83 0 3 35 41 5 52 58 71 0 89 48 49 19 66 95 32 2 96 65 98 82 1 24 97 61 31 27 99 0 0 64 15 16 36 0 14 47 81 30 78 0 42 0 54 0 0 12 25 72 88 13 23 0 85 21 46 53 57 80 86 0 39 0 59 50 91 45 40 0 93 37
42 73 0 56 74 12 25 72 88 0 23 29 85 0 46 53 57 80 86 0 39 0 59 0 0 45 0 68 93 37 44 8 63 70 10 22 0 90 4 38 87 69 67 94 26 43 77 33 55 0 76 0 0 79 0 100 34 0 83 75 3 0 41 5 0 0 71 0 89 48 0 19 66 0 32 2 96 65 98 82 0 0 97 61 31 27 0 28 17 64 15 16 36 20 0 47 81 30 0 18
49 19 66 95 0 0 96 0 98 82 1 24 97 0 31 0 0 28 17 64 15 0 0 20 0 47 81 30 78 18 42 0 0 56 0 0 25 0 0 0 23 29 85 21 46 53 57 80 86 7 39 51 59 50 0 45 0 68 93 0 44 8 0 0 10 22 6 90 4 38 0 69 0 94 26 43 77 33 0 0 76 9 0 79 62 100 34 60 83 75 0 0 0 0 52 0 71 11 89 48
87 0 67 94 26 0 77 33 55 0 76 9 92 79 62 100 34 60 83 0 3 35 41 5 52 0 71 11 89 48 49 19 0 95 32 2 96 65 98 82 1 24 0 0 31 27 99 28 17 64 15 16 36 20 14 47 81 30 0 0 0 73 54 56 74 12 25 72 0 13 23 29 0 21 46 0 0 80 86 0 39 51 0 0 91 45 0 68 93 37 44 8 0 70 10 22 6 90 4 0
23 0 85 0 46 53 57 0 86 7 39 51 59 50 91 45 0 0 0 37 44 8 0 0 10 22 6 90 4 38 87 69 67 94 26 0 77 33 0 84 76 0 0 79 62 100 34 60 0 75 0 35 0 5 52 58 71 11 89 0 49 0 0 95 32 2 96 65 98 82 1 24 97 61 31 27 0 28 0 64 15 0 36 20 14 47 0 30 0 0 42 73 54 56 74 12 0 72 88 13
1 0 97 0 31 27 99 28 0 64 15 16 0 20 0 0 0 30 78 18 42 73 0 56 0 12 25 72 88 0 23 29 0 21 0 53 57 80 86 7 39 51 0 0 91 45 40 68 0 37 44 8 63 70 0 22 0 90 0 0 87 69 0 0 26 43 77 33 55 84 76 9 92 79 62 100 0 60 83 75 3 35 41 0 52 58 71 11 89 0 49 19 0 95 32 0 96 65 0 0
76 0 0 79 0 100 34 60 83 75 3 35 41 5 52 58 71 11 89 48 49 0 66 95 32 2 96 0 0 82 1 0 97 0 31 27 99 0 0 64 15 16 0 20 0 47 0 30 78 18 42 73 54 56 74 0 25 72 0 13 23 0 85 21 46 53 57 0 86 7 0 51 59 50 91 45 40 68 93 37 44 0 63 70 10 22 0 0 0 38 87 0 67 94 26 0 77 0 55 84
0 51 0 50 91 45 0 68 93 37 44 0 63 70 0 0 6 90 4 38 87 69 67 94 26 43 0 33 55 0 76 9 0 79 62 100 34 60 0 0 3 35 41 5 0 58 71 11 0 0 49 0 66 95 32 2 0 65 98 82 1 0 0 61 31 0 99 28 17 64 15 16 0 20 14 47 81 0 78 0 42 73 54 0 74 12 25 72 0 13 23 29 85 21 46 53 57 80 86 7
15 0 36 20 14 47 0 30 78 0 42 73 54 0 74 12 25 72 0 13 23 29 85 0 46 53 57 0 86 7 39 0 0 0 91 45 40 0 0 37 0 8 63 70 10 0 6 0 4 38 87 69 0 94 26 43 77 33 55 84 76 9 92 79 62 0 0 0 83 75 3 35 41 5 52 58 71 11 89 48 0 19 66 0 32 2 96 65 98 82 0 0 0 61 31 27 0 0 17 64
3 35 0 5 52 58 71 0 89 48 49 0 66 0 32 0 96 0 98 0 1 0 97 0 31 27 99 28 0 0 15 16 0 20 14 47 81 0 78 18 42 73 54 0 74 12 25 72 88 13 23 29 0 21 0 53 0 0 86 7 0 51 59 50 0 0 40 68 0 37 44 0 63 0 10 22 6 90 4 38 87 0 67 94 0 43 77 33 55 84 76 9 92 0 62 100 0 0 83 75
90 4 38 44 8 0 70 10 22 6 0 55 84 87 69 0 94 26 43 77 60 83 75 0 0 0 0 62 100 0 11 89 48 3 35 0 5 52 58 71 65 98 82 49 19 0 95 32 0 0 28 0 64 0 0 97 61 0 0 0 30 78 0 15 16 0 20 14 47 81 0 0 13 42 73 0 0 74 12 0 0 86 7 23 29 85 0 46 53 57 68 93 37 39 51 59 50 91 0 40
72 88 13 42 0 54 0 74 12 25 80 86 0 23 29 85 21 0 0 57 68 0 37 39 51 59 50 91 0 40 90 4 38 44 8 63 70 10 0 0 33 55 84 0 69 0 0 26 43 77 60 83 75 76 9 92 0 62 100 34 11 89 48 3 35 0 5 52 58 71 0 98 0 49 19 66 95 32 2 96 28 17 64 1 24 97 0 31 27 0 30 0 18 15 0 36 0 14 0 81
65 98 82 49 19 66 95 32 0 96 28 17 64 1 0 97 0 31 27 99 0 0 0 0 0 36 20 14 47 0 72 88 13 0 0 0 56 74 12 25 80 86 0 23 29 85 21 46 53 57 68 93 37 39 51 59 0 91 0 0 90 4 38 44 0 63 0 0 22 6 33 0 84 87 69 0 94 26 43 0 60 83 75 76 9 0 79 62 0 0 0 0 48 3 35 41 5 52 58 71
33 0 84 0 69 67 0 26 0 77 60 0 75 0 9 92 0 0 0 0 0 89 48 3 35 41 0 0 58 71 0 0 82 49 19 0 95 0 0 96 28 0 64 1 24 97 61 31 27 99 30 78 18 15 16 36 20 14 0 81 0 88 13 0 73 54 56 74 0 25 0 86 7 23 29 0 21 46 53 57 0 0 37 39 51 59 0 0 0 40 90 4 38 44 8 63 0 0 22 6
0 86 7 23 0 85 21 46 53 57 68 93 37 39 0 59 0 0 0 0 0 4 38 44 0 63 70 0 0 6 0 55 84 0 69 67 94 26 43 77 60 83 0 76 0 92 79 0 100 0 0 89 0 3 35 41 5 52 58 71 65 98 82 49 0 66 95 32 2 96 28 17 64 1 24 97 61 31 27 99 0 78 18 15 16 0 0 14 0 81 72 88 13 0 73 54 56 74 0 25
0 17 0 1 0 97 61 31 27 99 30 0 18 0 16 36 20 14 47 81 72 88 0 42 73 54 56 74 12 25 80 86 7 0 29 85 21 46 53 57 68 93 0 39 51 0 50 91 0 40 90 4 0 0 8 63 70 10 0 6 0 0 84 87 69 67 94 0 43 77 60 83 0 76 9 0 79 62 100 34 0 0 0 3 35 41 0 0 58 71 0 0 82 49 19 0 95 0 2 96
60 83 0 76 9 92 79 62 100 34 0 89 48 3 0 41 5 0 58 71 65 98 82 49 0 66 95 0 2 0 28 0 64 1 24 0 61 0 0 99 30 78 18 15 16 36 20 14 47 0 72 88 13 42 0 54 0 74 12 25 0 86 7 23 0 85 21 46 53 57 68 0 37 39 51 59 50 91 0 40 90 4 38 0 8 63 70 10 0 6 33 55 0 0 0 67 94 0 43 77
0 93 0 39 51 0 0 91 45 40 90 4 0 44 8 63 70 10 22 6 33 55 84 87 69 67 94 0 43 0 60 83 0 0 9 0 79 0 100 34 11 0 48 3 35 0 5 52 58 71 65 0 82 49 19 66 0 32 2 0 28 17 64 1 0 97 61 31 27 99 0 0 18 15 0 0 20 14 47 81 72 0 0 42 73 54 56 74 12 0 80 86 7 23 29 0 21 46 53 0
30 78 18 15 0 36 0 14 47 0 72 88 0 0 73 54 0 74 12 25 80 0 0 23 29 0 21 46 53 57 68 93 37 39 0 59 0 0 45 40 90 4 0 44 0 63 0 0 22 0 33 55 84 0 69 67 94 0 43 0 60 83 75 76 0 92 79 0 0 34 0 89 0 3 0 41 5 0 58 71 0 0 82 49 19 0 95 32 0 0 0 0 64 1 24 0 61 31 27 99
11 89 48 3 35 41 5 52 58 71 65 98 0 49 19 66 0 32 2 96 28 17 64 1 0 97 61 31 0 99 30 0 18 15 0 0 20 14 0 81 72 88 13 42 73 54 0 74 12 25 80 0 7 23 29 0 21 46 53 0 68 93 37 39 51 59 50 91 45 40 90 4 38 44 8 63 70 0 0 6 33 55 0 87 69 67 94 26 43 77 0 83 75 0 9 92 79 62 100 34
10 0 6 90 4 38 44 8 63 0 26 43 77 0 55 0 87 69 0 94 62 100 34 0 0 75 76 0 0 79 52 58 71 11 0 48 3 35 41 5 32 0 0 65 98 82 49 19 66 95 0 27 0 0 17 64 0 24 97 61 0 47 0 30 78 18 15 16 36 20 74 12 25 72 0 13 42 73 54 56 46 53 57 0 86 7 0 29 85 21 91 45 40 68 0 37 39 51 59 50
0 12 0 72 88 13 42 73 54 56 46 53 57 80 86 0 0 0 85 21 91 45 40 0 93 37 39 0 0 50 0 22 6 90 4 38 0 0 63 70 0 43 0 33 55 84 0 0 0 94 62 0 34 60 83 75 76 9 92 79 52 58 71 11 89 0 3 35 41 5 32 2 96 65 98 0 49 19 66 0 31 27 0 28 17 64 1 0 97 61 14 0 0 30 78 0 15 0 36 0
32 2 0 0 0 82 0 0 66 95 31 27 99 28 0 0 1 24 97 61 0 47 0 30 78 18 0 16 36 0 74 12 0 72 0 13 42 73 54 0 46 53 0 0 86 7 0 0 0 21 91 45 40 0 93 37 0 0 59 50 10 22 6 90 4 38 44 0 63 70 26 43 77 33 55 84 0 0 67 0 0 100 34 60 0 75 0 9 92 79 52 0 71 11 0 48 3 35 0 5
26 43 77 33 55 84 0 69 67 94 62 100 34 0 83 75 76 9 92 79 0 58 71 0 89 48 0 35 41 5 32 0 96 0 98 82 49 0 66 0 0 0 0 28 17 0 0 24 0 61 14 0 0 30 0 18 15 16 36 20 0 0 25 72 88 13 0 73 54 56 46 53 57 0 86 7 0 29 0 0 91 45 40 68 93 37 39 0 0 50 10 0 6 90 0 38 44 8 0 70
46 0 0 80 86 7 23 0 0 0 91 45 40 68 0 37 39 51 59 0 10 22 6 90 0 0 44 8 0 70 26 43 0 33 55 84 87 69 67 94 0 100 34 60 0 75 76 9 92 79 52 58 71 11 89 48 3 35 41 5 32 0 96 65 98 82 49 19 66 95 31 0 0 28 17 64 1 0 97 0 14 47 0 0 78 0 0 16 36 20 74 12 0 72 0 13 0 0 0 0
31 0 0 28 0 64 1 24 0 61 14 0 81 30 78 18 15 16 36 20 0 12 25 72 0 13 42 73 54 56 46 53 57 80 86 7 0 29 85 0 91 45 40 0 93 37 39 51 59 50 10 22 0 90 4 0 44 8 63 70 0 0 0 33 0 84 87 69 0 94 62 100 34 60 83 75 76 0 0 79 52 0 0 11 0 48 3 0 41 5 32 0 96 65 0 82 0 19 66 95
62 100 34 0 83 0 0 0 92 79 0 58 0 0 89 0 3 0 41 5 32 2 0 0 0 82 0 0 66 95 31 27 0 28 17 0 1 24 97 61 0 47 81 30 78 18 0 16 36 20 0 0 0 72 88 13 42 73 54 0 46 53 57 80 86 7 23 29 85 21 91 0 0 68 93 37 0 51 59 50 10 0 6 90 4 38 0 8 63 70 0 0 77 33 55 84 87 69 67 94
91 45 40 68 0 37 39 51 0 50 10 22 6 90 4 38 0 8 63 0 0 0 77 0 55 84 0 0 67 94 62 100 0 60 83 75 76 9 92 79 52 0 71 11 89 0 0 35 41 5 32 2 0 65 0 82 49 19 0 95 31 27 0 0 0 64 1 0 97 61 14 47 81 30 78 18 15 16 36 20 74 12 25 72 88 0 42 73 54 56 0 0 57 0 86 0 23 29 85 21
0 0 0 0 78 18 15 16 36 0 74 0 0 72 0 13 42 73 54 56 46 0 57 80 86 7 0 29 85 21 91 45 40 68 93 37 0 51 0 50 10 22 6 90 4 0 0 8 63 70 0 43 77 33 55 84 87 0 67 0 62 0 34 60 0 75 76 9 92 79 52 0 71 11 89 0 3 35 0 5 32 0 96 65 0 0 49 19 0 95 31 27 99 0 17 0 1 24 97 0
52 58 71 11 0 48 3 35 0 5 32 2 96 0 0 0 49 19 0 95 31 0 99 0 17 64 0 24 0 0 0 47 0 0 78 18 15 0 36 20 74 12 0 72 88 13 42 0 0 56 46 53 57 80 86 7 23 0 0 21 0 45 40 0 93 37 39 51 59 50 10 22 6 90 4 0 44 8 0 70 26 43 77 33 55 84 87 69 0 94 62 100 0 60 83 75 0 9 92 79
0 0 70 10 22 6 90 0 38 44 0 0 0 26 43 0 33 55 84 87 9 92 79 0 100 0 0 83 0 76 35 41 0 52 58 71 11 89 48 3 19 0 95 32 2 96 0 0 82 49 24 0 0 31 27 99 28 0 0 1 16 36 20 14 47 81 0 78 0 0 0 54 0 0 12 25 0 88 13 42 29 85 0 46 53 57 0 86 7 23 51 59 50 91 0 0 68 93 37 0
73 0 0 74 12 25 72 0 13 42 29 85 21 46 53 0 80 0 7 0 51 59 0 91 45 40 68 0 37 39 8 63 0 10 0 6 90 4 38 44 69 67 0 26 43 0 33 55 84 87 9 92 79 62 0 34 60 83 0 76 0 41 0 52 58 71 11 89 48 3 19 0 95 32 2 96 0 0 82 0 24 97 0 31 27 99 0 17 64 1 16 0 0 0 0 81 30 0 18 15
19 66 0 0 2 0 0 98 82 49 24 0 0 31 0 0 28 0 64 1 16 36 20 14 47 81 30 78 18 15 73 54 56 0 12 0 72 0 13 0 29 85 21 0 53 0 0 0 7 0 51 59 0 91 0 40 68 0 37 0 8 63 70 10 22 6 90 4 38 44 69 0 0 0 0 0 33 55 84 87 9 92 79 62 100 34 60 83 75 0 0 41 0 0 0 71 11 0 0 0
69 67 94 26 0 77 33 55 84 87 9 0 79 0 0 34 60 83 75 76 35 41 5 52 58 71 11 89 48 3 0 0 95 32 2 96 65 98 82 49 24 97 61 31 0 0 28 17 64 0 16 36 20 0 0 81 30 78 18 15 0 54 56 74 12 0 72 88 13 0 29 85 21 46 53 57 80 86 7 0 0 59 50 0 0 40 68 0 0 39 8 63 70 10 22 6 90 4 38 44
29 85 21 46 53 57 80 86 0 23 0 59 50 91 45 40 0 93 37 39 8 63 0 10 0 0 90 4 38 44 69 0 94 26 0 77 0 0 84 87 0 0 0 62 0 34 60 83 75 0 0 41 5 52 58 0 11 89 48 3 0 0 95 32 0 0 65 0 0 49 24 97 61 31 27 0 28 17 64 1 16 36 20 14 47 0 30 0 18 15 73 54 56 74 0 25 72 88 0 42
0 97 61 0 27 0 28 17 0 1 16 36 20 0 47 81 0 0 18 0 73 54 56 74 0 25 72 0 13 42 29 85 21 0 53 57 80 0 7 23 51 59 50 91 0 0 68 93 0 0 8 0 70 10 22 6 90 4 0 44 69 67 0 26 43 77 33 0 84 0 0 92 0 62 0 34 60 83 75 76 35 41 5 0 58 0 11 89 48 0 19 66 95 32 2 96 0 98 0 0
9 0 0 62 0 0 60 83 75 76 35 41 5 0 0 71 11 89 0 0 19 0 0 32 0 96 65 0 82 49 24 97 61 31 27 99 28 17 0 0 16 0 20 0 47 81 30 78 18 15 73 54 56 74 0 25 72 88 0 42 0 0 0 46 53 0 80 86 7 23 51 59 50 0 45 40 68 93 37 39 8 63 70 10 22 6 0 4 0 44 69 67 94 0 0 77 33 0 84 0
51 0 50 91 45 40 68 93 0 0 8 63 70 10 22 6 0 4 0 44 69 67 94 26 43 77 33 55 84 87 9 92 79 62 0 34 60 83 0 0 35 41 0 0 58 0 11 0 48 3 19 66 95 0 2 96 65 98 82 0 0 97 0 0 0 99 28 0 0 1 16 36 20 14 0 81 0 78 0 15 73 54 56 74 0 25 72 88 13 42 29 85 0 46 53 0 80 86 7 23
16 36 20 0 0 0 30 78 18 15 73 54 0 74 0 25 72 88 13 0 29 85 21 0 0 0 80 86 7 0 51 0 0 91 0 0 68 0 37 0 0 63 0 10 22 6 90 4 38 44 69 67 94 26 43 77 0 55 84 87 9 92 79 62 100 0 60 0 75 76 0 41 0 52 0 71 11 89 0 3 0 66 0 32 2 0 65 0 82 49 24 97 61 31 0 0 28 0 0 0
35 41 5 0 58 0 11 89 48 3 19 66 95 0 2 96 0 98 0 49 24 0 61 31 27 99 0 17 64 1 0 0 20 14 47 81 30 78 0 15 73 54 0 74 12 25 72 0 13 0 0 85 21 46 53 57 80 86 7 0 0 59 50 91 0 40 68 93 37 0 8 63 0 0 22 6 0 0 0 44 0 0 94 26 43 77 33 55 84 0 0 92 79 62 100 34 60 83 75 76