10
2 65 0 51 15 78 0 95 29 0 0 84 69 68 52 58 9 0 80 63 39 0 3 70 33 31 72 0 0 44 30 20 57 19 74 7 100 46 92 56 73 1 21 89 0 0 17 0 0 59 0 53 54 6 35 48 64 99 85 75 82 40 67 38 45 0 62 42 0 12 83 28 13 86 16 26 0 25 50 60 27 24 71 11 4 66 18 0 88 91 37 0 61 0 81 0 79 0 8 43
0 20 57 19 74 0 100 46 92 56 73 1 21 0 0 41 17 32 90 0 93 0 54 0 35 48 64 99 85 75 0 40 67 0 0 23 62 42 0 12 83 28 13 86 16 26 94 25 0 60 27 0 71 11 4 66 18 49 88 0 37 10 61 34 81 0 79 96 8 43 0 0 0 51 15 78 97 95 29 47 0 84 0 68 52 58 9 14 80 0 0 5 3 70 33 0 72 0 55 0
0 40 67 38 45 23 62 0 0 12 83 0 13 0 0 0 94 0 50 60 27 0 71 11 4 66 18 49 88 91 37 10 61 34 81 76 0 96 8 43 2 65 22 51 15 78 97 95 29 0 77 84 69 68 52 0 9 14 80 63 39 0 0 70 0 0 72 36 0 44 30 0 57 19 0 0 100 46 92 56 0 0 21 89 0 41 17 32 90 59 93 0 0 6 35 48 64 99 85 0
37 10 61 34 81 0 0 0 0 43 2 0 22 0 0 0 97 95 0 47 77 84 69 68 0 58 0 0 80 63 39 5 3 70 33 0 72 36 0 0 30 20 57 19 74 7 100 46 92 0 73 1 21 89 98 41 17 32 90 0 93 53 54 6 35 48 0 99 85 75 82 40 67 38 45 23 62 0 87 12 83 0 13 0 0 26 94 25 0 60 27 24 0 0 4 66 18 0 88 91
39 5 0 70 33 0 72 36 0 44 30 20 57 19 74 7 0 46 92 56 73 1 0 89 98 41 0 0 90 59 93 53 0 6 0 48 64 99 85 75 82 40 0 38 45 0 0 42 87 12 0 28 0 0 16 26 94 25 50 60 27 0 71 11 4 0 0 49 0 91 37 10 61 34 81 0 79 0 8 0 0 65 22 0 15 78 97 95 29 47 77 84 69 68 0 58 0 14 0 63
0 53 54 6 35 48 0 0 0 0 0 40 0 38 0 23 62 42 87 12 83 28 13 0 16 26 94 0 50 60 27 0 0 11 4 66 18 49 0 91 37 10 61 34 81 76 79 96 0 43 2 65 0 0 15 78 97 0 29 0 0 84 69 68 52 0 9 14 80 63 0 5 3 70 33 31 72 0 55 44 30 20 0 19 74 7 0 46 92 56 73 1 21 0 98 0 17 32 0 0
0 24 71 11 4 66 18 49 88 91 0 10 0 34 0 76 79 0 8 43 0 0 22 51 15 78 97 0 29 47 77 84 69 68 52 0 9 14 80 63 39 5 3 70 33 31 72 0 55 44 30 0 0 19 74 7 0 46 92 56 73 1 21 0 0 0 17 0 0 0 93 53 54 6 35 48 64 0 0 75 0 40 67 38 0 23 62 42 87 0 83 28 13 86 0 26 94 25 50 60
77 84 69 0 52 58 0 14 0 63 39 5 0 70 33 0 0 36 55 0 30 20 57 19 74 7 100 46 92 0 73 1 0 89 98 0 17 0 90 59 93 53 54 0 35 0 0 99 85 75 82 0 67 38 45 23 0 42 87 0 83 0 13 86 0 26 94 25 50 60 27 0 0 11 0 66 0 49 88 0 37 10 61 34 0 76 79 96 8 0 2 0 22 51 15 0 97 95 29 47
73 1 0 89 98 41 0 0 0 59 93 53 54 6 35 48 64 99 85 75 0 40 67 38 45 23 62 42 87 12 83 28 13 86 0 26 0 25 0 60 0 24 71 11 4 66 18 49 88 0 0 0 61 34 81 0 79 96 8 43 0 65 22 0 15 78 97 0 0 0 0 84 69 68 52 0 9 0 80 63 0 5 0 70 0 31 72 36 55 44 0 20 0 19 0 7 100 46 92 56
83 0 0 86 16 0 94 0 50 60 27 24 71 11 4 0 18 49 88 0 0 10 0 34 81 76 79 96 8 0 0 65 0 0 15 78 97 95 29 0 77 84 69 68 52 58 9 14 80 63 39 5 3 70 33 31 0 36 55 44 30 0 57 19 74 7 100 46 92 56 73 0 0 0 0 0 0 32 90 59 0 53 0 6 35 0 64 99 85 75 82 0 67 38 45 0 0 0 87 12
95 29 0 2 65 22 51 0 78 97 0 80 0 77 84 69 68 0 58 9 36 55 44 0 5 3 0 33 0 72 0 92 0 30 20 57 19 74 7 0 32 90 0 73 1 21 0 98 41 0 99 85 75 93 53 54 6 35 48 0 42 87 12 82 40 67 38 45 0 62 25 50 60 83 0 0 0 0 26 94 49 0 0 0 24 71 11 4 66 0 96 8 43 37 10 61 0 81 76 79
46 92 56 30 20 0 0 0 7 100 32 90 59 0 1 21 89 98 41 17 99 85 75 0 53 54 6 35 48 64 42 0 12 82 40 67 0 0 23 0 0 0 0 0 28 13 86 0 26 0 49 88 91 0 24 71 11 4 66 18 96 8 43 37 10 61 34 81 0 79 0 0 47 2 65 22 0 15 78 97 14 80 63 77 84 69 0 52 0 9 0 55 44 39 5 3 70 33 31 72
42 87 12 82 40 67 38 0 23 62 25 50 0 0 28 13 86 0 0 94 49 88 91 0 24 0 0 4 66 18 0 8 43 37 10 61 34 81 76 79 95 29 47 2 0 22 51 15 78 0 14 80 63 0 84 69 68 52 58 9 0 55 44 39 5 3 70 0 31 72 46 92 56 30 20 0 0 74 7 100 0 90 59 0 0 21 89 98 0 0 99 0 75 0 53 54 6 35 0 64
0 0 43 37 0 61 0 81 0 79 95 0 0 0 65 22 0 0 78 97 14 80 0 77 84 0 68 52 0 9 36 0 44 39 5 3 70 33 31 72 46 92 56 30 0 0 19 74 7 100 32 90 59 73 1 21 89 98 0 17 99 0 75 93 53 54 6 35 48 0 42 87 12 0 40 67 0 45 23 62 25 50 60 0 28 13 0 0 0 94 49 88 91 27 24 71 0 0 66 18
36 0 44 39 5 3 70 0 31 72 46 92 56 0 20 57 0 74 0 100 32 0 59 0 1 21 0 98 41 17 99 85 0 93 0 0 6 35 48 64 42 0 12 82 40 67 38 45 0 62 0 50 0 83 28 13 86 16 26 94 49 88 91 27 24 0 11 4 66 18 96 8 43 0 10 61 34 81 0 79 95 0 47 2 65 22 51 15 78 97 14 80 0 0 0 69 68 0 0 0
99 85 75 93 53 0 6 35 48 0 42 87 0 82 40 67 38 45 23 62 25 50 60 83 28 13 86 0 26 94 49 0 91 27 24 71 11 4 66 0 0 8 43 37 10 61 34 81 76 0 95 29 0 2 65 22 51 0 0 97 0 80 63 77 84 69 0 52 0 9 36 55 44 39 5 3 70 33 31 72 0 92 56 30 20 57 0 0 7 100 32 90 59 73 1 21 89 98 0 17
49 0 91 0 24 71 0 4 66 0 96 8 0 0 0 61 34 81 0 79 0 0 47 0 65 0 0 15 78 0 14 80 63 77 0 69 68 0 58 9 36 55 44 39 5 3 70 33 31 0 0 92 56 30 0 57 19 74 0 0 32 0 59 73 1 0 89 0 0 0 0 85 75 93 0 54 6 35 48 64 42 87 12 82 40 0 38 45 23 62 25 50 60 83 28 13 86 16 0 94
14 80 63 77 84 0 68 52 58 0 36 0 44 39 0 0 0 33 31 72 46 0 0 30 0 57 19 74 7 0 0 90 59 73 1 21 89 98 0 17 0 0 75 93 53 54 6 35 48 64 42 87 12 0 40 67 0 45 23 62 25 0 60 0 28 0 0 16 26 94 0 0 91 27 0 71 11 4 66 18 96 8 0 37 10 61 34 81 76 79 95 29 0 2 65 22 0 15 78 97
32 90 0 0 1 21 89 98 41 17 99 0 75 93 53 0 6 35 48 64 42 87 12 82 40 67 38 45 23 0 0 50 0 83 28 13 86 16 0 0 49 88 91 0 24 71 11 4 66 0 96 8 43 0 0 61 0 0 0 79 95 29 47 2 0 0 51 15 0 97 14 80 0 77 84 69 68 0 0 9 36 55 44 0 5 0 70 33 0 72 0 0 56 0 20 0 19 74 7 0
25 50 60 83 28 0 0 16 26 94 49 88 91 0 24 71 11 4 66 0 96 8 0 37 0 61 34 81 76 79 95 29 47 0 65 22 51 15 78 97 14 80 63 77 84 69 68 52 58 9 36 0 44 39 0 3 0 33 31 72 0 92 56 0 20 57 19 0 7 100 32 90 0 73 1 0 0 0 41 17 99 85 75 93 53 54 6 0 0 64 42 87 12 0 40 67 38 45 23 62
15 0 97 95 29 47 0 0 22 51 0 58 9 14 80 63 77 0 69 68 0 31 0 36 55 44 39 5 3 70 0 0 100 46 0 56 0 20 57 0 98 41 0 32 90 59 73 1 21 89 0 48 0 0 85 75 93 0 54 6 45 23 0 42 87 12 0 40 0 0 0 0 94 25 50 60 83 28 0 86 4 66 18 0 0 91 0 24 0 0 81 0 79 96 8 43 37 0 61 34
74 7 100 46 92 56 0 20 57 19 98 41 17 32 90 59 0 0 21 89 35 48 64 99 0 75 93 0 54 6 45 23 62 42 0 12 82 0 0 0 16 0 94 25 50 0 83 28 13 86 0 66 18 0 0 0 27 24 71 11 81 76 79 96 8 43 0 0 0 34 15 78 97 95 29 47 2 0 22 51 52 0 9 14 80 63 77 84 69 0 0 31 0 36 55 44 0 5 3 70
45 23 62 42 87 12 82 40 67 38 16 26 0 25 0 60 83 0 13 86 0 66 0 49 88 0 27 24 71 11 81 0 79 96 8 43 0 10 61 34 15 78 0 0 29 47 0 65 22 51 52 58 9 14 0 63 77 0 69 0 33 31 72 36 0 44 0 5 0 70 74 0 100 46 0 56 30 0 57 19 98 41 17 32 0 59 73 0 21 89 35 48 64 99 85 75 0 53 0 6
81 76 79 96 8 43 0 10 61 34 15 78 0 95 29 47 0 65 22 51 52 58 9 14 80 63 77 0 69 68 0 31 72 36 55 0 39 5 3 70 0 7 0 46 0 0 30 0 57 19 0 41 17 32 90 59 73 0 0 89 0 48 64 99 0 75 93 53 54 6 0 0 0 0 87 12 82 40 67 38 16 26 94 0 0 60 83 28 13 86 4 66 18 49 88 91 0 0 71 11
0 31 72 36 55 44 0 5 3 0 74 0 100 46 92 56 30 20 57 0 98 41 17 32 90 59 73 1 21 89 0 48 64 99 85 75 0 53 0 0 0 0 62 0 87 0 0 40 0 38 16 0 94 0 50 0 0 28 13 0 4 66 18 49 88 0 27 24 0 11 81 0 79 0 8 43 37 10 61 34 0 78 97 95 0 47 2 0 22 51 0 58 0 14 0 0 0 84 69 68
35 48 64 99 0 75 0 53 54 6 45 0 62 42 87 0 0 40 0 38 16 26 94 0 50 60 83 28 13 86 4 66 0 49 88 91 27 24 0 11 0 76 79 0 8 0 37 0 0 34 15 78 97 95 29 47 2 65 0 0 52 0 9 0 80 0 0 0 69 0 33 0 0 36 0 44 39 5 3 70 74 7 100 46 92 56 0 0 57 0 98 41 0 32 90 59 73 1 21 89
4 66 18 0 0 91 27 24 71 11 81 76 79 96 8 43 0 10 61 34 0 78 0 95 0 47 2 65 22 51 0 58 0 14 80 63 0 0 69 68 0 0 0 0 0 44 39 5 0 70 74 7 0 46 92 0 30 20 0 19 98 41 17 32 90 59 73 1 21 0 0 48 0 99 85 75 93 53 54 6 45 23 62 42 0 0 82 40 67 0 16 0 0 0 0 60 83 28 13 86
52 0 9 14 80 63 77 84 0 0 33 0 72 0 55 44 39 0 3 70 74 7 0 46 92 56 30 20 57 19 98 0 17 32 0 59 73 1 21 89 0 48 64 0 85 75 93 53 54 6 45 23 62 42 0 0 0 40 67 38 16 26 94 0 50 0 83 28 13 0 4 66 0 49 0 91 27 24 71 11 81 76 0 0 8 43 37 10 61 34 15 78 0 95 29 47 2 65 22 51
98 41 17 32 90 0 73 1 0 89 35 48 0 99 0 0 93 0 54 6 45 23 62 42 0 12 82 40 67 38 0 26 94 25 50 60 83 28 13 86 4 66 0 49 0 0 27 24 71 0 81 76 0 0 0 0 37 0 0 34 0 78 97 0 29 47 0 0 22 51 52 58 9 14 80 0 0 84 0 68 0 31 72 0 55 44 0 5 3 70 74 7 100 0 0 0 0 20 57 19
16 26 0 25 50 60 0 0 0 0 4 66 18 49 0 0 27 24 71 11 81 0 0 96 0 43 37 0 61 0 0 78 97 95 29 47 2 65 22 51 52 58 0 14 80 63 0 84 0 68 33 0 72 36 0 44 39 0 3 70 74 0 100 0 92 56 0 0 57 19 98 41 17 32 90 59 73 1 21 0 35 0 64 99 85 0 93 0 54 6 0 23 62 42 0 0 82 40 0 38
0 0 51 15 78 97 95 29 47 2 0 69 0 52 58 0 14 0 0 77 5 3 70 33 31 72 0 0 44 39 0 57 19 74 7 100 0 92 56 30 1 21 0 0 41 17 32 0 0 73 53 0 6 35 48 64 99 85 75 93 0 67 38 45 0 62 42 87 12 82 0 0 86 16 26 94 25 50 60 0 24 0 0 4 66 18 0 88 91 27 10 61 34 81 76 79 96 0 0 0
20 0 19 74 7 100 46 92 56 30 1 21 89 98 0 17 32 90 59 73 53 0 6 35 48 0 99 85 0 93 40 67 38 45 23 62 42 87 0 0 0 0 86 0 26 94 25 50 60 83 24 71 11 0 0 18 49 88 91 27 10 61 0 0 76 79 96 8 43 37 65 0 51 0 0 97 95 29 47 0 0 69 0 52 0 9 0 0 0 77 5 3 70 33 31 0 36 55 0 0
40 0 0 45 0 0 0 87 0 0 28 13 86 16 26 0 25 0 60 83 0 71 0 4 66 0 49 88 0 27 10 0 34 81 76 79 96 8 0 37 65 22 51 0 78 97 0 29 47 2 0 69 68 52 58 9 14 80 63 0 5 3 70 33 31 72 36 55 44 39 20 0 19 0 7 0 46 0 56 30 0 21 0 0 0 17 32 90 59 0 53 54 0 0 48 0 0 85 75 0
0 61 0 81 76 0 96 0 43 37 0 22 51 0 78 97 0 0 47 2 0 69 68 52 58 9 14 0 63 77 5 3 0 33 0 0 36 55 44 0 0 57 19 74 7 100 0 92 56 30 1 21 89 0 41 0 32 0 59 0 53 54 6 0 48 64 99 85 75 93 0 67 0 45 23 62 42 87 12 82 0 13 86 16 26 0 25 50 60 83 24 0 11 0 0 0 49 88 91 27
0 0 0 33 31 72 36 55 0 39 0 57 19 74 7 100 46 92 0 30 1 0 89 98 0 17 32 90 59 0 53 0 0 35 48 64 99 85 0 93 40 67 0 45 23 62 42 87 0 82 28 13 86 16 26 0 25 0 60 83 24 71 11 0 66 18 49 88 91 27 10 61 34 81 76 0 96 8 43 0 65 0 51 15 0 0 95 29 47 2 84 69 68 52 58 9 0 80 63 77
53 54 6 35 0 64 99 85 75 93 40 67 38 0 0 62 0 87 12 0 28 13 86 0 26 94 25 0 60 83 24 71 11 4 0 18 49 88 91 27 10 61 34 81 76 79 96 8 0 0 65 22 0 15 0 97 95 29 47 0 0 69 0 52 58 9 0 80 0 77 0 3 70 0 31 0 0 0 44 39 20 0 0 74 7 100 46 92 0 30 1 21 89 0 41 0 32 90 59 73
0 71 11 0 66 18 49 88 91 0 10 61 34 81 76 0 96 8 0 0 65 0 51 15 78 97 95 29 0 0 84 69 68 52 58 0 14 80 63 77 5 0 0 33 31 72 0 55 44 0 20 0 19 74 0 100 46 92 56 0 1 0 0 0 41 17 0 0 59 0 53 54 6 0 48 0 0 85 75 0 40 67 38 45 23 62 42 87 12 82 28 13 86 16 26 94 25 50 60 83
84 69 68 52 58 9 14 80 63 77 0 3 0 0 31 72 36 0 44 39 20 57 19 74 7 100 46 92 0 30 1 21 89 98 41 0 32 90 59 73 0 54 6 35 48 0 0 0 75 0 40 67 38 0 23 62 0 87 0 82 28 13 86 0 0 94 25 50 0 0 0 0 11 0 0 18 49 0 91 0 0 0 0 81 76 79 0 0 43 37 65 22 51 15 78 97 95 29 0 2
0 21 89 98 0 17 32 90 59 73 53 54 6 35 48 0 99 0 75 93 40 67 38 0 23 0 0 87 12 0 28 0 86 0 0 94 25 50 0 83 24 71 11 4 66 18 49 88 91 27 10 0 34 81 76 79 96 8 43 37 0 22 0 0 78 0 95 0 47 2 0 69 68 0 58 0 14 0 63 0 5 3 70 0 31 72 36 55 44 39 20 0 19 0 7 100 46 0 56 30
28 13 0 0 26 94 25 50 0 0 24 0 11 0 66 18 49 88 0 27 0 0 34 0 76 79 0 0 0 0 0 22 0 15 78 0 95 29 47 2 84 69 68 0 0 0 14 80 63 77 0 0 70 33 31 72 36 55 44 0 0 0 0 74 7 0 46 0 56 30 0 21 89 98 41 17 0 90 59 73 53 0 0 35 48 0 0 85 75 0 40 67 38 0 23 62 42 87 12 82
29 47 2 65 22 51 15 78 97 95 80 63 0 84 69 0 52 0 9 0 55 44 0 5 3 70 33 31 0 36 92 56 30 20 0 19 74 7 0 0 90 59 0 0 21 89 98 41 17 32 0 0 93 53 54 6 35 48 64 0 0 12 82 40 67 38 45 23 0 0 50 60 83 28 13 86 16 26 94 25 88 91 27 24 71 0 0 66 18 0 0 43 37 0 61 34 81 76 0 96
0 56 0 20 57 19 74 7 0 46 90 0 73 1 21 89 0 41 17 0 85 75 93 53 0 6 0 0 64 99 0 12 82 0 0 0 45 0 0 0 50 60 83 28 0 86 0 0 94 25 0 91 27 24 71 11 4 66 18 49 8 43 37 0 61 0 81 0 0 96 29 0 2 0 0 51 0 78 97 95 80 63 77 84 0 68 0 0 0 14 0 44 39 0 3 70 33 31 0 36
0 12 82 40 67 38 45 0 0 42 50 60 83 0 13 0 16 26 94 25 88 91 0 24 71 0 4 66 18 49 8 43 37 10 61 34 81 76 79 96 0 47 2 65 0 51 15 78 0 95 0 0 77 0 69 68 52 0 9 14 55 0 39 5 0 70 33 31 72 36 92 56 30 20 57 19 74 7 100 46 90 59 73 1 21 89 98 41 0 0 85 0 0 53 54 6 35 48 64 99
8 0 0 10 0 34 0 76 79 0 29 47 2 65 22 51 0 78 0 95 80 63 0 84 69 68 52 0 9 0 55 44 39 5 3 70 33 0 72 36 0 0 30 20 0 19 74 0 100 46 90 59 0 1 0 89 98 41 0 32 0 0 0 53 54 6 0 48 64 99 87 12 82 40 67 38 0 23 0 42 0 0 83 28 0 86 16 0 94 0 88 91 27 24 71 11 0 66 18 49
55 44 39 0 0 70 33 31 72 0 92 56 30 20 57 19 74 7 100 0 90 59 73 1 0 89 98 0 0 32 85 0 93 53 54 6 0 48 0 99 87 12 82 40 0 38 45 23 0 42 50 60 83 28 13 86 16 26 0 0 88 0 27 24 71 11 4 0 0 49 8 43 37 0 61 34 0 76 79 96 29 47 2 65 22 0 15 0 97 95 0 0 77 0 69 68 0 58 9 14
85 75 0 0 54 6 0 0 64 99 87 12 0 40 0 0 45 0 0 42 50 60 83 0 13 86 16 0 0 0 88 91 0 0 71 11 4 0 0 49 0 43 37 10 61 34 81 76 79 96 0 0 2 65 0 0 15 78 97 95 80 0 77 84 0 68 52 58 9 14 0 44 39 5 3 70 0 31 0 36 92 0 30 20 57 0 74 7 100 46 90 0 73 1 21 89 98 41 17 32
88 91 27 24 0 11 4 66 18 49 0 43 37 10 61 34 0 76 79 96 0 47 2 65 22 51 15 78 97 95 80 63 77 84 69 68 0 58 9 0 55 0 39 5 3 0 33 31 72 36 92 0 30 0 0 0 74 7 100 0 90 59 73 1 0 89 98 41 17 0 85 75 93 53 54 6 35 48 0 99 87 12 82 40 67 38 0 23 62 0 0 60 0 28 0 0 16 26 94 0
80 0 77 84 0 68 52 0 9 0 55 44 39 5 3 0 33 31 0 0 0 56 30 20 57 0 74 7 0 46 90 59 73 1 21 0 0 41 0 32 85 75 93 0 54 6 35 48 64 99 87 12 82 40 0 38 45 23 62 42 0 60 83 0 13 86 16 26 94 25 0 0 27 0 71 11 4 66 0 49 0 43 0 0 61 34 81 0 79 96 29 47 2 65 22 51 15 78 97 95
90 59 73 1 21 89 0 41 17 32 0 0 93 53 0 6 35 0 64 99 87 0 82 40 0 38 0 0 62 42 0 60 83 28 13 86 16 26 94 0 88 91 0 0 0 11 4 66 0 49 8 43 37 10 61 34 81 76 79 96 29 47 2 65 22 51 0 78 0 95 80 63 77 0 69 68 52 0 0 0 0 0 39 0 3 70 33 0 72 0 0 56 0 0 0 19 0 0 100 46
50 0 83 28 13 86 16 26 94 25 88 91 0 24 0 0 0 66 18 49 0 0 0 10 61 0 81 76 79 96 29 47 2 65 22 0 15 78 97 95 80 63 0 84 0 68 52 58 9 14 0 44 39 5 0 70 33 0 72 36 92 56 30 20 0 19 74 7 0 46 90 0 0 1 21 89 0 0 0 32 85 0 93 53 54 6 35 48 64 99 87 12 82 40 0 0 45 23 62 42
0 97 95 29 47 2 65 22 51 15 58 9 14 80 0 77 84 69 0 52 0 72 0 0 44 39 5 3 70 0 0 100 46 0 56 30 0 0 0 0 41 17 0 0 0 73 1 0 0 0 48 64 0 85 75 0 53 54 6 35 0 62 42 87 12 82 40 0 38 45 26 94 25 50 0 83 0 13 86 16 66 0 49 0 91 0 24 71 11 4 0 79 96 8 43 37 10 61 0 0
7 100 46 92 56 30 20 57 19 74 41 0 0 90 59 73 1 21 89 0 48 0 99 85 75 0 53 0 0 35 23 62 42 87 12 82 40 67 38 45 26 0 25 50 60 0 28 13 0 16 66 18 0 88 91 27 24 71 11 4 76 0 96 0 43 0 10 61 0 81 78 0 95 29 47 2 0 22 51 0 58 9 14 0 0 0 84 0 68 52 0 0 36 55 0 39 5 3 70 0
23 0 42 87 12 82 40 67 0 45 26 94 0 50 60 83 28 13 0 16 66 18 49 0 91 27 24 71 11 4 76 79 0 8 43 0 0 61 0 81 0 97 0 29 47 0 0 22 0 0 58 9 14 80 63 0 0 69 68 52 31 72 36 55 44 39 0 3 70 0 7 100 46 0 56 30 20 57 0 74 41 17 32 0 59 0 1 21 89 98 48 64 99 85 75 93 53 54 6 0
76 79 96 8 43 37 10 61 34 0 78 97 95 29 0 2 0 22 0 15 58 0 14 80 63 77 84 69 68 0 31 72 36 55 44 39 0 3 70 33 7 100 46 92 0 30 20 57 19 0 0 17 32 90 0 73 0 21 0 98 48 64 0 85 75 93 53 54 6 35 23 0 42 87 12 82 40 67 0 45 26 94 25 50 60 0 28 13 86 16 66 0 49 0 0 0 24 0 11 0
31 72 36 55 0 39 0 3 70 33 7 100 46 92 56 30 0 57 0 74 41 0 0 90 59 73 1 21 89 98 48 64 99 0 75 93 53 54 0 35 23 62 42 0 12 82 0 0 0 45 26 0 0 0 0 83 28 13 86 16 66 18 0 88 91 27 24 71 11 4 0 79 96 8 43 37 0 61 34 0 0 97 0 29 47 2 0 22 0 15 58 9 0 0 63 77 84 69 68 52
48 0 99 85 0 0 53 54 6 35 23 62 0 0 12 82 40 0 38 45 0 0 0 50 60 83 0 13 86 16 0 18 0 88 0 0 0 0 11 0 0 79 96 8 43 37 10 61 34 81 0 97 95 0 47 2 0 22 0 15 58 9 14 0 63 77 0 69 68 52 31 72 36 55 44 39 5 0 0 33 0 100 46 92 56 0 20 57 19 74 41 17 32 90 59 73 1 21 0 98
0 0 49 88 91 0 24 71 0 0 76 79 96 8 43 37 10 61 34 81 0 97 95 29 47 0 0 22 51 15 58 9 14 80 63 77 84 69 68 52 0 72 36 55 44 0 0 0 70 33 7 100 46 92 56 0 20 0 0 74 41 0 32 90 59 73 1 0 89 98 48 64 99 85 75 0 0 54 6 0 0 62 42 87 12 82 40 67 38 0 26 94 25 50 0 83 28 13 86 16
58 9 0 80 63 77 84 69 68 52 31 0 0 55 44 39 5 3 70 0 0 0 0 92 56 30 20 57 19 74 41 17 32 90 59 73 1 21 0 98 48 64 99 0 75 93 53 54 6 35 23 62 42 87 12 82 0 67 38 45 26 94 25 50 60 83 0 13 86 16 0 18 49 88 0 27 24 71 11 4 0 79 96 8 0 37 10 61 34 81 78 0 95 29 47 2 65 0 51 15
0 0 32 90 59 73 1 21 89 0 0 0 0 85 75 93 53 54 6 0 23 62 42 87 12 0 40 67 38 45 26 94 25 0 60 83 28 13 86 16 66 0 49 0 91 0 24 71 11 4 76 79 0 0 0 37 10 61 34 81 78 97 95 29 47 2 65 0 0 0 58 9 14 0 63 0 84 69 68 0 31 72 0 55 44 0 5 3 70 0 7 100 46 92 56 30 20 57 0 74
26 94 0 0 60 83 28 13 86 0 66 18 0 88 91 27 24 71 11 4 0 79 0 8 43 37 10 61 34 81 78 97 95 29 47 2 65 0 51 15 58 0 0 80 63 0 0 69 68 52 31 72 36 55 44 39 5 0 0 33 0 0 46 92 56 30 0 57 19 74 41 17 0 90 59 73 0 0 0 98 48 0 99 85 75 93 53 54 6 35 23 62 0 87 12 82 0 67 38 45
22 51 15 0 97 95 29 0 0 65 69 0 52 58 9 0 80 63 0 84 3 70 0 31 0 0 55 44 39 5 57 19 0 7 100 0 92 56 30 20 0 0 98 0 0 0 90 0 73 1 0 6 35 48 64 99 85 75 0 0 67 38 45 0 62 42 87 0 82 40 0 86 0 26 94 25 0 60 0 0 71 11 0 66 18 49 0 91 27 24 0 34 0 76 0 96 8 43 0 10
57 19 74 7 100 46 0 56 0 20 21 89 0 41 17 32 0 59 73 1 54 6 35 0 64 0 0 75 0 53 0 38 45 23 62 0 0 12 82 40 13 0 16 0 0 25 0 60 83 28 71 11 4 66 18 0 0 91 27 24 61 34 81 0 0 96 8 43 0 10 22 51 0 0 97 0 0 47 0 65 69 68 52 58 9 14 80 63 77 84 0 70 33 31 72 36 55 44 39 5
0 38 0 23 0 42 0 12 82 0 13 86 0 0 94 25 50 60 83 28 71 11 4 66 18 0 88 91 27 24 61 34 81 76 0 96 8 43 37 10 22 51 0 78 97 95 29 47 2 0 0 68 52 58 9 14 0 0 77 0 3 70 33 31 72 36 0 0 39 0 57 19 74 7 100 46 92 56 30 20 0 0 98 41 17 0 90 59 0 1 54 6 35 48 0 99 85 0 93 0
61 34 0 76 79 96 0 43 37 10 22 51 15 0 97 0 29 47 2 65 0 0 0 58 9 0 0 0 77 84 3 70 33 0 72 36 55 44 39 0 0 19 74 7 100 0 92 56 0 20 21 89 0 0 0 0 90 59 0 1 54 6 0 48 0 99 85 75 93 53 0 38 45 23 62 0 87 12 82 40 13 86 16 26 94 25 0 60 83 28 71 0 0 66 18 49 88 91 27 24
0 70 33 0 72 36 55 44 39 5 57 19 74 7 100 46 92 56 0 20 21 89 98 41 17 32 90 59 73 1 54 6 35 0 64 99 0 75 93 53 0 38 45 0 62 42 87 12 82 0 0 86 16 26 0 25 50 60 83 0 71 11 4 66 18 49 88 91 0 0 61 34 81 76 0 96 8 43 37 10 22 51 15 78 0 95 0 47 2 0 69 68 52 58 0 0 80 63 77 84
54 0 0 48 0 99 0 75 93 53 67 0 45 23 62 0 87 0 82 40 13 0 0 26 94 25 50 0 83 28 71 11 4 66 18 49 88 91 27 0 61 34 81 76 79 0 8 0 0 10 0 51 15 0 97 95 29 0 0 65 69 68 0 0 9 14 80 63 77 84 3 0 33 31 72 36 55 44 39 5 0 19 74 7 100 46 92 0 30 0 21 89 98 41 17 32 90 59 73 1
71 11 0 66 18 49 88 91 27 24 61 34 81 76 79 96 0 43 0 0 22 51 15 0 97 95 0 0 2 65 69 68 0 58 9 14 80 63 0 84 3 0 0 0 72 36 0 0 39 5 57 0 74 0 100 46 92 56 30 20 21 0 98 0 17 32 90 59 73 0 54 0 35 48 64 99 85 0 93 0 67 38 45 23 62 42 0 12 82 40 13 86 16 26 94 25 50 60 83 28
69 68 0 58 0 14 80 63 77 0 3 0 0 31 72 0 55 44 39 5 57 0 0 0 100 46 92 0 30 0 0 89 98 0 17 32 90 0 0 1 54 6 0 48 0 99 85 0 0 53 0 38 0 23 62 42 87 0 82 40 13 0 16 26 94 25 50 60 0 28 71 0 0 66 18 49 0 91 0 24 61 34 0 76 0 96 8 0 0 0 22 0 0 78 97 95 0 47 2 65
21 0 98 41 0 32 90 0 0 1 54 6 35 48 64 99 0 75 0 53 67 38 45 0 62 42 87 12 0 40 13 86 16 0 94 25 50 60 0 0 71 0 0 66 0 49 88 91 27 24 0 34 81 76 0 96 8 0 37 10 22 0 15 78 0 95 29 47 2 65 69 68 52 58 0 14 80 0 77 84 3 0 33 31 72 36 0 44 0 5 57 19 0 0 100 46 92 56 30 20
13 86 16 26 94 25 50 0 0 28 0 11 4 66 18 0 88 0 27 24 61 34 81 0 79 96 8 0 37 0 22 51 0 78 0 95 29 47 2 65 0 68 0 58 9 0 80 0 77 84 0 70 0 0 72 0 55 44 39 5 57 19 74 0 100 46 92 0 0 20 0 89 98 41 17 32 90 0 0 0 54 6 35 48 64 99 85 75 93 0 67 38 45 23 62 0 0 0 82 40
47 2 0 22 0 15 78 97 95 29 63 77 84 69 68 52 0 9 0 0 0 39 5 3 70 33 0 72 36 0 0 30 20 57 19 0 0 0 46 0 0 73 1 21 89 0 41 17 32 90 0 93 0 0 6 35 48 64 0 85 12 82 40 67 0 45 23 62 42 0 60 83 28 13 86 0 26 94 25 50 0 27 24 71 11 4 0 18 49 88 0 37 0 61 34 0 76 79 96 8
56 30 0 0 19 74 7 0 46 92 59 0 0 21 0 0 41 17 32 0 75 93 53 0 6 35 48 0 99 85 0 82 40 67 38 0 0 62 42 87 0 83 28 13 86 16 26 0 25 50 91 27 24 0 0 4 66 18 49 88 43 37 10 61 34 0 76 79 96 0 47 0 0 22 51 0 0 97 95 0 63 77 84 0 0 52 58 9 14 80 0 0 5 3 0 0 31 72 36 55
0 82 0 0 38 45 23 0 0 87 60 83 0 13 86 16 0 94 25 50 91 27 24 71 11 0 66 18 0 88 43 37 10 61 34 81 0 79 96 8 47 2 0 22 51 15 78 97 0 0 63 77 84 69 68 52 58 0 0 80 44 0 5 3 0 33 31 0 36 55 56 30 20 57 19 74 7 100 46 92 0 73 1 0 89 98 41 17 32 0 75 93 0 54 6 0 48 64 99 0
43 37 10 61 0 81 76 79 96 0 47 2 0 0 51 15 78 0 95 29 63 77 84 69 68 0 58 0 14 80 0 39 5 3 70 33 0 72 0 55 56 0 20 0 19 74 0 100 46 0 59 0 1 21 89 98 41 0 32 90 75 93 53 54 6 35 48 64 99 85 12 82 40 67 0 45 23 62 42 0 0 83 28 13 0 16 26 94 25 50 91 27 24 71 11 4 66 18 0 88
44 39 5 3 0 33 31 0 0 55 56 30 20 57 19 74 7 100 0 0 59 73 1 0 89 0 41 17 32 0 75 93 53 54 6 35 48 0 99 85 12 82 40 67 38 45 23 0 42 0 0 83 28 0 86 16 26 0 25 0 91 27 24 71 11 0 66 18 49 88 43 37 10 0 34 81 76 79 96 8 47 2 0 22 51 15 78 97 95 29 63 77 84 69 68 0 0 9 14 0
0 93 53 54 6 35 0 64 99 85 12 0 0 67 0 45 23 0 0 87 60 83 28 0 0 16 26 94 0 0 91 27 24 0 0 0 66 18 0 88 43 37 0 61 34 0 0 79 96 0 0 0 65 0 51 15 78 97 95 29 0 77 0 69 0 52 58 0 14 80 44 39 0 3 70 33 0 72 36 55 56 30 20 57 19 0 7 100 46 0 59 73 0 0 89 98 41 17 32 90
91 27 24 71 11 0 66 18 49 0 43 37 0 61 0 81 76 0 96 8 0 2 0 22 0 0 78 0 95 29 0 77 0 69 68 52 58 9 14 0 44 39 5 3 70 33 31 0 36 0 56 0 20 57 0 74 7 100 46 0 59 73 1 0 89 98 41 17 32 0 75 93 0 54 6 0 0 64 0 85 12 82 40 67 38 45 23 62 42 87 0 83 0 13 86 0 0 94 0 50
63 77 84 0 0 52 58 9 14 0 44 0 0 3 70 33 31 72 36 55 0 0 20 0 0 74 7 0 46 0 0 73 1 0 89 98 0 0 32 0 0 93 53 54 6 35 0 64 99 85 12 82 40 67 38 45 23 62 0 87 60 0 28 13 86 16 26 0 0 0 0 0 0 71 11 4 66 0 0 88 43 37 10 61 34 81 76 79 0 8 47 0 65 22 51 15 78 0 0 0
59 73 0 21 89 98 41 17 32 90 0 93 53 54 0 35 0 64 99 85 0 0 40 0 0 45 23 62 42 87 60 0 28 13 0 16 26 0 0 0 91 27 24 71 11 4 0 18 0 88 43 0 10 61 34 81 76 79 0 0 47 2 65 22 51 0 78 0 95 0 0 77 0 0 68 52 58 0 14 80 44 0 0 3 0 33 31 72 36 0 56 30 20 57 19 74 7 100 0 92
60 83 0 13 0 0 26 94 0 0 91 27 24 71 11 0 0 0 49 0 0 0 0 61 34 81 0 79 96 8 47 2 65 0 51 0 78 97 0 29 63 0 0 0 68 52 58 9 14 80 44 39 5 3 0 33 0 0 36 0 0 30 0 57 0 74 7 0 46 92 59 73 1 0 89 98 0 17 32 90 75 93 0 0 6 35 48 64 99 85 12 0 0 0 0 0 23 62 42 87
97 95 29 47 2 65 22 51 0 78 9 0 80 63 77 0 69 68 52 58 72 36 0 44 39 0 0 70 33 31 0 0 92 56 0 20 0 19 74 7 17 32 90 59 73 1 0 89 98 41 0 99 85 75 0 53 54 6 0 48 62 0 0 12 0 40 67 38 45 23 94 25 50 60 83 0 13 0 16 0 18 49 88 91 27 24 0 11 4 66 79 96 8 0 37 10 0 0 81 76
100 0 92 56 30 20 0 19 74 7 17 32 90 59 0 1 21 89 98 41 64 0 85 75 0 53 54 6 0 48 0 0 87 0 82 40 67 38 45 23 0 25 50 60 83 28 13 86 16 0 18 0 88 0 27 24 71 0 4 0 79 0 8 0 37 10 61 34 81 76 97 95 29 47 2 0 0 51 15 78 9 14 80 63 77 0 0 68 0 58 72 0 55 44 0 5 0 70 33 31
62 42 87 12 82 40 67 38 45 23 94 25 50 60 83 0 13 86 16 26 18 0 88 91 27 24 0 11 4 0 79 96 0 43 37 10 61 0 81 0 97 95 29 47 0 65 22 0 15 78 9 14 0 63 77 84 69 0 52 58 72 0 55 44 39 5 0 0 33 31 100 0 92 0 30 20 57 19 0 0 17 32 90 0 73 1 21 0 98 0 64 99 85 75 0 53 54 6 35 48
79 96 8 0 37 10 61 34 81 76 0 95 29 47 2 0 22 0 15 78 9 14 0 0 77 84 69 68 52 58 72 36 55 44 39 5 3 70 33 0 100 0 92 0 0 20 57 19 0 7 17 32 90 0 73 1 21 89 98 41 0 99 85 75 0 53 0 6 0 0 0 42 0 12 0 40 67 38 45 23 94 0 0 60 83 0 0 0 16 26 0 49 88 0 27 0 71 11 4 66
72 36 55 44 39 5 0 70 33 31 100 46 92 0 30 20 0 0 74 0 0 32 90 59 73 1 21 89 98 0 0 99 85 75 93 53 54 0 35 48 62 0 0 12 82 40 67 38 45 0 0 25 50 60 83 28 13 0 16 26 18 0 88 91 27 24 0 11 0 66 79 0 8 0 37 10 0 34 81 76 97 0 29 47 2 65 22 0 15 0 9 0 0 63 77 84 69 68 52 58
64 0 0 0 93 53 0 6 35 0 62 42 0 12 0 0 67 38 45 23 94 25 50 60 83 28 13 86 16 26 18 49 0 91 27 24 71 11 4 0 79 96 8 43 37 10 0 34 81 76 97 0 0 47 0 65 22 51 15 78 9 14 80 0 0 84 69 68 52 0 72 36 55 44 0 5 0 0 33 0 100 0 92 56 0 0 57 19 74 7 17 32 90 0 73 1 21 89 0 0
18 0 88 0 27 24 71 11 0 66 79 0 8 43 37 10 61 0 81 0 97 0 29 0 2 0 22 0 15 78 9 0 80 63 0 84 0 68 52 58 72 0 55 0 39 5 3 70 33 31 0 46 92 56 0 20 57 19 0 7 17 0 90 0 73 0 21 0 98 41 64 0 0 75 93 0 54 6 35 48 0 42 87 12 0 40 0 38 45 23 94 0 50 60 83 0 13 86 16 0
9 0 0 63 77 84 69 68 52 58 0 36 55 0 39 5 3 70 0 31 0 46 0 56 30 0 0 0 0 7 0 0 90 0 0 1 21 89 98 41 64 0 85 75 93 0 54 0 0 48 62 42 0 0 82 0 67 38 45 23 94 25 0 60 83 0 13 86 16 0 18 49 88 91 27 0 71 11 4 0 79 96 8 43 37 10 61 34 0 76 97 0 29 47 2 65 22 0 0 0
0 0 90 0 73 0 0 89 98 41 64 99 85 75 0 0 54 0 35 48 62 42 87 12 82 40 67 38 0 23 0 25 0 0 83 28 13 86 16 0 18 49 88 91 0 0 0 11 0 66 79 0 8 43 0 10 61 34 81 76 97 95 29 0 0 65 22 51 0 78 0 14 80 63 77 84 0 68 0 58 72 36 0 44 0 5 0 70 0 31 0 0 0 0 30 0 57 19 74 7
94 25 50 60 83 28 0 86 16 26 0 49 0 91 27 24 71 11 0 66 0 96 0 43 37 0 61 34 0 76 0 95 29 47 2 65 22 51 15 0 9 14 80 63 0 0 0 68 52 58 72 0 0 44 39 0 3 0 33 31 100 46 92 0 30 20 57 19 74 7 17 32 90 59 0 1 21 89 98 41 64 99 0 0 93 53 54 6 0 0 62 0 87 12 82 40 67 0 45 23
51 15 78 97 95 0 47 2 65 22 68 52 0 0 14 0 63 77 84 0 70 33 31 72 36 55 44 39 5 3 19 74 0 100 46 92 0 0 0 0 0 98 41 17 0 90 59 73 1 21 6 35 48 64 0 85 75 93 53 54 38 0 23 62 0 87 12 82 40 67 0 0 26 94 25 0 0 0 28 13 11 4 66 18 49 0 0 0 0 71 34 0 76 79 96 8 43 37 0 61
19 0 0 100 46 92 56 0 20 0 89 98 41 17 32 90 59 73 0 21 6 35 48 64 0 85 75 0 53 54 38 45 0 62 0 87 12 0 40 67 86 16 0 0 25 0 60 83 0 0 11 0 66 18 49 0 91 27 24 71 34 81 76 79 0 8 43 37 10 0 51 0 78 0 0 29 47 2 65 22 68 0 0 9 0 0 0 0 84 0 70 33 0 72 0 0 0 39 5 3
38 0 23 0 42 87 12 0 40 67 86 0 26 94 25 0 0 83 28 13 0 4 66 18 49 88 0 27 24 71 34 81 0 0 96 0 43 37 10 61 51 0 78 97 95 29 47 2 0 22 68 0 58 9 0 80 63 77 0 69 0 0 31 72 0 0 44 39 5 3 19 74 0 0 46 92 56 30 20 57 0 98 41 17 32 90 59 0 0 0 0 35 0 0 99 85 75 93 53 54
34 81 76 0 96 8 43 37 10 61 51 0 78 97 95 29 47 2 65 0 68 0 58 9 14 80 0 77 84 69 70 33 0 0 36 55 44 0 5 0 19 0 7 100 46 92 56 30 20 0 89 98 41 17 0 90 59 0 1 21 0 35 48 0 99 0 75 93 53 54 38 45 23 62 42 87 12 82 40 0 86 16 26 94 25 0 60 0 28 0 11 4 66 18 49 88 91 27 24 71
70 33 0 0 36 55 44 39 5 0 19 74 7 100 46 92 56 30 0 57 89 98 41 17 32 90 59 0 1 21 6 35 48 64 99 85 75 93 53 54 38 45 23 62 42 0 12 0 40 67 0 0 26 94 25 0 60 0 0 0 0 4 66 18 0 0 91 27 24 71 34 81 76 79 96 8 0 37 10 61 51 15 0 97 0 0 47 2 65 22 68 52 58 9 14 80 0 77 0 69
6 35 48 64 99 85 75 0 53 54 0 45 23 62 42 87 12 82 0 67 86 16 26 94 25 0 0 83 28 0 11 4 66 18 49 88 91 27 0 71 34 81 76 79 96 8 0 0 0 0 51 15 0 0 95 0 47 2 65 22 0 52 58 0 14 80 0 77 84 69 70 0 0 72 36 0 44 0 0 0 19 74 7 100 46 0 56 0 20 57 0 0 0 17 32 0 59 73 0 21
0 4 66 18 49 88 91 0 0 71 0 81 76 79 0 8 43 0 10 61 0 15 78 97 95 0 47 0 0 0 0 52 58 9 0 80 63 0 84 69 70 0 31 72 36 55 44 39 5 0 0 74 7 100 0 92 56 30 20 57 89 98 41 17 32 90 0 73 0 21 0 0 48 0 0 85 75 93 53 54 0 0 23 62 42 87 0 82 40 67 86 16 26 0 0 50 60 83 28 13
68 52 58 9 14 80 63 0 84 69 70 33 31 72 36 55 44 0 5 0 0 74 7 100 46 92 56 0 20 0 89 98 0 17 32 0 59 0 0 21 0 35 48 64 99 85 75 93 53 54 38 0 23 62 42 87 12 82 40 0 86 0 26 0 0 50 0 83 0 13 11 4 66 18 0 0 91 27 24 71 34 0 76 79 0 8 43 37 10 61 0 15 78 97 95 0 47 2 65 22
0 0 41 17 32 0 0 73 1 21 0 35 48 64 99 85 75 93 0 0 0 45 23 62 0 87 12 0 40 67 0 16 26 94 25 0 60 83 0 13 11 0 66 0 0 88 0 27 24 71 34 81 76 79 0 8 0 37 10 61 0 0 78 97 0 29 47 2 65 22 68 52 58 0 14 80 0 77 84 69 0 33 0 72 36 55 44 39 5 0 19 0 7 100 46 92 0 30 20 0
0 16 26 0 25 0 60 0 28 13 0 4 0 0 0 88 91 27 24 71 34 0 76 79 96 8 43 0 10 61 51 15 78 0 0 29 47 2 65 22 68 52 58 9 14 80 0 77 84 69 70 33 0 72 0 55 44 39 0 3 19 74 7 100 46 0 56 30 20 57 89 98 41 17 0 0 0 73 1 21 6 35 48 0 0 0 0 93 53 54 0 45 23 0 42 87 12 82 40 67
