9
54 0 36 0 0 0 57 29 60 43 30 0 79 0 0 0 18 13 70 21 0 64 42 17 68 56 0 0 62 51 9 0 27 0 0 33 35 39 66 0 0 0 52 47 65 26 0 45 0 7 37 28 19 50 0 0 4 44 77 22 2 0 0 0 75 0 0 0 20 6 0 0 0 0 0 5 32 0 73 76 41
78 75 16 0 23 20 6 72 0 71 10 0 5 0 0 0 0 41 0 0 0 58 11 53 57 0 60 0 30 0 79 25 8 24 18 13 70 21 15 64 0 17 68 0 0 59 0 51 9 48 0 0 0 33 35 39 66 3 49 12 52 47 65 26 38 0 55 7 37 28 19 0 40 14 4 44 77 0 2 67 74
0 0 0 55 7 37 28 19 50 40 14 0 44 77 22 2 67 0 78 75 16 0 0 20 6 72 0 0 10 0 5 0 46 73 76 41 54 1 0 0 11 53 0 29 60 43 30 0 0 25 8 24 18 0 70 0 15 64 42 0 0 56 81 59 62 0 9 48 27 0 61 33 35 39 66 3 0 12 52 0 0
59 0 51 0 48 27 80 61 0 35 0 66 3 49 0 52 47 65 0 38 0 55 7 0 28 0 50 40 14 4 44 0 22 2 0 74 78 0 16 63 0 20 6 0 31 71 10 34 5 32 46 73 76 0 54 1 36 0 11 53 0 29 60 43 30 69 79 25 8 24 18 0 70 21 15 64 0 17 68 56 81
0 0 69 79 0 8 0 18 13 70 21 15 64 42 17 68 56 81 0 62 51 0 0 27 80 61 33 35 39 66 0 49 12 52 47 65 0 0 45 55 0 37 0 19 50 40 14 4 44 77 22 0 0 74 0 75 16 63 0 0 6 72 0 71 10 34 5 0 46 73 0 41 0 1 36 58 11 0 0 0 0
71 0 34 5 0 46 73 76 41 54 0 36 58 0 53 57 29 60 0 0 0 79 25 8 24 18 13 70 0 0 64 42 17 68 0 81 59 62 51 0 48 27 80 61 33 35 39 0 0 49 12 52 47 0 26 38 45 55 7 37 28 19 50 0 14 4 44 77 22 2 0 74 0 0 16 63 0 0 6 72 0
40 14 0 44 77 0 2 67 74 78 75 16 0 0 20 6 0 31 71 10 34 5 32 46 73 76 0 54 0 0 0 0 53 57 29 60 43 30 69 79 0 8 0 18 13 70 21 15 0 0 17 68 56 81 0 62 51 0 48 27 80 61 33 35 39 66 3 49 12 52 47 65 26 38 0 0 7 0 28 19 50
0 39 0 3 0 12 52 47 65 26 0 0 0 7 37 28 0 50 0 0 0 44 0 22 2 0 74 78 75 0 63 23 20 0 72 31 0 0 34 5 32 0 73 0 0 0 1 36 0 11 0 57 29 60 43 30 0 79 0 8 24 18 13 70 21 0 64 42 0 0 56 0 0 0 51 9 48 0 0 0 0
0 0 15 64 42 17 68 0 0 0 62 51 9 48 27 80 61 33 0 39 0 3 49 12 52 47 65 0 38 45 0 7 37 0 0 0 0 14 0 44 77 22 2 67 74 78 75 16 63 0 20 6 72 31 0 10 34 0 32 0 73 76 41 0 1 36 58 0 53 57 29 60 43 30 0 79 25 0 24 18 13
60 0 1 36 58 0 0 57 29 13 0 0 69 79 25 0 24 0 81 70 21 15 64 0 17 0 56 0 0 0 51 0 48 0 80 61 0 0 39 66 3 49 12 52 0 50 26 38 45 0 7 37 28 19 0 40 14 4 44 0 22 2 67 0 78 75 16 0 23 20 6 0 41 71 10 34 0 32 0 73 76
31 78 75 0 0 23 20 6 72 0 0 0 34 0 0 0 73 76 60 54 1 36 58 0 53 57 29 13 43 30 69 79 25 8 24 0 81 70 21 0 0 42 0 68 56 0 59 62 51 9 0 27 80 0 0 35 0 66 3 49 12 52 47 50 26 38 45 0 7 37 28 19 74 40 14 4 0 0 22 0 67
0 0 38 45 55 7 37 28 19 74 40 14 4 44 77 22 0 67 31 78 75 16 63 0 20 6 72 41 71 0 34 5 32 46 73 76 60 54 0 0 0 11 53 0 0 13 0 30 69 0 25 8 24 0 0 0 21 0 64 0 0 68 56 33 0 0 51 0 48 27 80 61 65 35 39 66 3 0 0 52 47
33 0 62 51 0 0 27 80 61 0 0 0 66 3 49 0 0 47 0 26 0 45 0 7 0 0 19 0 0 14 4 0 77 22 2 0 31 78 0 16 0 23 20 6 0 41 71 10 0 0 32 46 73 76 60 0 1 36 0 11 0 57 0 13 43 30 69 79 25 8 24 0 81 0 0 15 0 0 0 0 56
0 43 0 69 79 25 0 24 0 0 70 21 0 64 42 17 0 0 0 59 0 51 0 48 27 80 61 65 35 39 66 3 49 12 52 47 50 0 38 45 55 0 0 28 19 74 0 14 4 44 77 0 2 67 0 0 75 0 0 23 20 0 72 41 71 10 34 5 32 0 73 0 60 54 1 36 58 11 53 0 0
0 71 10 34 5 0 46 0 0 60 54 1 36 58 0 53 57 29 0 43 30 0 79 0 8 24 18 0 70 21 15 64 42 17 68 56 33 59 62 51 9 48 27 80 61 65 35 0 0 3 49 12 52 47 50 26 0 45 55 7 37 0 19 0 0 14 4 0 0 22 0 67 31 78 75 0 63 23 0 6 72
74 40 14 0 0 0 0 2 67 31 78 75 0 63 23 20 6 72 41 71 10 34 5 32 0 73 76 0 54 1 36 0 11 53 0 29 0 0 0 69 0 25 8 0 18 81 70 21 15 64 42 17 68 56 33 59 62 51 9 48 27 80 61 65 35 0 0 3 49 12 0 47 50 26 0 45 0 7 0 0 0
0 0 0 0 3 49 12 52 47 0 26 0 45 55 0 0 0 19 0 0 0 0 44 77 22 0 67 31 78 75 0 63 0 0 6 72 0 0 10 34 0 32 0 73 76 60 0 1 36 0 11 53 57 29 13 0 30 69 79 25 8 24 0 81 70 21 15 64 0 17 68 0 33 0 62 51 0 48 0 80 61
81 70 21 15 64 42 17 68 56 33 0 62 51 0 0 27 80 61 0 35 39 0 0 49 12 52 0 50 26 38 45 55 0 0 28 19 74 0 14 4 44 77 0 2 67 0 78 0 16 63 23 20 0 72 41 71 10 34 5 32 46 0 76 0 54 1 36 0 0 53 57 29 13 43 30 69 79 25 8 24 0
0 60 54 1 36 58 0 53 0 18 13 0 30 69 0 0 8 0 56 81 0 21 0 0 42 17 68 0 33 59 0 51 0 48 27 0 0 65 35 39 66 0 49 12 52 19 0 26 38 45 0 7 0 28 67 0 0 14 4 0 77 22 2 0 31 78 0 16 63 23 0 6 76 0 0 0 0 5 32 46 73
72 31 0 0 16 63 23 0 6 0 0 0 10 34 5 0 46 0 29 60 54 1 36 58 0 0 57 18 0 43 0 69 79 25 8 0 0 0 70 21 15 0 0 17 68 0 33 59 62 51 9 0 27 80 0 65 35 39 0 3 0 0 52 19 50 0 38 0 55 0 0 0 67 74 0 0 4 44 77 22 2
19 50 26 38 45 0 7 37 28 0 0 40 14 4 44 77 22 2 0 0 78 75 16 63 23 20 0 76 0 0 10 0 0 32 46 73 29 0 54 1 36 0 11 0 57 18 13 0 30 69 79 25 8 24 56 0 70 21 15 0 0 0 68 0 33 0 62 51 9 0 0 80 0 65 35 39 66 3 49 12 52
61 33 59 62 0 9 48 0 80 47 65 35 39 66 3 49 12 52 19 50 26 0 45 0 0 0 28 67 74 0 0 4 44 77 0 2 72 31 78 0 16 0 23 20 6 76 41 0 10 0 5 0 0 73 0 60 54 1 36 58 0 53 57 0 13 43 30 69 79 25 8 0 56 81 0 21 0 64 42 17 68
18 13 43 0 69 79 25 8 0 0 81 70 21 15 0 42 17 68 0 0 59 62 51 0 48 27 0 0 65 0 0 66 3 0 12 52 19 50 26 0 45 55 0 37 28 67 74 40 14 4 44 77 22 0 72 31 78 75 16 63 23 0 6 0 41 71 10 34 5 32 46 73 0 60 54 0 36 0 11 53 0
76 41 71 0 34 5 32 46 73 29 60 54 0 0 58 0 53 57 0 13 43 0 0 0 25 0 24 0 81 70 21 15 64 42 17 0 61 0 0 0 51 9 48 27 0 47 0 0 0 66 0 49 12 52 0 0 26 38 45 55 7 37 0 0 0 0 14 0 44 77 22 2 72 31 78 75 16 63 23 20 6
0 74 0 14 4 0 0 0 2 72 31 78 75 16 63 23 20 6 76 0 71 10 0 5 0 0 73 29 60 54 1 0 58 11 0 57 0 13 0 30 69 79 0 8 24 56 81 0 21 15 64 42 17 0 0 0 59 62 0 0 48 27 80 47 65 35 39 0 3 49 0 52 19 0 0 38 45 0 7 37 28
47 65 35 39 66 0 0 0 52 0 0 26 38 45 55 7 37 28 0 0 0 14 4 44 77 0 2 72 31 78 0 0 63 0 0 0 0 41 0 0 34 5 0 46 73 0 60 54 1 36 0 11 53 57 18 0 43 0 69 79 25 8 0 56 0 70 0 15 0 42 17 68 61 33 59 62 51 9 48 0 80
56 81 70 21 15 64 42 0 0 61 33 59 62 51 0 48 27 80 47 65 35 39 66 3 49 0 52 0 0 26 38 45 55 7 37 28 67 0 40 14 0 0 77 0 2 72 0 0 75 16 63 23 20 0 76 41 71 10 34 5 0 0 73 0 60 0 0 36 58 11 53 57 18 13 43 30 69 0 25 8 24
0 0 0 54 1 36 58 11 53 0 18 13 0 0 0 79 25 8 68 56 81 70 21 15 0 0 0 80 61 0 59 0 51 9 0 27 52 47 65 35 39 66 3 49 12 0 19 0 0 38 45 0 7 0 2 0 0 40 0 4 44 77 22 6 0 0 78 75 16 63 0 20 73 76 41 71 10 34 5 32 46
0 72 31 78 75 0 63 23 0 0 0 41 71 10 34 0 0 46 0 0 60 54 1 36 58 11 53 24 18 13 43 30 69 79 0 8 68 56 81 70 21 15 64 0 17 0 61 33 59 62 51 9 48 27 0 0 65 35 39 66 3 49 12 28 19 50 26 38 0 55 0 0 0 0 74 0 0 4 44 0 0
28 19 50 26 38 0 55 0 37 0 67 74 40 14 4 0 0 22 6 72 31 78 75 16 63 23 20 73 76 41 0 0 34 0 32 46 0 0 60 54 0 36 58 0 53 24 0 13 43 30 69 79 25 0 0 0 81 70 0 15 64 0 17 80 61 0 0 62 51 9 48 27 52 47 0 0 0 66 3 49 0
80 61 0 59 62 0 0 48 27 0 0 65 0 39 0 3 49 12 28 19 50 26 38 45 0 7 37 2 67 74 40 0 4 44 77 22 6 0 31 78 75 16 63 23 20 73 76 0 71 10 34 5 0 46 57 29 0 54 1 36 0 11 0 0 0 13 0 30 69 0 0 8 0 0 0 0 21 15 64 42 17
0 0 13 0 30 69 79 25 8 68 0 81 0 0 0 64 42 0 80 0 33 59 62 51 9 48 27 52 0 65 0 39 66 3 49 12 28 19 50 26 38 45 0 7 37 2 0 74 40 14 4 44 77 22 0 0 31 78 0 16 63 23 20 73 0 41 71 10 0 5 32 46 57 29 60 54 1 36 58 11 53
73 76 0 71 10 34 5 0 46 0 0 60 54 1 36 0 11 53 24 18 0 43 30 69 79 0 8 68 56 0 0 21 0 64 0 17 0 0 33 59 62 51 9 48 27 0 0 0 35 39 0 0 0 0 28 19 50 0 38 45 55 0 37 0 67 74 0 14 4 44 0 22 6 0 0 78 75 0 0 0 0
0 67 74 40 14 4 0 0 22 6 72 31 78 75 16 63 0 20 0 76 41 71 10 34 5 32 46 57 29 60 54 1 36 58 11 53 24 18 0 43 30 69 0 25 8 68 56 0 70 21 15 64 42 17 80 0 33 59 62 51 9 48 27 0 47 65 35 39 66 3 0 0 28 19 50 26 38 45 55 7 37
0 0 65 0 39 66 0 49 0 28 19 50 26 0 45 55 0 37 2 67 74 40 14 4 44 0 22 0 72 31 0 75 16 63 0 20 73 76 41 71 10 34 0 32 46 0 29 60 54 1 36 58 0 0 24 18 0 43 30 69 79 25 8 68 56 81 70 0 15 64 0 0 80 0 33 59 62 51 9 0 0
68 56 81 70 21 0 64 42 17 80 0 0 59 62 51 9 48 27 52 0 0 35 0 66 3 49 12 0 19 50 26 38 0 55 0 37 2 0 0 40 14 4 0 0 22 6 0 31 0 0 16 63 23 20 73 76 0 71 0 34 0 32 46 57 29 60 54 1 0 58 11 53 24 18 13 43 0 69 79 25 8
53 57 0 60 0 1 36 0 0 8 0 18 0 43 30 69 79 25 17 68 0 81 70 21 15 0 42 27 0 61 33 59 62 51 9 48 12 52 0 65 0 0 66 3 0 37 28 0 0 26 38 45 55 0 0 2 67 0 40 14 4 44 77 20 6 72 31 78 75 0 0 23 0 73 76 41 71 0 34 5 0
0 6 72 31 78 0 16 63 23 46 73 76 41 71 10 0 5 32 53 57 29 60 0 1 36 58 11 0 24 0 13 0 0 69 0 25 0 68 56 81 70 0 0 64 42 27 80 61 33 59 0 0 9 0 0 0 47 0 35 39 66 3 49 0 0 0 50 26 38 45 0 7 22 2 67 74 0 0 4 44 77
0 28 19 50 0 0 0 55 7 22 0 67 74 0 14 0 44 0 20 6 0 31 78 75 16 0 23 46 73 76 41 0 10 34 0 32 53 57 29 0 54 1 36 0 0 8 24 18 13 0 0 69 79 25 0 0 56 81 70 21 15 64 42 27 80 61 33 59 62 51 9 48 12 0 47 65 0 39 66 3 0
27 80 61 0 59 62 51 9 48 0 52 0 65 35 39 0 3 0 37 28 19 50 0 38 45 55 0 0 0 0 74 40 14 4 44 77 20 0 72 31 0 75 0 63 0 0 73 0 41 0 10 34 5 32 53 57 29 0 54 1 36 58 11 8 24 18 0 43 30 0 0 25 17 68 56 81 70 21 0 64 42
0 24 18 13 43 30 69 79 25 17 0 56 81 0 21 15 64 42 27 80 61 33 59 62 51 9 48 12 52 47 65 35 0 66 3 49 37 28 19 50 26 0 45 55 7 22 2 67 74 40 14 0 44 77 20 6 0 31 78 0 0 63 23 0 73 76 41 0 10 34 5 32 0 57 29 60 54 1 36 0 11
46 73 76 0 71 0 34 5 0 53 57 29 0 54 0 36 0 0 0 24 0 13 43 30 69 79 0 17 0 56 81 0 0 15 0 42 27 80 61 0 59 62 51 9 48 12 52 0 65 35 0 66 0 49 0 28 19 50 26 0 0 55 7 0 2 67 74 40 14 4 44 0 0 0 72 31 78 75 16 0 23
22 2 67 0 40 14 0 0 77 20 6 72 0 78 75 16 63 0 46 0 0 0 0 10 34 5 0 0 57 29 60 54 0 36 58 0 0 24 0 13 0 30 69 79 0 17 68 56 81 70 21 15 0 42 0 80 61 33 59 62 51 9 48 0 52 47 65 35 39 66 0 49 0 28 0 0 26 38 45 55 7
12 52 47 65 35 39 66 3 49 37 0 19 50 26 38 0 55 7 22 2 67 74 40 14 4 0 77 0 6 72 0 0 75 16 0 0 46 73 76 41 71 10 34 5 32 53 57 29 60 54 1 36 58 11 0 0 18 13 43 30 69 0 25 0 68 56 81 70 21 0 0 42 27 0 61 33 59 62 0 9 48
17 68 56 0 70 21 15 64 42 27 80 61 33 59 62 51 9 0 12 0 47 0 35 39 66 3 0 37 28 19 50 26 0 45 55 7 22 2 0 74 40 0 4 44 0 20 6 72 31 78 0 16 0 23 46 73 0 0 71 10 0 0 32 53 57 0 60 54 0 0 58 11 0 24 0 13 43 30 0 79 25
0 53 57 29 0 54 1 36 58 0 8 0 18 13 43 0 0 0 42 17 68 0 81 0 0 15 0 0 0 0 61 0 0 62 51 9 49 12 52 0 65 35 39 0 3 0 37 28 19 50 26 38 45 0 77 22 2 67 0 40 14 4 44 23 0 0 72 31 78 75 16 0 32 46 0 0 41 71 0 0 0
23 20 0 72 0 78 75 16 0 32 46 0 0 41 71 10 34 5 0 53 57 29 60 0 0 0 58 0 8 24 18 13 43 30 0 79 42 17 68 56 0 70 0 15 64 0 0 80 0 0 0 62 51 9 49 0 52 47 65 35 39 0 3 0 0 28 0 50 26 38 45 55 0 22 2 67 74 0 14 4 44
7 37 28 19 50 26 0 0 0 77 22 2 67 74 40 14 4 44 0 0 6 72 0 0 75 0 63 0 46 0 76 41 71 10 34 5 11 53 57 29 60 54 0 36 58 0 0 24 0 13 43 0 69 79 42 17 0 56 81 70 0 0 64 48 27 80 61 0 0 62 51 0 0 12 52 47 65 0 0 66 3
48 0 80 0 33 59 62 0 0 0 12 0 47 65 0 0 0 3 7 0 28 0 0 26 38 0 55 77 22 2 0 74 40 0 4 44 0 20 6 72 31 78 75 16 0 32 46 0 0 0 0 10 34 0 11 53 0 29 0 54 1 0 58 25 0 24 0 13 43 30 69 0 42 17 0 0 81 70 21 15 64
25 0 0 0 13 43 30 0 79 42 17 68 0 81 70 21 0 0 48 27 80 61 33 59 0 0 9 49 12 0 47 65 0 39 66 3 7 37 28 0 50 0 38 45 0 77 22 2 67 74 40 14 4 0 0 20 6 72 31 78 75 16 63 32 0 73 76 41 71 0 0 0 11 53 57 0 60 54 0 36 0
32 46 73 76 41 71 10 0 5 11 0 0 0 60 0 0 36 58 25 8 0 18 13 0 0 69 79 0 17 0 56 0 70 0 15 64 48 27 80 0 33 59 62 51 9 49 0 0 0 65 0 0 66 3 7 37 28 19 50 26 38 0 55 77 0 2 67 74 40 14 4 44 0 0 6 0 31 78 0 16 0
77 22 0 67 0 40 14 4 44 23 20 6 0 31 78 75 16 63 0 46 73 76 41 71 10 34 5 11 0 57 29 0 0 1 36 58 25 8 24 18 13 0 30 69 79 42 17 68 56 81 0 21 15 0 0 27 80 61 33 0 62 0 9 49 0 52 47 65 35 0 66 3 7 37 0 19 50 26 38 0 55
49 12 0 47 65 35 39 0 3 7 0 0 0 50 0 38 0 55 0 0 2 67 74 40 0 4 0 0 0 0 72 31 78 0 16 63 0 46 73 76 41 71 10 34 5 11 53 57 0 60 54 1 0 58 25 0 24 18 0 43 0 69 79 42 17 0 56 0 70 0 15 64 48 27 0 61 33 59 0 51 9
42 17 0 56 81 70 21 15 0 48 27 80 61 33 59 0 0 0 0 0 52 47 65 0 39 66 0 7 0 28 0 50 26 38 0 0 77 22 2 67 74 40 14 4 44 23 20 6 72 31 78 75 0 63 0 46 73 76 41 0 10 0 5 11 53 57 29 60 0 0 0 58 25 8 0 18 0 43 30 69 79
0 11 53 0 29 0 54 0 36 79 0 8 24 18 13 43 0 0 64 0 17 0 0 81 70 0 15 9 48 27 80 61 33 0 62 0 3 49 0 52 0 65 35 39 66 55 7 37 28 19 50 0 38 45 0 77 0 0 67 0 40 14 4 0 0 20 6 72 31 78 75 16 5 32 46 73 76 41 0 0 34
63 0 20 6 72 0 78 0 16 0 32 46 73 0 41 71 10 34 0 0 53 57 0 60 54 0 36 79 25 8 24 0 0 0 0 0 0 42 17 68 56 81 0 21 15 9 48 27 80 61 0 0 62 0 0 0 12 0 47 65 35 39 0 55 0 0 28 0 50 26 38 45 44 77 0 2 0 74 40 14 4
55 7 0 28 19 0 26 0 0 44 77 22 2 67 74 40 0 4 0 23 20 6 0 31 0 0 0 0 32 46 73 0 0 71 10 34 58 0 53 0 0 60 54 1 36 79 25 8 0 0 13 43 0 69 64 42 17 68 56 81 70 0 15 0 48 27 80 61 0 59 0 51 3 0 0 52 47 65 0 0 66
9 48 27 80 61 33 59 62 51 0 0 12 52 47 65 35 39 66 0 7 37 28 19 0 26 38 0 0 77 0 2 0 74 0 14 0 63 23 20 6 72 31 78 75 16 5 0 0 73 0 0 71 0 34 58 11 53 57 29 60 54 0 36 79 25 8 24 18 0 43 30 69 64 42 0 68 0 0 0 0 15
79 25 8 24 18 0 0 30 69 64 42 0 68 56 0 70 21 15 9 0 27 0 61 0 59 62 0 0 49 12 52 47 65 0 0 0 55 0 37 28 19 0 26 38 45 44 0 22 2 67 0 0 14 4 63 0 20 0 72 0 78 0 0 5 32 46 73 0 41 0 10 0 0 11 53 57 0 0 54 1 0
0 32 46 73 76 0 71 10 34 58 11 53 57 29 0 54 1 0 0 0 0 24 18 0 43 30 0 0 42 17 68 0 81 70 21 15 9 48 27 80 61 33 0 62 51 3 49 0 52 47 65 35 39 66 55 0 37 28 0 50 26 38 0 44 77 22 2 67 74 40 14 4 0 0 0 0 72 31 0 0 16
44 77 0 2 67 74 40 14 0 63 23 0 6 72 31 78 75 16 0 0 46 0 0 0 71 10 0 58 11 53 0 29 60 0 1 36 0 25 0 0 18 13 0 30 69 64 42 0 0 56 81 70 0 15 9 48 0 80 0 33 0 62 0 3 49 12 52 47 65 0 39 66 55 7 37 28 19 50 26 0 45
0 0 12 0 0 65 35 39 66 55 0 0 0 19 0 0 0 45 44 77 22 2 67 74 40 14 4 0 23 0 6 0 0 78 0 16 5 0 0 0 76 41 0 0 34 0 11 53 57 0 0 0 1 36 79 0 0 24 18 13 43 30 69 0 42 17 0 0 81 0 21 15 9 48 27 80 61 33 59 62 51
0 0 17 68 56 0 70 21 0 9 48 27 0 61 33 0 62 51 3 49 12 52 47 0 0 39 66 0 7 0 28 19 50 0 0 45 44 77 0 2 0 74 0 14 4 63 0 20 6 0 31 78 75 16 5 32 0 73 76 41 0 10 34 58 11 53 57 0 0 54 0 36 79 25 8 24 18 13 0 30 69
36 58 11 0 57 29 60 54 0 69 79 0 0 24 0 0 0 30 0 64 0 17 68 56 81 70 21 51 9 0 27 80 61 0 59 62 66 3 49 12 52 47 65 35 39 45 55 0 37 28 19 50 0 38 4 44 77 22 2 67 74 40 14 0 63 23 20 6 72 31 78 75 34 5 32 0 73 76 41 71 0
0 63 23 0 6 0 31 0 75 34 5 32 46 73 76 41 71 0 36 58 11 53 0 29 60 54 1 0 0 0 0 24 0 0 0 30 15 64 42 17 68 56 81 70 21 51 0 48 27 0 61 33 59 62 0 3 0 12 0 47 0 35 39 45 55 7 37 28 19 50 26 0 4 44 0 22 2 67 0 0 14
45 0 7 37 28 0 50 26 38 4 0 0 22 0 0 74 40 14 0 63 0 20 6 72 31 78 75 0 5 32 46 73 76 41 0 0 36 58 0 53 57 29 0 0 1 0 79 25 8 24 0 0 43 30 15 64 42 17 68 56 81 0 21 0 9 48 27 80 0 33 59 62 0 0 0 12 52 0 0 35 0
0 0 0 27 80 61 0 0 62 66 0 49 12 52 0 65 35 0 45 55 7 0 28 0 50 26 38 4 44 0 0 2 0 0 40 0 0 63 0 20 6 72 0 78 75 34 5 32 46 0 76 41 71 10 36 0 0 53 0 29 60 54 1 69 79 0 0 24 18 13 43 30 15 0 42 17 68 0 81 70 0
69 79 25 8 0 18 0 43 30 15 64 0 0 0 56 81 0 21 0 9 0 0 80 61 0 59 62 66 0 0 0 52 47 0 35 0 45 55 0 37 0 0 0 26 38 4 0 0 0 2 67 0 40 14 0 63 23 20 0 72 31 78 75 0 5 32 46 73 76 41 71 10 36 58 0 53 57 0 60 54 1
34 0 32 46 73 76 0 71 10 36 0 11 53 57 29 60 0 1 69 79 25 0 24 18 0 0 30 0 64 42 17 68 56 81 70 21 51 9 48 27 80 61 33 59 62 66 3 49 12 52 47 65 0 39 0 55 0 37 28 19 50 26 0 4 44 77 22 2 67 0 0 14 0 63 23 0 6 0 31 0 75
4 0 77 22 0 67 74 40 14 16 63 23 20 0 72 31 78 0 34 5 0 46 73 76 41 71 10 36 0 11 53 57 29 0 0 1 69 79 25 8 24 18 13 0 30 15 64 42 17 68 0 0 70 21 0 9 48 27 0 61 33 59 0 66 3 49 0 0 47 65 35 0 0 55 0 37 28 19 0 26 38
66 3 0 0 0 47 65 35 39 0 55 0 0 0 19 0 0 0 4 44 77 22 0 0 74 40 0 16 63 23 20 0 0 0 0 75 0 0 32 46 73 0 41 0 0 36 58 0 53 57 29 60 0 1 69 79 25 0 24 0 0 43 0 0 64 42 17 68 0 81 70 21 0 9 0 27 0 61 33 59 62
15 64 0 17 68 56 81 70 21 51 9 48 27 80 0 33 0 62 66 3 49 12 0 47 0 0 39 0 55 7 0 28 19 50 26 0 4 0 77 22 2 67 74 40 14 0 63 23 20 6 72 0 0 75 34 5 32 46 73 76 41 0 0 36 58 11 0 0 29 60 0 1 69 79 25 8 0 0 13 43 0
1 0 58 0 0 57 29 60 54 30 69 79 25 0 24 0 0 43 0 0 64 42 17 68 56 0 70 0 51 9 48 0 80 61 33 59 39 66 3 0 0 52 47 0 35 38 0 55 7 37 28 0 50 26 14 4 44 77 22 2 0 74 40 0 16 0 23 20 6 72 0 78 0 0 5 32 46 73 76 0 71
75 16 63 23 20 6 0 0 78 10 34 5 32 46 0 76 0 0 1 36 58 11 53 57 29 0 54 30 0 79 0 8 0 18 0 43 21 15 0 42 17 68 0 81 70 0 0 9 48 0 0 61 0 59 39 0 0 0 12 52 0 65 35 38 45 55 7 0 28 19 50 26 14 4 44 77 22 2 0 74 40
38 45 55 7 37 28 19 0 0 14 4 0 77 22 0 67 0 0 75 16 63 23 0 0 72 0 0 10 0 5 32 46 73 76 0 71 1 0 0 11 0 57 29 0 54 0 69 79 0 0 24 18 13 43 21 15 64 42 0 68 56 0 70 62 0 9 0 0 80 0 0 0 39 0 3 49 0 0 47 65 35
62 51 9 48 27 80 61 0 0 39 66 3 49 12 52 0 65 35 0 45 55 7 37 0 0 50 26 14 4 0 77 0 2 67 74 40 75 16 63 0 0 6 72 0 78 10 34 5 32 0 73 0 41 71 1 36 58 11 53 57 0 0 54 30 69 0 0 0 0 18 0 43 21 15 0 42 0 68 0 81 70
30 0 79 0 8 24 0 13 43 0 15 0 0 0 68 56 81 70 62 51 0 0 0 80 61 33 0 0 66 3 0 12 52 47 0 35 38 0 55 7 0 28 19 50 0 14 0 0 77 0 2 67 0 40 75 16 63 23 0 0 72 0 78 0 0 5 32 46 73 76 41 71 1 36 58 11 0 0 29 60 54
0 0 5 32 46 73 76 41 71 0 36 58 11 0 0 29 60 54 0 69 79 0 8 24 0 13 43 21 0 64 42 0 0 56 0 0 62 51 9 48 27 80 61 33 59 0 0 3 49 12 52 47 65 0 38 45 0 0 0 28 19 50 26 0 4 0 0 22 2 0 0 40 0 0 63 0 20 6 72 31 78
14 4 44 0 22 2 67 74 40 75 16 0 23 20 0 72 31 0 10 34 5 32 0 73 76 0 71 1 0 58 11 53 57 0 60 54 0 0 79 25 8 24 0 13 0 21 15 64 42 17 68 56 81 0 0 51 9 48 27 0 0 33 59 39 66 3 49 0 0 47 0 35 38 0 55 7 37 28 19 50 26
39 0 3 0 0 52 47 0 35 38 45 55 7 0 28 0 50 26 0 0 44 77 0 0 0 74 40 0 0 63 23 20 0 0 31 78 10 0 5 32 46 73 0 41 71 0 36 58 11 53 0 29 0 54 30 69 79 25 8 0 18 0 43 21 0 0 0 17 0 0 81 70 0 0 9 0 27 0 61 0 59
21 15 64 42 17 68 56 81 0 62 51 9 48 27 0 61 33 59 39 66 3 49 12 52 47 0 0 38 45 55 0 37 28 0 50 0 14 4 44 77 22 0 67 74 40 75 16 63 0 20 0 72 31 78 10 34 5 0 46 73 76 41 71 1 0 58 11 0 57 0 60 54 0 69 79 25 0 24 18 13 43