9
0 69 1 54 0 0 25 19 75 17 58 29 0 2 32 0 77 11 0 27 0 0 23 4 0 13 33 37 0 72 7 0 74 34 5 0 8 0 6 0 30 48 22 36 70 0 0 14 41 16 0 0 0 0 0 53 62 0 43 71 78 0 65 0 0 63 76 26 39 44 9 18 61 56 0 15 42 3 10 52 0
17 58 0 24 2 32 0 77 11 57 27 81 28 23 0 60 13 33 37 0 72 7 45 74 34 5 79 8 51 6 0 0 48 22 0 70 64 80 0 41 0 12 0 20 0 0 0 0 0 43 71 0 47 0 38 46 63 0 26 39 44 9 18 61 0 66 15 0 3 0 52 0 21 69 1 0 50 0 25 0 0
0 27 81 28 23 4 0 0 33 0 49 0 7 45 74 34 5 79 8 51 6 55 30 48 22 36 70 0 0 14 0 0 12 73 20 68 67 53 62 40 43 71 78 47 65 38 46 0 0 0 0 44 9 0 61 56 66 0 42 0 10 52 31 21 69 1 54 50 0 0 19 75 17 58 29 0 2 0 59 77 11
37 49 72 0 45 74 34 0 79 8 51 6 0 0 48 0 36 70 64 80 14 41 16 0 0 20 68 0 53 0 40 43 71 78 47 65 38 0 0 0 26 39 44 0 18 0 56 66 15 42 3 10 52 31 0 0 1 54 0 35 0 19 75 17 58 29 0 0 0 0 0 11 57 27 81 28 23 4 60 13 0
8 51 6 55 30 48 22 0 70 64 80 14 41 16 12 73 20 68 67 53 62 40 0 71 78 0 0 0 0 63 76 0 39 44 9 0 61 56 66 0 42 3 10 52 31 0 69 1 0 0 35 25 19 0 17 58 29 24 2 32 59 0 11 0 27 81 28 23 4 0 13 33 37 49 72 7 45 0 34 5 79
64 0 14 41 16 12 73 20 0 67 53 62 0 43 0 0 0 65 38 0 63 76 0 39 0 0 18 61 56 66 15 42 0 0 52 31 21 69 1 0 50 0 25 0 75 17 58 29 0 2 0 59 0 11 57 0 81 28 23 4 60 13 33 37 49 72 0 45 74 34 5 0 8 51 0 55 30 48 22 36 70
67 0 0 40 43 0 78 47 65 38 0 63 76 26 0 0 0 18 61 56 66 15 0 0 10 52 0 21 69 1 54 50 35 25 0 0 0 0 29 24 2 32 0 77 11 57 27 81 28 0 0 60 0 33 37 0 0 7 45 74 34 5 79 8 0 6 0 30 0 22 36 70 0 80 14 41 16 0 73 0 68
38 46 63 0 0 39 44 9 18 0 0 66 15 0 3 0 52 31 21 69 1 0 50 35 0 19 75 17 58 0 0 0 32 59 0 11 0 0 81 28 0 4 60 13 0 37 49 0 7 45 74 34 0 0 0 51 0 0 0 0 22 36 70 0 80 0 0 16 0 73 20 0 67 53 62 40 43 71 78 0 65
0 56 66 0 42 3 10 52 31 21 69 1 54 0 35 25 19 75 0 58 0 24 0 32 59 77 11 0 0 0 28 23 4 0 13 33 37 0 72 7 45 74 34 0 79 8 51 6 55 30 48 22 36 0 0 80 0 41 16 12 73 20 68 0 53 0 40 43 71 78 47 65 38 46 63 76 26 0 0 0 18
0 25 19 75 21 69 1 0 50 32 0 77 11 0 58 29 24 2 4 60 13 0 57 27 81 0 0 74 34 5 0 37 0 72 7 0 0 22 36 70 8 51 6 55 0 12 73 0 68 64 0 14 0 16 71 78 47 65 67 53 62 40 0 39 44 9 0 0 0 0 0 26 3 10 52 31 0 56 0 15 0
0 59 77 11 17 58 29 0 0 0 60 13 33 57 27 81 28 0 74 34 5 0 37 49 72 7 0 48 22 36 70 8 51 6 55 0 12 0 0 68 0 80 14 41 0 71 0 47 65 0 53 0 40 43 39 44 9 0 38 0 63 76 26 3 10 0 31 61 56 0 15 42 0 0 19 75 21 0 1 54 0
4 0 0 0 57 0 0 28 23 74 34 0 0 0 49 72 7 0 48 22 36 0 0 51 6 55 0 12 73 20 68 64 80 14 41 0 71 78 47 65 67 53 62 0 43 39 44 9 18 0 0 63 76 26 0 10 52 0 61 56 66 15 0 0 25 19 0 0 0 1 54 50 32 59 77 11 17 0 29 24 2
0 34 5 79 37 49 72 7 0 48 0 0 0 8 51 6 0 30 12 0 20 68 0 0 14 0 16 71 78 0 65 67 0 62 0 43 39 44 0 18 38 46 0 76 26 0 0 52 31 61 56 0 15 42 35 25 0 75 21 69 0 54 0 32 0 77 11 0 58 29 0 2 4 0 13 33 57 27 81 28 23
48 22 36 0 8 51 6 55 30 12 73 20 68 0 0 14 0 16 71 0 0 0 67 0 62 0 43 0 44 9 18 0 46 63 76 0 3 10 0 31 61 0 66 15 42 35 25 19 0 0 0 0 54 50 32 59 77 0 17 58 29 0 0 4 60 13 33 57 27 0 0 23 74 34 0 0 0 0 72 7 0
12 0 20 0 64 80 0 0 16 71 78 47 65 0 53 62 40 0 39 44 9 18 38 0 0 0 26 3 0 52 31 0 56 66 15 42 35 0 19 0 0 69 0 54 0 32 59 0 11 17 58 29 24 2 4 0 13 0 57 0 81 28 0 74 34 0 0 37 49 72 7 0 48 22 36 70 8 51 6 0 0
0 78 47 0 0 53 62 40 43 0 0 9 18 38 46 0 76 26 3 10 0 0 61 56 0 0 42 35 0 19 75 21 0 0 54 50 32 59 77 11 0 58 29 24 2 0 0 13 0 57 27 0 28 23 74 34 0 79 0 0 72 7 0 0 0 36 70 8 51 0 0 30 12 73 20 68 0 0 14 41 0
0 44 0 0 38 0 63 76 0 3 10 52 0 61 56 66 15 0 35 0 0 75 21 69 0 54 0 0 59 77 11 17 58 29 24 2 4 60 13 33 0 0 0 28 23 74 34 0 79 0 0 72 0 45 48 0 36 70 8 51 0 0 30 12 73 20 0 0 0 14 41 0 71 78 47 0 67 53 62 40 43
3 10 52 0 61 56 0 0 42 0 25 0 75 21 69 1 0 50 32 59 77 11 0 0 29 24 2 4 60 13 33 0 27 81 28 0 74 34 5 0 37 49 72 7 0 0 22 36 70 8 51 6 55 30 12 73 20 68 64 80 14 41 0 71 78 47 0 67 53 0 40 0 39 0 9 18 38 46 0 76 26
69 0 0 50 0 0 19 75 21 58 0 0 2 0 59 77 0 0 27 81 28 0 0 0 13 33 57 49 0 7 45 74 34 0 79 37 51 6 0 30 48 22 0 70 0 0 14 41 16 0 0 20 0 64 53 62 40 43 71 0 47 65 67 46 63 0 0 39 44 0 18 38 56 66 15 42 3 0 52 31 0
58 29 24 2 0 59 77 11 17 27 81 28 23 4 0 13 33 0 49 72 7 0 0 34 5 0 37 0 6 55 30 0 0 36 70 0 80 0 41 16 12 73 0 68 0 53 62 40 43 0 78 47 0 67 46 0 76 0 0 44 0 18 38 56 0 15 42 0 10 52 0 61 69 1 54 50 35 0 19 75 21
27 0 0 0 4 60 13 33 0 49 0 7 0 0 34 5 0 37 0 0 55 0 48 22 36 70 0 80 0 0 16 12 73 20 0 64 53 0 0 0 0 0 47 65 0 0 63 0 0 39 44 0 0 0 0 66 0 42 0 10 52 31 0 0 1 54 50 0 25 19 0 21 58 29 24 2 32 59 77 0 17
49 72 0 45 74 34 5 79 37 51 6 0 0 48 22 0 70 8 80 14 41 0 12 73 0 68 64 53 62 0 43 0 78 0 65 67 46 63 0 26 39 0 0 18 38 56 0 15 42 3 10 52 0 61 69 1 54 50 35 25 0 75 21 58 29 24 2 32 59 77 0 17 27 81 28 23 0 60 13 33 57
0 6 0 30 0 22 0 0 8 80 14 0 0 12 73 20 68 0 53 62 0 43 0 78 47 65 67 0 0 76 26 39 44 0 18 38 0 66 15 42 3 10 52 31 61 69 1 54 50 35 25 0 75 21 58 0 0 2 32 59 77 0 17 27 81 0 0 0 60 0 33 0 49 72 7 0 74 34 5 79 0
80 14 41 16 12 73 20 0 0 53 62 40 0 71 78 47 65 67 46 63 0 26 0 44 9 18 38 56 0 15 42 3 10 0 31 61 69 1 0 0 0 0 19 0 21 58 0 24 2 32 59 77 11 17 0 0 0 0 4 0 13 33 0 49 72 7 45 74 0 5 79 0 0 6 55 30 0 22 0 70 8
53 0 40 43 71 78 47 65 67 46 63 76 26 0 44 0 18 38 0 0 15 42 3 10 52 0 0 69 1 0 50 0 25 19 0 21 58 0 24 2 0 0 77 11 17 27 0 0 0 4 60 13 0 57 0 72 7 45 0 0 5 79 37 51 0 55 0 0 22 36 0 0 0 14 41 16 12 73 20 68 64
46 63 76 26 39 44 9 18 0 56 0 15 0 0 0 52 31 61 69 1 0 0 35 0 19 75 21 0 29 0 2 32 59 77 0 0 27 81 0 23 4 60 0 33 57 49 0 7 0 74 34 5 79 0 0 6 55 0 48 22 36 70 0 80 14 41 16 12 73 20 68 64 0 62 40 43 71 78 47 65 67
56 66 15 42 3 10 0 31 61 0 1 54 50 35 25 19 0 0 58 29 0 0 32 0 77 11 17 27 81 0 0 4 60 13 0 57 49 72 0 45 0 34 5 79 37 0 0 55 0 0 22 36 0 8 80 14 0 0 12 0 0 0 0 53 62 0 43 71 78 47 0 0 46 0 76 26 39 44 9 18 0
25 0 75 0 69 1 0 50 35 59 77 0 17 58 29 24 2 0 60 13 33 0 0 81 28 23 4 34 5 0 0 49 72 0 45 74 22 0 70 0 51 0 55 30 48 73 20 68 64 80 0 0 0 0 78 0 65 67 53 62 40 43 71 44 9 18 38 46 63 76 0 39 10 0 0 0 56 66 0 42 3
59 0 11 0 58 29 24 2 0 60 13 33 57 27 0 28 0 4 34 0 79 37 0 72 0 0 74 22 36 70 8 51 0 0 30 48 73 20 68 64 0 14 41 16 0 0 47 65 67 53 62 0 43 71 44 9 18 38 0 63 76 26 39 10 52 31 61 56 66 0 42 3 25 0 75 0 69 1 54 0 0
60 13 33 57 27 0 28 23 0 34 0 79 37 49 0 7 0 74 22 36 70 8 51 6 0 0 0 73 20 68 0 80 14 41 16 12 0 47 0 67 0 0 40 0 0 0 9 18 0 46 63 76 26 0 10 0 31 0 56 0 15 0 3 25 19 75 21 69 1 0 50 0 59 77 0 17 0 0 0 2 0
34 5 0 37 49 0 7 0 0 22 36 70 8 51 6 0 30 48 73 20 0 64 0 0 41 16 12 78 47 65 67 53 62 40 43 71 44 9 18 0 0 0 0 26 0 10 52 31 0 0 66 0 0 3 25 19 75 21 0 1 0 50 35 59 0 0 17 58 0 24 2 32 60 0 0 0 27 81 0 23 0
22 0 70 8 51 6 0 30 48 73 20 68 0 0 0 0 16 12 78 47 0 67 53 62 40 43 71 44 9 18 38 0 63 76 26 39 0 0 31 61 56 0 15 42 3 25 19 75 21 69 0 54 50 35 0 77 11 0 58 29 24 2 32 60 13 33 57 27 81 28 23 4 34 5 79 0 0 72 7 0 74
73 20 0 64 80 14 41 0 12 78 47 0 67 53 62 40 43 71 44 9 0 0 46 63 76 26 39 10 52 0 61 0 66 15 42 0 25 19 0 21 69 1 54 0 35 59 0 11 0 0 0 24 2 0 0 13 33 57 0 81 28 23 4 34 5 79 0 49 72 0 45 0 22 36 0 8 51 0 55 0 48
78 47 65 67 0 0 40 0 71 44 9 18 38 0 63 76 26 39 10 52 31 61 56 0 0 42 0 25 0 75 21 69 0 54 50 35 59 77 11 17 58 29 24 2 0 60 0 0 57 0 81 28 23 4 0 5 79 0 0 72 7 45 0 22 36 70 8 51 6 0 0 48 73 20 68 0 80 0 0 16 12
44 9 0 38 46 0 76 26 39 0 52 31 61 0 0 15 42 3 25 19 75 21 69 1 54 50 35 59 77 0 17 58 0 24 2 32 0 13 0 57 27 0 0 23 0 0 5 79 37 49 0 7 45 74 22 36 70 0 51 0 55 30 48 73 20 68 64 80 14 41 16 12 78 0 65 67 53 62 40 43 71
10 0 31 0 0 66 15 42 0 25 19 75 0 69 1 54 0 35 59 77 0 0 58 29 24 2 32 60 13 0 0 0 81 0 23 4 0 5 0 37 49 72 0 45 74 22 0 0 8 51 6 55 30 48 73 0 68 64 0 14 0 16 12 0 47 65 67 53 62 0 43 71 0 9 0 38 0 63 76 26 39
1 54 50 35 25 0 0 21 0 29 24 2 32 0 77 11 17 58 0 28 23 0 60 0 33 57 0 72 0 45 74 34 5 79 37 0 0 55 30 48 22 0 70 0 0 14 41 16 12 73 0 0 64 80 0 40 43 0 78 0 65 0 53 63 0 26 39 44 9 18 38 46 66 15 0 0 10 52 31 0 56
0 0 2 0 59 77 0 17 58 81 28 23 0 60 13 33 57 27 72 7 45 74 34 5 79 37 49 6 55 30 0 0 0 70 0 51 14 0 0 12 73 20 0 64 80 62 40 43 71 0 47 65 67 53 0 76 0 39 44 9 0 38 46 66 15 42 3 0 0 0 61 56 0 54 0 35 25 0 75 21 69
81 0 23 0 60 0 33 57 27 72 7 45 74 0 5 79 0 49 6 55 0 48 22 36 0 0 0 14 0 16 12 73 20 68 64 80 62 0 43 71 0 47 65 0 53 63 76 0 0 44 9 18 38 46 66 15 42 3 10 0 0 61 56 0 54 0 0 25 19 75 0 69 29 24 2 32 0 77 0 0 58
0 7 45 74 0 0 79 37 0 6 0 30 0 22 36 70 8 51 0 0 0 12 73 20 68 64 80 0 40 43 71 78 47 65 67 0 63 0 0 0 44 9 18 38 0 0 0 0 3 10 52 31 61 0 0 54 50 0 25 0 75 21 0 29 24 2 32 59 77 11 17 58 81 28 23 4 60 13 33 0 27
6 55 30 0 0 0 70 8 0 0 0 16 12 73 20 68 64 80 62 0 0 71 78 47 0 0 53 63 76 0 39 0 0 18 38 46 66 15 0 3 10 52 31 61 56 1 54 0 35 0 0 75 21 0 29 24 2 32 59 77 11 17 0 81 28 0 4 60 13 33 0 0 72 0 0 74 34 5 79 37 0
0 41 0 12 73 20 0 64 80 62 40 43 71 78 0 65 67 53 63 76 0 39 44 9 0 0 46 0 15 0 3 10 0 31 0 56 1 0 50 35 25 19 0 21 69 0 24 0 32 59 77 0 0 58 0 0 0 4 60 13 33 57 27 0 7 45 74 34 5 79 37 0 6 55 30 0 0 36 0 8 51
62 0 43 71 0 0 65 67 53 63 76 26 39 44 0 18 38 46 66 0 42 3 10 52 0 0 56 1 54 0 0 0 19 0 21 69 29 24 0 32 59 0 11 0 58 81 28 23 0 0 0 33 57 27 0 0 45 74 34 5 0 37 0 6 55 0 48 22 0 70 0 0 14 41 16 12 73 20 68 64 80
0 76 26 39 44 9 18 38 46 66 15 42 0 0 52 31 61 56 1 54 50 35 0 19 75 0 69 0 24 0 0 59 77 11 0 58 0 28 23 4 60 13 0 57 27 0 7 45 0 0 5 79 37 0 0 0 0 48 22 0 70 8 51 14 41 16 0 0 0 68 64 0 0 0 43 71 0 0 0 0 0
66 15 0 3 10 52 0 61 0 0 54 50 35 0 19 75 21 69 0 24 2 0 59 77 0 0 58 0 28 23 4 0 13 0 57 27 0 7 45 74 0 5 79 37 0 6 55 0 48 22 36 70 0 51 0 41 16 12 73 20 68 0 80 62 0 43 71 78 47 65 0 53 0 0 26 0 44 9 18 0 46
0 0 0 0 1 0 0 35 25 77 11 0 58 0 24 2 32 59 13 0 57 27 81 28 23 4 60 5 0 37 49 0 7 45 74 0 36 0 0 51 6 55 30 48 22 20 0 64 80 14 41 16 12 73 47 65 67 53 62 40 43 71 78 9 0 38 46 63 76 26 39 44 52 31 61 0 66 0 42 3 0
77 11 0 58 29 24 2 0 59 0 0 57 0 81 0 23 4 60 5 0 0 49 0 7 45 0 0 36 70 0 51 6 55 0 48 22 20 68 64 80 14 41 16 12 73 47 0 67 53 0 40 43 71 78 9 0 0 46 0 76 26 0 44 52 31 61 56 66 15 42 3 10 19 75 0 69 0 54 50 35 25
13 33 57 27 0 28 23 4 60 5 0 37 0 72 7 45 74 0 0 70 8 51 6 55 30 48 0 0 0 0 80 14 0 0 12 73 47 65 67 0 0 0 0 0 78 0 18 38 46 63 76 26 39 44 52 0 61 0 0 0 0 3 0 19 0 21 0 0 54 50 35 0 0 11 0 0 0 24 2 32 0
5 79 0 49 72 0 45 74 34 36 70 0 51 6 55 0 48 22 20 0 64 0 0 41 16 0 0 47 65 0 53 0 40 0 0 78 9 18 38 46 63 76 26 39 0 0 31 61 56 66 15 42 0 10 19 75 0 69 0 0 50 0 25 0 11 17 0 0 0 0 32 0 0 33 57 27 0 0 0 0 60
36 70 8 51 6 55 0 48 22 20 68 64 80 14 41 0 0 73 47 65 67 53 62 40 43 71 78 9 0 38 46 63 0 26 39 44 52 31 0 0 0 0 0 0 10 19 0 21 69 1 54 50 35 0 77 11 17 0 29 24 0 0 0 13 33 0 0 0 28 23 4 60 0 79 0 49 72 7 45 74 0
20 68 64 80 0 0 0 12 0 0 0 67 0 62 40 0 71 78 9 0 0 46 63 76 0 0 44 52 31 0 56 66 0 42 0 10 0 75 21 69 1 54 0 0 0 77 11 17 58 29 0 0 32 59 0 33 0 27 0 0 0 0 60 5 79 37 49 72 7 0 74 0 36 70 8 51 6 0 0 48 22
0 65 0 53 0 40 43 71 78 9 18 38 0 63 0 26 39 44 0 31 61 56 66 0 42 0 10 0 75 21 69 1 0 50 0 0 77 11 17 58 29 0 0 32 59 13 0 0 27 81 28 23 4 0 5 79 37 49 72 7 45 0 0 36 70 8 0 6 0 30 0 22 20 68 64 0 0 41 0 0 0
9 18 0 46 0 76 26 39 0 52 0 0 56 66 15 0 3 10 19 75 0 0 1 54 50 0 25 77 11 17 0 29 24 2 0 0 13 33 0 0 0 28 23 4 0 5 0 0 0 72 7 45 74 34 0 70 8 0 6 0 30 48 0 0 0 64 0 0 41 16 12 73 0 65 0 53 0 40 43 71 78
52 31 61 56 66 15 0 0 10 0 75 21 69 1 54 50 0 25 0 11 17 58 29 24 2 32 0 13 0 0 0 81 28 23 0 0 5 0 37 49 72 7 0 0 34 0 70 8 51 0 0 0 48 22 20 68 64 80 0 41 16 12 0 47 65 67 0 62 40 0 0 78 9 18 38 46 63 76 0 39 44
0 50 35 0 19 0 21 69 1 24 0 32 59 0 11 17 58 29 0 0 4 60 0 33 57 0 81 0 45 74 34 0 79 0 0 72 55 30 0 22 36 70 8 51 6 41 16 12 73 20 68 64 0 14 40 0 71 78 47 0 0 0 62 76 26 39 44 0 18 38 46 63 15 42 3 10 0 31 61 56 66
24 2 32 59 0 0 17 0 0 0 23 4 60 13 33 57 0 81 7 45 0 34 5 79 0 49 72 0 0 48 22 0 70 8 51 6 0 16 0 73 20 68 64 80 0 40 43 0 78 0 65 67 0 62 0 26 39 0 9 0 0 0 63 0 0 0 10 52 31 0 56 66 54 0 0 0 19 75 21 0 0
0 23 4 60 13 33 57 27 0 0 45 74 34 5 79 37 49 72 0 30 48 22 0 0 8 51 0 41 16 12 73 20 68 64 80 14 40 0 71 0 47 65 0 0 62 0 26 39 44 9 18 38 46 63 15 42 3 10 52 0 61 56 66 54 50 35 0 0 75 21 0 1 24 2 32 59 77 11 0 58 29
0 0 74 34 5 79 37 0 72 0 30 48 0 36 70 8 51 0 0 0 12 73 20 68 64 0 14 40 0 71 0 0 0 67 53 0 76 26 0 0 0 0 38 0 0 15 0 3 10 52 31 61 56 66 54 50 35 0 19 75 0 69 0 24 0 0 0 0 11 17 0 29 0 23 4 60 0 0 57 27 81
55 0 48 22 36 70 0 0 0 0 16 0 73 20 68 64 80 14 0 0 71 78 0 0 0 53 62 76 0 0 44 9 18 38 0 0 15 42 3 10 52 31 61 56 0 0 0 35 25 19 75 21 69 1 24 2 32 0 0 11 17 0 29 28 0 4 60 13 33 0 27 81 0 45 74 34 0 79 37 0 0
0 0 12 73 20 68 0 80 14 40 43 71 0 47 65 67 53 62 76 26 39 44 0 18 0 46 0 0 42 3 0 52 31 61 56 0 0 0 35 25 19 75 21 69 1 24 0 0 59 77 0 17 58 29 0 23 4 60 13 33 0 27 0 7 45 0 0 5 79 37 49 72 55 30 48 0 36 70 8 51 6
40 43 71 78 47 65 0 53 62 76 26 39 44 0 18 0 46 0 15 42 0 0 52 31 61 56 0 54 50 0 25 19 75 21 69 0 24 2 32 59 77 0 0 0 29 28 23 4 0 13 0 57 27 81 7 0 0 0 5 0 37 49 0 55 30 48 22 36 70 8 0 6 0 16 12 73 0 68 64 80 0
0 26 39 44 9 18 0 46 63 0 42 3 10 52 0 0 56 66 0 50 35 0 19 75 21 69 1 24 0 32 0 77 11 17 58 0 0 23 0 60 13 33 0 0 81 0 0 0 34 5 0 0 49 0 55 30 48 22 0 70 8 0 6 41 16 12 73 0 68 64 80 0 40 43 71 78 47 65 67 0 62
15 42 3 0 52 31 61 56 66 0 50 35 25 0 75 0 69 1 0 2 32 0 77 11 17 58 29 28 23 0 60 13 33 57 27 81 0 45 74 34 5 0 37 0 0 0 30 0 22 36 70 0 51 6 41 16 0 0 20 0 64 0 14 40 43 0 0 47 0 67 53 62 76 26 39 0 0 18 38 46 0
0 21 69 1 0 50 35 25 19 11 17 58 0 24 0 32 59 77 33 57 27 81 28 0 4 0 0 79 37 49 72 0 45 74 0 5 0 8 51 6 0 30 0 22 36 68 64 80 14 41 16 12 73 20 65 67 0 0 40 43 71 78 47 0 38 46 63 76 0 0 44 9 31 61 56 0 0 42 3 10 0
0 17 58 29 24 0 32 0 0 33 57 0 0 0 23 4 0 0 79 37 49 0 7 45 74 34 0 70 0 51 0 0 30 48 22 36 68 64 0 14 0 16 0 73 20 65 0 53 62 0 43 71 0 47 18 38 0 63 0 26 0 44 9 31 0 56 66 15 42 0 10 52 0 0 69 0 54 0 35 25 19
33 57 0 0 28 23 4 60 13 79 37 49 72 7 0 74 34 5 70 8 51 0 55 30 48 0 36 0 64 80 14 41 16 0 73 0 65 0 0 0 40 43 71 0 47 0 0 46 63 0 26 39 44 9 31 61 56 66 15 42 3 10 52 75 21 69 1 54 0 35 0 0 0 17 58 29 24 2 32 59 77
79 0 0 72 7 45 0 34 5 70 8 51 6 55 30 48 22 0 68 0 0 14 41 16 12 73 20 0 67 53 62 0 43 71 78 47 18 38 46 63 76 26 39 0 9 31 61 0 66 15 42 0 10 0 75 0 69 1 54 50 35 0 19 11 17 58 29 24 2 32 59 0 0 57 27 81 0 23 4 60 13
0 8 51 6 0 30 0 0 0 0 64 80 14 41 16 0 73 20 0 67 53 62 40 0 71 78 47 18 38 46 0 76 26 39 0 9 0 0 56 0 15 42 0 10 52 75 21 69 1 54 0 35 25 19 0 17 0 29 24 2 0 59 0 33 57 27 81 0 0 4 60 13 79 0 49 72 0 45 74 34 5
68 64 80 14 41 16 12 0 20 65 0 53 62 40 43 71 0 47 18 0 46 0 0 26 39 0 0 31 0 56 0 15 0 3 10 52 75 21 69 1 54 50 35 0 19 11 0 58 29 24 2 0 59 0 33 57 0 0 0 23 4 60 13 79 37 49 72 0 0 74 34 5 0 8 51 0 55 30 0 22 0
0 67 53 62 40 43 71 78 0 18 38 46 63 76 26 0 44 9 31 61 56 66 0 42 3 10 52 75 21 0 1 0 50 0 25 19 11 17 0 29 0 2 32 59 77 33 0 27 81 28 23 4 0 0 79 0 0 72 0 45 74 34 5 70 8 0 0 0 30 48 22 36 68 0 80 14 41 0 12 73 20
0 38 0 63 76 0 39 44 9 31 61 0 0 15 42 3 10 0 75 21 69 0 54 50 35 25 19 0 17 58 0 24 0 32 59 77 0 57 27 0 28 23 0 0 0 0 0 0 0 7 0 74 34 5 0 8 51 6 55 30 0 22 36 68 64 0 0 41 16 0 73 0 65 67 53 62 40 43 0 78 47
31 61 56 0 15 42 3 10 52 75 0 69 1 54 0 35 25 19 11 0 0 0 24 2 0 59 77 33 0 27 81 28 23 4 60 13 79 37 49 72 7 45 74 34 5 70 8 51 6 0 30 48 22 36 68 64 0 14 0 16 12 0 0 0 67 53 0 40 43 71 78 0 18 38 46 63 76 26 0 44 0
50 35 25 19 75 21 69 0 54 0 32 59 77 0 17 0 29 24 0 4 60 13 0 57 27 81 28 0 74 34 5 79 37 49 0 7 30 0 0 36 70 8 0 6 55 16 12 0 20 0 0 0 14 41 43 71 78 0 0 67 53 0 40 26 0 0 0 18 0 46 0 76 42 0 10 52 31 61 56 0 15
2 0 59 0 0 17 58 29 24 23 4 60 0 33 57 27 81 28 45 0 0 5 79 0 49 72 7 30 0 22 36 70 0 0 0 0 16 0 0 0 68 64 80 0 41 43 71 78 47 0 0 0 62 40 26 39 44 9 0 38 46 63 76 42 3 10 52 31 61 56 66 15 50 35 25 0 75 0 69 1 54
0 4 0 13 0 57 27 81 28 45 74 0 5 79 0 0 72 0 30 0 22 36 70 0 51 0 55 16 0 73 0 68 64 80 14 41 43 71 78 47 65 0 53 62 40 26 39 44 0 18 0 46 63 0 0 3 0 52 31 61 56 66 15 50 0 25 19 75 0 69 1 54 2 32 59 77 11 0 0 29 0
45 0 0 5 0 37 49 72 7 30 48 22 0 0 0 51 6 55 16 12 0 20 68 0 80 0 41 43 71 78 47 65 0 53 62 40 26 0 44 9 0 0 0 63 76 42 3 10 52 0 61 0 0 15 50 35 25 0 0 21 69 1 0 0 32 59 77 11 17 0 0 24 23 0 60 13 0 0 0 81 0
30 48 22 36 70 0 51 6 0 16 0 73 20 68 0 80 0 41 43 71 78 47 65 0 53 62 40 26 39 44 0 18 0 46 63 76 42 3 0 0 0 0 56 66 0 50 35 25 0 75 21 69 1 54 0 0 0 77 11 17 0 0 24 23 0 60 13 33 57 27 81 28 45 74 34 5 79 37 49 0 7
16 12 73 20 68 64 80 14 41 0 0 78 47 65 67 0 62 40 0 0 44 9 18 38 46 63 76 42 0 10 52 31 61 0 0 15 50 35 25 0 75 21 0 0 0 2 32 59 0 11 17 0 29 0 23 0 60 0 0 57 27 81 28 0 74 34 5 79 0 49 72 0 0 48 22 36 0 8 51 6 55
43 71 78 0 65 67 53 62 40 26 39 0 9 18 38 46 63 76 42 0 10 52 31 0 56 66 15 50 35 0 19 75 21 0 1 54 2 32 0 0 0 0 58 29 24 23 4 60 13 0 57 27 81 0 0 74 34 0 79 37 0 72 0 30 48 22 36 70 0 0 6 55 0 0 73 20 0 64 80 0 0
26 39 44 9 18 38 46 63 76 42 3 10 52 31 0 56 66 15 50 0 25 0 75 21 69 0 54 2 32 59 0 11 17 58 29 24 23 4 60 13 0 57 27 81 0 45 0 34 5 0 37 0 72 0 0 48 22 36 70 8 51 6 55 16 12 73 0 0 64 80 14 0 43 71 0 0 0 67 53 62 0
42 3 0 0 0 61 56 0 15 50 35 25 19 75 21 69 1 54 2 32 59 77 11 0 58 29 24 23 4 60 13 33 0 27 0 28 45 74 0 5 79 37 0 72 0 30 48 22 36 0 0 51 6 0 16 12 73 20 68 64 80 14 0 0 71 0 47 65 67 53 62 0 26 39 44 0 18 38 0 63 76