9
51 1 18 24 13 60 79 0 44 25 61 38 56 78 63 0 39 46 0 22 29 0 0 8 0 35 59 0 58 28 75 17 70 64 77 74 72 0 49 0 32 10 81 40 66 5 0 6 0 0 55 27 41 0 0 0 0 0 43 19 21 69 68 47 80 3 4 0 31 0 34 76 0 0 54 16 57 12 0 33 9
0 62 54 16 57 12 2 33 9 0 1 18 24 13 0 79 14 44 0 61 38 0 78 63 0 39 46 71 22 29 52 23 8 36 35 59 67 58 28 0 17 0 64 0 74 0 73 49 30 32 0 81 40 66 5 53 6 0 0 55 27 41 0 0 48 65 0 43 19 21 69 68 0 80 3 0 45 0 7 34 76
47 80 3 0 0 31 7 34 76 37 62 54 16 57 12 2 0 9 51 1 0 24 13 0 79 14 44 0 61 38 56 0 63 0 39 0 0 22 0 52 23 8 0 0 59 67 58 28 0 17 70 64 0 74 72 0 49 30 32 0 81 40 0 5 53 0 50 0 0 0 41 15 0 48 0 20 43 19 21 69 68
0 48 65 20 43 0 0 69 0 47 0 0 4 0 31 7 34 76 0 62 0 0 0 0 2 33 9 51 1 18 0 13 60 0 0 44 25 61 38 56 78 63 0 39 46 71 22 29 0 0 8 0 35 59 0 58 28 0 17 70 64 0 0 72 73 49 30 32 10 81 0 66 5 53 0 50 11 0 27 0 0
5 53 0 50 11 55 0 0 15 26 48 65 20 43 19 21 69 0 47 0 3 0 45 0 7 34 0 37 62 54 16 57 0 2 33 9 51 1 18 24 13 60 79 0 44 25 61 38 56 78 63 0 39 46 71 0 0 0 0 8 36 35 0 67 58 0 75 0 70 64 77 74 0 73 0 0 0 10 81 40 0
72 73 49 30 32 0 0 40 66 5 53 6 50 11 55 27 0 0 26 48 65 20 43 19 21 69 68 47 80 3 4 45 31 7 34 0 0 0 54 0 57 12 2 0 9 51 1 0 24 13 0 79 14 44 25 61 38 56 78 63 42 39 46 71 0 29 52 23 0 36 0 59 0 58 28 75 17 70 64 77 74
0 0 28 75 17 70 64 77 74 72 73 49 30 32 10 81 40 66 0 53 0 50 11 0 27 41 15 26 0 65 20 43 19 0 0 68 47 80 3 4 45 31 0 34 76 37 62 0 16 0 12 2 33 9 51 1 18 24 13 60 0 14 0 25 61 38 0 0 0 42 39 46 71 0 29 0 23 8 0 35 59
71 22 29 52 23 8 0 35 0 67 0 28 75 0 70 64 77 74 72 0 0 30 32 10 81 40 66 5 53 6 50 11 55 27 41 0 26 0 0 20 43 19 0 69 68 47 80 0 4 45 31 7 34 0 37 62 54 0 57 12 2 33 9 0 1 0 0 13 60 79 0 44 0 61 38 0 78 0 0 0 46
25 61 38 56 0 0 0 0 46 71 22 29 52 0 8 36 35 59 0 0 28 75 0 70 0 0 74 0 73 0 30 32 10 81 40 0 0 53 6 50 11 55 27 41 15 26 0 65 0 43 0 21 69 68 47 80 3 4 0 31 7 34 0 37 0 54 16 57 0 2 0 0 51 0 18 0 13 60 79 14 44
13 60 0 14 44 51 0 0 24 78 63 42 0 46 25 0 0 56 23 0 0 35 59 71 22 29 52 0 70 64 77 74 67 58 0 0 0 0 0 40 66 0 0 49 0 11 55 27 41 15 0 0 6 50 43 0 21 69 68 26 48 65 0 45 31 7 0 0 0 80 0 4 57 12 2 33 9 37 62 0 0
0 12 2 33 0 37 62 54 16 13 0 79 14 0 51 1 18 24 78 63 42 0 46 25 61 38 0 23 8 0 35 59 71 0 29 52 17 0 0 77 74 67 58 28 75 32 0 0 40 66 0 73 49 30 11 0 0 41 15 5 0 6 50 0 19 21 69 68 0 48 65 20 45 31 0 34 0 47 80 3 4
45 0 7 34 0 47 80 3 4 0 12 2 33 9 37 62 0 16 13 60 0 14 0 51 0 18 24 78 63 42 39 46 25 61 38 56 23 0 0 35 59 71 0 29 52 0 70 0 77 0 67 0 28 0 32 0 81 0 66 72 73 49 30 11 55 27 41 15 5 53 0 0 43 19 0 69 68 26 48 65 20
43 19 21 0 68 0 48 65 0 45 31 0 34 76 0 80 0 4 57 12 2 0 9 37 62 54 0 13 60 79 14 44 51 1 0 24 78 63 42 39 46 25 0 0 56 23 0 36 0 59 0 22 29 52 17 70 64 77 74 67 58 0 75 32 0 81 0 66 0 73 49 30 11 55 0 41 15 5 53 6 50
11 55 27 0 0 0 0 0 0 43 19 21 69 0 26 48 65 20 45 0 0 34 0 47 0 0 4 0 0 2 33 9 37 0 0 16 13 0 79 14 44 0 1 0 0 78 63 42 0 46 0 0 0 0 23 8 36 0 59 71 0 0 52 17 70 64 77 74 67 58 0 75 32 10 81 40 66 0 73 49 30
32 10 0 0 66 72 0 49 0 11 55 27 41 0 5 53 6 0 0 19 21 69 68 26 48 0 0 45 31 7 0 76 47 80 0 4 57 12 0 0 0 37 62 54 16 0 60 79 14 0 0 1 18 0 0 63 42 0 46 0 61 38 56 23 8 0 0 59 71 22 29 52 0 0 0 0 74 67 0 28 75
17 70 64 77 74 67 58 0 0 0 10 81 0 66 0 73 49 0 11 55 0 41 15 5 0 0 0 43 19 21 69 68 26 48 65 20 45 31 7 34 76 47 80 3 4 57 12 2 0 9 37 0 54 16 13 60 79 0 44 51 0 18 0 0 63 0 39 0 25 0 38 0 23 8 36 35 0 0 22 29 52
0 0 36 0 0 71 22 0 52 0 70 64 77 74 67 58 28 75 32 10 81 40 66 72 73 49 0 11 55 0 41 15 5 53 6 50 43 0 21 0 68 0 48 0 0 45 31 7 34 76 47 0 3 4 0 12 2 33 9 37 62 54 16 13 60 79 14 44 0 1 18 0 0 63 42 39 0 25 61 0 56
78 63 42 39 46 25 61 0 56 23 8 0 35 0 0 22 29 52 0 0 0 0 74 67 0 28 75 32 0 0 40 66 0 73 49 30 11 55 27 41 15 5 53 0 50 43 19 21 69 68 26 0 0 0 45 31 0 34 0 47 0 3 4 57 0 0 33 0 37 62 0 16 13 60 0 14 44 51 1 0 24
44 0 1 0 24 13 0 0 0 46 25 0 38 56 0 63 0 0 0 71 0 29 0 23 8 36 35 74 0 58 0 75 17 0 64 0 66 0 0 49 30 0 0 81 0 15 0 53 6 50 11 55 27 41 68 26 48 65 0 0 19 21 69 76 0 80 3 0 45 31 7 34 9 0 62 54 16 57 12 2 33
0 37 62 54 16 57 12 0 33 0 51 0 18 24 13 60 79 14 46 25 61 38 56 78 63 42 0 0 71 22 29 0 0 0 36 35 74 67 58 28 0 0 70 64 77 66 72 73 49 30 32 10 0 40 15 5 53 0 50 0 55 27 0 68 26 0 65 20 43 19 21 69 76 47 80 3 4 0 31 7 34
0 47 80 0 4 45 0 7 34 9 37 62 54 16 0 0 2 33 44 0 1 0 24 13 60 0 0 46 0 61 38 56 0 63 42 39 0 71 0 29 52 23 8 36 0 74 67 58 28 0 0 0 64 0 0 72 73 49 30 32 0 0 40 15 0 53 6 0 11 55 27 41 68 26 48 0 0 43 19 21 0
68 26 48 65 20 0 19 21 0 76 47 0 0 4 45 31 7 34 0 0 62 54 0 57 12 0 33 44 51 1 18 24 13 60 79 14 46 25 61 38 0 0 63 0 39 0 71 0 29 52 23 8 36 0 74 67 58 0 0 17 0 64 77 66 72 73 49 0 0 10 81 40 15 0 0 6 50 11 55 27 0
0 0 0 6 50 11 0 27 41 68 26 48 0 20 43 19 0 69 76 47 80 0 0 45 31 7 0 9 37 62 0 0 0 12 0 33 44 51 1 18 24 13 60 79 14 46 0 0 38 56 0 63 42 0 59 71 0 0 52 23 8 36 35 0 67 58 28 75 17 70 0 77 66 72 73 49 0 32 10 81 40
0 72 73 49 0 0 10 81 40 15 0 53 6 50 11 55 27 41 68 26 48 65 20 43 0 0 69 76 0 80 0 0 45 0 7 0 9 0 0 54 16 57 12 2 33 44 51 1 18 0 0 60 79 14 0 0 61 38 56 78 63 42 39 0 71 22 29 0 23 8 0 0 74 67 58 28 75 17 0 64 77
74 67 58 28 0 0 70 0 0 66 72 0 49 0 32 0 0 40 0 5 53 6 50 0 0 0 41 68 26 48 0 0 43 19 21 69 76 47 80 3 4 45 31 7 34 9 37 0 0 0 0 12 2 33 0 0 0 18 24 13 60 79 14 46 0 61 38 56 78 0 0 0 59 71 22 0 52 23 8 0 35
59 71 22 29 52 23 0 36 0 74 67 58 28 75 0 70 0 0 66 72 0 49 30 32 10 81 0 15 5 53 6 50 11 55 27 41 0 26 48 65 20 43 19 21 0 76 0 80 3 0 45 0 7 34 9 37 62 54 16 57 12 2 33 44 0 0 18 0 13 60 79 14 46 25 0 38 56 0 63 42 39
46 0 0 0 0 78 63 42 0 0 71 22 29 52 23 8 0 35 74 67 0 28 0 0 70 64 77 66 0 73 49 0 0 10 81 0 15 5 53 6 0 0 55 27 0 68 26 48 65 20 43 0 21 0 76 47 80 3 4 45 31 0 34 0 37 62 0 0 57 0 2 33 44 51 1 18 24 13 60 79 14
24 13 0 79 14 44 0 0 18 0 0 63 0 39 46 25 0 0 52 0 8 0 35 0 0 22 0 75 17 70 0 77 74 0 58 28 30 32 0 81 40 66 0 73 0 50 11 0 0 41 0 5 0 0 20 43 19 21 69 68 26 48 65 4 0 0 7 34 76 47 0 3 16 57 0 2 33 9 37 62 54
0 0 12 2 0 9 37 0 54 0 13 60 79 14 44 51 1 0 56 78 63 42 39 0 25 61 38 52 23 8 36 35 0 0 22 29 75 17 0 0 0 0 0 58 28 30 0 10 81 40 66 0 73 49 50 11 55 0 0 15 5 53 0 20 0 0 0 69 68 26 0 65 0 45 31 7 34 0 0 80 3
4 0 31 7 34 76 47 80 3 16 57 0 2 0 0 37 62 54 24 13 60 79 0 44 51 0 18 0 0 0 42 0 46 25 0 38 0 0 8 36 35 0 71 0 29 75 0 70 64 77 74 67 58 28 30 32 10 81 40 0 0 73 49 50 0 55 27 0 15 0 53 0 20 43 19 0 69 68 26 48 65
0 0 19 21 69 68 26 0 0 0 45 31 0 0 76 47 80 0 16 57 12 0 33 9 0 0 54 24 13 60 0 0 0 51 1 0 0 78 63 42 39 46 25 0 38 52 23 8 36 0 59 0 0 0 75 0 70 0 77 74 0 58 28 0 32 10 81 40 66 72 0 49 0 11 55 27 0 15 5 53 6
0 11 0 27 41 15 0 53 6 0 0 0 21 69 68 0 48 0 0 45 0 0 0 76 47 80 3 16 0 12 2 33 9 37 62 54 24 0 60 79 14 44 51 1 0 56 78 63 42 39 46 0 0 38 0 23 0 36 35 59 71 0 0 0 0 70 0 77 74 0 58 28 30 32 0 81 40 0 72 0 49
0 0 10 0 40 66 72 73 0 50 0 55 27 41 15 5 53 6 20 0 19 21 0 68 26 48 65 0 45 31 7 34 76 47 0 3 0 57 0 2 0 0 0 62 54 24 13 0 0 0 44 51 1 0 56 0 0 42 0 0 25 61 38 0 23 8 36 35 59 71 0 29 0 17 70 64 77 74 67 58 0
75 17 70 0 77 74 0 58 28 0 32 10 81 0 66 72 73 49 0 11 55 27 41 15 5 53 6 0 0 19 21 69 68 26 48 65 0 45 31 7 0 76 0 0 0 16 57 12 0 0 9 0 62 0 24 0 60 0 14 44 51 1 18 56 0 63 0 0 46 25 61 0 52 23 8 0 0 0 71 22 0
52 0 8 0 0 59 71 0 29 75 17 0 0 77 0 67 58 28 30 32 0 81 40 66 72 73 49 0 0 55 27 41 15 0 0 6 20 43 0 21 69 0 26 0 65 4 0 31 7 0 76 47 80 0 16 57 0 2 0 9 37 0 0 0 0 60 79 14 44 51 0 18 0 78 63 42 39 46 0 61 38
56 78 63 42 39 0 25 61 38 52 23 8 36 0 59 71 22 29 0 17 0 0 77 74 67 58 28 30 0 10 0 40 66 0 0 0 50 11 55 0 0 0 5 53 6 20 0 19 21 69 0 26 48 0 4 45 31 0 34 76 47 0 3 0 57 0 2 33 0 0 62 54 24 13 0 79 14 0 0 1 18
14 0 51 1 18 0 13 60 79 0 0 25 0 0 56 78 63 42 0 59 71 22 29 52 23 0 0 77 74 67 58 28 75 0 70 64 0 0 0 73 0 30 32 10 0 0 15 5 0 0 0 11 0 27 69 68 26 48 0 20 43 19 0 0 0 0 0 0 0 45 31 7 0 9 0 62 54 16 57 12 2
33 0 37 62 54 0 57 12 2 14 44 51 1 18 0 0 60 0 0 0 0 61 38 56 0 63 42 35 59 0 22 0 52 23 0 36 77 74 0 58 28 0 17 0 64 40 66 72 0 49 30 0 10 0 41 15 0 0 6 50 0 55 0 0 68 26 0 0 0 0 19 0 34 76 0 80 3 4 45 31 7
0 0 47 0 3 0 45 31 0 0 9 37 0 54 0 0 12 0 14 44 51 0 18 24 13 60 79 39 46 25 61 38 56 78 63 42 35 0 0 22 29 52 23 8 36 0 0 67 0 28 0 17 70 64 0 66 0 73 49 30 32 10 81 41 15 5 53 6 50 11 55 0 69 0 26 48 65 0 43 19 21
0 0 26 48 0 20 43 19 21 0 76 47 0 0 4 0 31 7 33 9 37 0 54 16 57 12 0 0 44 51 1 18 24 13 60 79 39 46 25 61 38 56 78 63 42 35 59 0 22 0 52 23 8 0 77 74 0 0 28 75 17 70 64 40 66 72 73 49 30 32 10 81 0 0 5 53 6 50 11 55 27
41 0 0 0 0 50 11 0 27 69 68 26 0 65 20 43 0 21 0 0 47 80 0 4 45 31 7 33 9 0 62 0 16 57 12 0 14 44 51 1 18 24 13 60 0 39 46 25 61 38 56 0 63 42 35 0 0 22 29 52 23 8 0 77 74 67 0 0 0 0 70 64 40 66 72 73 49 30 0 10 81
40 66 0 73 0 30 32 10 81 0 0 0 0 6 0 0 0 27 69 68 26 0 65 20 0 19 0 0 0 47 0 3 4 45 31 0 33 9 37 62 54 0 0 0 0 14 0 51 1 18 24 13 60 79 0 46 0 61 38 56 78 0 42 0 59 0 22 29 0 23 8 36 0 74 0 0 28 75 17 0 64
77 74 67 0 0 75 0 0 64 40 0 72 0 0 0 32 10 81 0 0 5 0 0 50 0 55 0 0 68 0 48 0 20 43 0 21 34 76 0 80 3 4 0 31 0 33 0 37 62 54 0 0 12 0 0 0 51 1 18 24 0 60 79 39 0 0 61 38 56 0 63 42 35 59 0 0 29 52 23 0 0
35 59 71 22 29 52 23 8 0 77 74 0 58 28 75 17 70 64 0 0 0 73 0 30 32 0 81 41 15 5 0 6 50 0 55 27 69 0 26 0 0 0 0 0 0 0 76 0 80 3 4 45 0 7 33 9 37 0 54 16 57 12 0 0 44 51 0 18 0 0 60 79 0 46 25 61 38 0 78 63 42
39 0 25 0 38 56 78 63 42 0 0 71 22 29 0 23 8 0 77 74 67 0 0 0 17 70 64 0 66 0 73 0 30 32 10 81 41 15 5 53 6 50 11 55 0 0 68 26 0 0 20 43 19 21 0 76 47 80 3 4 45 31 7 0 9 0 62 54 16 57 12 2 14 44 51 0 0 0 13 60 0
18 24 13 60 79 14 0 51 0 38 56 78 63 42 39 46 25 0 29 52 23 8 0 35 59 0 0 28 0 17 70 0 77 74 67 0 49 0 32 0 0 0 0 72 73 0 0 0 55 27 41 0 5 0 65 20 43 19 21 69 0 26 48 0 4 45 31 0 0 76 47 80 54 0 57 0 2 33 9 0 0
54 16 57 12 0 33 0 37 0 0 0 13 0 0 0 0 51 1 0 56 0 63 42 39 0 0 61 29 52 23 8 36 35 59 71 0 0 75 0 70 64 0 74 67 58 49 30 32 10 81 40 0 0 73 6 50 11 0 27 41 0 5 53 65 20 43 0 0 69 0 0 48 3 4 45 31 0 34 0 47 80
0 0 45 31 7 34 76 47 80 0 0 57 12 2 33 9 37 62 18 24 0 0 79 14 44 51 0 38 56 0 63 0 39 0 25 61 29 0 0 8 36 0 0 71 22 28 0 0 70 64 77 0 67 58 49 30 32 0 0 0 66 0 73 0 0 0 55 27 0 15 5 53 0 20 43 19 0 0 68 0 0
65 20 0 19 21 69 68 26 48 3 0 45 31 7 34 76 47 0 54 0 57 0 0 33 9 37 62 0 24 13 60 79 14 0 51 1 0 56 78 63 0 39 46 25 0 0 0 0 0 36 0 59 71 22 0 75 17 70 64 77 74 67 58 0 30 32 10 81 0 0 0 73 6 50 11 55 27 41 15 5 53
6 50 11 55 27 41 15 5 53 65 20 43 0 21 69 0 26 48 3 4 45 0 7 34 0 0 0 0 16 57 12 2 0 0 37 62 18 24 13 0 0 14 44 51 1 0 56 78 0 42 39 46 25 0 29 52 23 8 36 35 0 71 22 0 75 17 70 64 77 74 0 58 49 30 32 10 81 40 66 72 73
49 30 32 0 0 0 66 0 0 6 50 11 0 27 41 15 5 53 0 20 43 19 21 69 68 26 48 3 0 45 31 0 34 76 47 80 54 16 0 0 2 0 9 37 0 18 24 0 60 0 14 0 51 0 0 56 78 63 42 0 46 25 61 0 52 0 0 36 35 59 71 0 28 75 17 0 64 77 74 0 0
28 75 17 70 64 0 74 67 0 0 30 32 10 81 40 0 72 73 6 50 11 55 27 41 15 5 53 0 20 0 19 21 0 0 26 48 3 4 45 31 7 0 76 47 80 54 16 57 12 2 33 9 37 62 18 24 13 60 0 14 44 51 0 38 56 78 0 42 0 0 25 0 0 0 23 8 36 0 0 71 22
0 0 0 8 36 35 0 71 0 28 0 17 0 0 77 74 67 58 0 30 0 10 81 40 0 72 0 6 50 11 55 0 41 15 5 0 65 0 43 19 21 69 68 26 48 0 4 45 31 0 34 76 47 80 54 16 57 0 2 33 9 37 62 0 0 0 60 79 0 44 51 0 38 56 78 63 0 39 0 25 0
38 56 78 0 0 0 46 25 61 0 52 0 0 0 35 59 71 22 28 75 17 0 64 77 74 67 58 49 30 0 10 81 40 66 72 73 0 50 11 55 27 41 15 5 0 65 20 43 19 21 69 68 0 0 3 4 45 31 7 34 0 47 80 54 16 0 12 2 33 9 0 62 18 24 13 60 79 14 44 0 0
79 0 0 0 1 0 24 13 60 42 0 0 25 0 38 56 0 63 0 35 59 71 22 29 0 23 8 0 77 0 67 58 28 75 17 70 81 40 0 72 0 0 30 32 0 27 41 15 0 53 0 0 11 55 21 69 68 26 0 65 20 43 19 7 34 0 0 0 3 4 45 31 2 33 9 37 0 0 16 57 12
2 0 9 0 62 54 16 57 12 79 0 44 51 1 18 24 13 60 42 39 46 0 61 38 56 0 63 0 35 0 71 0 29 52 23 8 0 77 74 0 0 28 75 0 0 81 40 66 72 73 49 30 32 10 27 41 15 0 53 6 50 11 55 0 0 0 0 48 65 20 0 0 7 0 0 47 0 3 4 45 31
7 0 0 47 80 3 4 0 31 0 0 9 37 0 54 16 0 0 79 14 44 51 1 0 24 13 60 42 39 46 25 0 38 56 0 63 0 35 59 0 0 29 52 0 8 64 0 0 67 58 28 75 0 70 81 40 66 72 0 0 0 0 0 27 0 15 0 53 6 0 0 55 21 69 68 26 0 0 20 0 19
21 69 0 0 48 0 20 43 19 7 34 76 47 80 3 4 45 0 2 0 9 37 0 54 16 57 12 79 14 44 51 1 18 0 13 60 42 39 0 25 61 38 56 78 63 36 35 59 71 22 0 52 23 8 64 77 0 67 58 28 75 0 0 81 0 66 72 73 0 0 0 10 27 0 15 0 0 6 0 11 55
0 0 0 5 53 6 50 11 55 21 0 0 26 48 65 20 43 0 0 0 76 47 80 0 4 45 31 2 33 9 37 62 54 16 57 12 79 14 0 51 1 18 24 13 60 42 0 0 25 61 38 56 78 63 36 0 59 0 0 29 52 0 8 64 77 0 0 58 0 75 17 0 81 0 0 0 0 49 0 0 0
81 40 0 72 73 49 30 32 0 0 0 15 5 53 6 50 11 55 21 69 68 0 48 65 20 43 19 7 34 76 0 0 0 4 45 31 2 33 9 37 62 0 0 0 12 0 14 0 51 0 18 0 13 0 42 0 46 25 61 38 56 78 63 36 0 59 0 22 0 52 23 8 64 77 0 67 58 28 75 17 70
64 77 74 0 58 0 75 17 0 81 0 0 72 73 49 30 32 0 0 41 15 0 0 6 0 11 0 21 69 68 0 0 0 20 43 19 7 0 76 0 80 3 4 45 0 2 33 9 37 62 54 16 0 0 79 14 44 51 1 0 0 0 60 42 39 0 25 0 38 56 78 63 36 35 0 71 0 29 52 23 0
36 35 59 71 22 29 52 0 8 64 77 74 67 58 28 0 17 0 0 0 66 0 73 49 0 0 10 27 41 15 5 53 6 0 11 0 0 69 68 0 48 65 20 43 19 7 34 76 0 80 3 0 45 0 0 33 0 37 62 0 0 57 12 79 14 44 0 1 18 0 13 60 42 39 46 0 61 38 56 78 0
42 0 46 25 0 0 56 0 63 36 35 59 71 22 29 52 0 0 64 77 74 0 58 0 75 17 70 81 40 66 72 73 49 0 32 10 27 0 15 5 53 6 50 11 55 21 69 68 0 48 0 0 0 19 0 34 76 47 0 3 0 45 31 2 33 9 37 62 54 16 0 12 79 0 44 51 0 18 24 13 60
0 18 0 0 0 79 14 44 51 61 38 56 78 63 42 0 46 0 22 29 0 0 8 36 35 59 71 0 28 0 17 70 64 77 0 67 0 49 30 32 10 81 40 66 0 53 6 50 11 55 27 41 15 5 48 65 0 43 19 21 0 0 0 80 3 4 0 31 7 34 76 47 0 54 16 0 0 2 0 9 37
0 54 16 57 12 2 33 9 37 1 18 0 13 60 79 14 0 51 61 38 56 78 0 42 39 0 0 0 29 52 23 8 36 0 59 71 58 28 75 17 0 64 77 0 67 73 0 30 32 10 81 40 66 72 53 0 50 0 55 0 0 0 5 48 65 20 0 19 0 0 68 26 80 3 4 45 31 0 0 76 47
80 3 4 45 31 7 34 76 0 0 0 0 0 12 0 33 9 0 0 18 0 13 60 79 0 44 51 61 0 0 78 63 42 39 46 25 0 0 52 0 8 36 0 0 0 58 0 75 0 0 0 77 0 0 73 0 30 0 10 0 40 66 72 0 6 50 11 0 0 41 0 5 48 65 20 43 19 21 0 0 26
48 0 20 43 19 21 69 68 0 0 0 0 45 0 7 34 76 0 0 0 16 57 0 2 0 9 37 1 18 0 0 60 79 0 44 0 0 38 0 78 0 0 39 46 0 0 29 0 0 0 36 35 0 71 58 28 75 17 70 0 77 0 67 73 0 0 32 10 81 40 66 72 53 6 50 0 55 27 41 15 5
53 0 50 11 55 27 41 15 5 48 0 20 43 19 0 0 0 26 0 3 4 45 0 0 34 76 0 62 54 16 57 12 2 0 0 37 1 18 24 13 60 79 14 44 51 61 0 56 78 63 0 39 0 25 0 29 52 23 8 36 0 59 0 0 0 75 17 70 64 0 74 67 0 49 0 32 0 0 40 66 0
0 49 0 32 10 81 40 66 72 0 0 0 0 0 27 41 0 5 0 0 0 0 0 21 0 0 26 80 3 4 0 31 0 0 76 0 0 54 16 57 12 2 33 0 0 1 18 24 0 60 79 0 44 51 61 0 56 78 0 42 39 0 25 22 0 52 0 8 36 0 59 71 58 0 75 0 70 64 0 0 67
58 28 75 0 70 0 77 74 67 73 0 0 32 10 81 40 66 72 53 0 50 11 0 27 0 0 5 0 65 20 43 19 21 69 0 26 0 3 4 0 31 0 34 76 0 62 54 16 57 12 0 33 9 37 0 18 0 0 60 79 14 0 51 61 0 56 78 0 42 39 46 0 0 29 52 0 0 36 35 59 71
0 29 52 0 0 36 0 0 0 58 28 75 17 70 64 77 74 67 73 49 30 32 0 81 0 0 72 53 6 50 11 0 0 41 15 5 0 0 0 0 19 21 0 68 0 80 3 0 45 31 7 0 76 0 62 54 16 57 12 2 33 9 37 0 18 24 13 60 79 14 0 51 0 38 56 78 0 0 39 46 25
0 38 56 78 63 0 39 0 25 22 29 52 23 8 0 35 59 0 58 28 0 17 70 64 77 0 67 73 49 0 0 0 81 0 66 72 0 0 50 11 55 0 41 0 5 0 0 20 0 0 0 69 68 26 80 3 4 45 31 0 34 0 47 62 0 0 57 12 0 33 9 37 1 18 24 0 0 0 14 0 51
60 0 0 44 0 1 18 0 0 63 42 0 46 25 0 38 56 78 8 36 35 59 71 0 0 52 23 0 64 0 74 0 58 28 75 17 10 81 40 66 72 73 49 30 0 55 27 41 15 5 53 6 0 11 0 21 69 0 26 48 65 20 0 31 7 34 76 47 80 0 0 0 12 2 33 9 0 62 0 16 0
12 2 33 0 37 62 54 16 57 60 79 0 0 51 0 0 0 13 63 42 39 46 0 61 38 56 0 8 36 35 59 71 22 29 0 23 70 64 77 74 0 58 28 75 17 10 0 40 0 0 0 49 30 32 55 27 0 15 5 53 6 50 11 19 21 69 68 0 48 65 20 43 0 7 0 76 0 0 3 4 45
31 7 0 76 47 80 3 4 0 12 2 0 9 37 0 54 0 57 0 0 14 44 51 0 0 24 13 63 0 39 46 25 61 0 56 0 8 0 0 59 71 22 29 0 23 70 64 77 74 0 58 28 0 17 10 81 40 0 72 73 49 30 32 55 27 41 15 5 53 6 50 0 19 0 0 68 26 0 65 20 43
19 0 69 68 26 48 65 0 43 31 7 34 0 47 0 3 0 45 12 2 33 9 0 0 0 16 57 60 79 0 0 51 1 0 24 0 63 42 39 46 25 61 0 56 0 0 0 35 59 71 0 0 0 0 70 64 0 0 67 0 28 75 17 10 81 40 0 72 73 49 30 32 0 27 0 15 0 0 6 50 11
0 27 41 15 0 53 6 50 11 0 21 69 68 26 48 65 20 43 31 0 34 0 47 80 3 4 45 12 2 33 9 0 62 54 16 57 0 79 14 44 51 1 18 24 0 0 42 39 0 25 61 38 0 0 8 36 0 59 71 22 29 52 0 70 0 77 74 67 0 0 75 0 0 0 40 66 72 73 49 30 32
0 81 40 66 0 73 0 0 0 55 27 0 15 0 53 6 50 11 19 0 69 0 0 48 0 20 43 0 7 34 76 47 80 3 4 45 0 2 0 9 37 62 54 16 57 60 79 14 44 51 1 18 24 13 63 42 39 0 0 61 38 56 78 0 36 0 59 0 0 0 52 0 0 0 0 74 0 0 28 75 0
70 0 77 74 67 58 28 75 0 10 81 40 66 72 0 49 30 32 55 27 41 15 5 53 6 0 11 19 0 69 68 26 48 65 20 0 31 7 0 76 47 0 3 0 45 12 2 0 0 37 0 54 0 57 60 79 14 44 51 1 18 24 13 63 42 0 46 25 0 0 56 78 8 0 35 59 71 22 29 52 0
0 36 0 59 0 0 29 52 23 70 64 77 74 0 0 28 0 0 0 0 0 66 72 73 49 0 32 55 27 41 15 0 53 6 0 11 0 21 69 0 26 0 65 20 0 31 7 34 0 0 80 0 0 45 12 0 33 9 37 62 54 16 57 0 79 0 44 51 1 18 24 0 63 42 0 0 0 61 0 0 78
63 42 39 0 0 0 0 56 78 8 36 35 59 0 0 29 52 23 70 64 77 74 67 58 28 75 17 0 81 0 0 72 73 49 30 0 55 27 0 15 0 53 6 50 0 19 21 69 68 26 48 0 20 43 31 0 34 76 0 0 3 0 0 12 0 33 9 37 62 0 0 0 60 79 14 44 51 1 0 0 13
