9
78 77 7 0 48 29 72 62 10 67 51 27 37 39 0 58 79 0 1 26 32 9 11 5 43 0 16 60 12 70 40 0 0 0 54 3 21 69 0 45 0 0 13 8 47 0 75 57 0 0 80 18 61 73 25 65 0 81 0 0 24 14 74 0 33 38 19 0 0 0 71 68 31 28 20 36 0 46 0 30 76
0 33 38 0 52 0 49 71 68 31 28 0 36 0 46 0 30 0 78 77 7 15 0 29 0 62 10 67 51 27 37 39 0 0 79 53 1 0 0 9 11 5 43 0 16 60 12 70 40 64 66 35 0 3 21 69 22 45 0 50 0 0 47 59 75 57 44 0 80 18 61 0 25 65 4 0 42 2 24 0 74
0 75 57 44 41 80 0 61 73 25 65 4 0 0 2 24 14 74 6 0 38 0 52 56 0 71 0 31 28 0 36 0 0 34 0 76 0 77 7 15 48 29 72 62 0 0 0 27 37 39 0 58 79 53 1 26 32 9 11 5 43 55 16 60 12 0 40 64 66 35 54 3 21 0 0 0 23 50 13 8 47
60 12 70 40 0 66 35 54 0 21 69 22 45 0 50 13 8 47 59 0 0 44 41 80 0 61 0 25 65 0 81 42 0 24 0 74 6 33 0 19 52 56 49 71 68 31 28 20 0 0 46 34 30 76 0 77 0 0 48 0 0 62 10 67 0 27 37 39 63 58 79 53 0 0 0 0 11 0 43 0 16
67 0 27 37 0 63 58 79 0 0 0 32 9 11 0 43 55 16 0 0 70 40 0 0 35 54 3 21 0 22 45 23 0 13 8 0 59 75 0 44 0 80 18 61 73 25 65 4 0 42 2 24 0 0 6 33 38 19 0 56 0 71 68 0 0 0 0 0 46 34 30 0 78 0 7 15 48 29 72 62 0
31 28 20 36 17 0 34 0 76 0 77 7 0 48 0 72 62 10 67 51 27 0 39 0 0 79 53 1 26 32 0 11 5 0 0 0 60 0 0 40 0 0 35 54 0 21 69 22 45 23 50 13 8 47 59 75 0 44 41 80 0 61 73 0 65 4 0 42 2 24 14 74 6 33 38 19 52 0 49 71 0
25 0 4 81 0 2 24 0 74 0 33 38 0 0 0 0 71 0 0 28 0 36 0 0 34 0 0 0 0 7 0 48 29 72 0 10 67 0 27 37 39 63 58 79 53 0 26 32 0 11 5 43 55 16 0 12 70 40 64 66 35 54 3 0 0 0 45 23 50 13 8 47 59 75 57 44 41 80 18 61 73
21 69 22 45 23 50 0 8 47 59 0 57 44 0 0 0 61 0 25 65 4 81 42 2 24 14 74 6 0 38 19 52 0 49 71 68 31 0 20 36 17 46 34 30 76 78 77 0 15 0 0 72 62 10 67 0 27 0 0 0 58 79 53 0 0 32 9 11 5 0 55 16 60 0 70 0 64 66 35 54 3
1 0 32 9 11 5 0 55 16 60 12 70 40 64 0 35 54 3 21 69 22 45 0 0 13 8 47 59 75 0 0 0 80 18 61 73 0 65 4 81 42 2 24 14 74 6 0 0 0 52 0 0 71 0 0 28 20 0 0 46 34 30 76 78 77 0 0 48 29 72 62 0 67 51 0 37 39 0 58 0 53
0 78 77 7 15 48 29 72 0 53 67 51 0 37 0 63 58 0 0 0 0 32 9 11 5 0 55 3 60 12 70 40 0 0 0 54 47 21 69 22 0 23 0 13 0 73 59 75 57 0 0 80 18 61 0 25 0 4 0 42 2 24 14 68 6 0 38 19 52 0 0 71 76 0 28 20 0 17 0 34 30
0 6 0 38 19 52 0 49 0 76 0 28 20 36 0 46 34 30 10 0 77 7 15 48 29 0 62 53 67 0 0 37 0 0 0 79 16 1 26 0 0 11 5 43 55 0 60 12 70 0 64 0 35 54 47 0 0 22 45 23 50 13 8 0 59 75 57 0 41 80 0 61 74 25 0 4 0 42 2 24 14
73 0 75 0 44 41 80 18 0 74 0 65 0 81 42 2 24 14 0 0 33 38 0 52 56 49 0 76 31 28 20 36 0 46 34 30 10 78 0 7 0 48 29 72 62 0 67 0 27 37 39 0 58 79 16 0 26 32 9 0 0 0 55 3 60 12 0 40 64 66 35 54 47 21 0 22 0 0 50 0 8
3 0 0 70 40 0 0 0 54 47 21 0 0 45 23 50 13 8 73 59 75 0 44 41 0 0 61 74 25 65 4 0 0 0 24 0 0 6 33 0 0 0 56 0 71 76 31 0 20 36 17 46 0 0 10 78 77 0 0 48 0 72 62 53 67 51 27 37 39 63 58 0 0 1 26 0 9 11 5 0 0
53 0 51 27 0 0 63 0 79 16 0 0 32 9 11 5 43 55 3 0 0 70 0 64 66 35 54 47 21 69 22 45 0 50 0 8 0 59 75 57 0 41 0 18 0 74 25 65 4 0 42 0 24 14 68 6 33 0 0 0 56 0 71 76 31 0 0 36 17 0 34 30 10 78 77 7 15 48 29 72 62
0 31 0 20 36 17 46 34 30 0 78 77 7 0 48 0 0 0 53 67 51 0 0 39 63 58 79 16 1 26 32 9 0 5 0 55 3 0 12 70 40 0 0 0 54 47 0 69 22 45 23 0 13 8 0 59 75 57 44 41 80 18 0 0 25 65 4 81 0 2 0 14 68 0 0 0 19 52 56 49 71
0 25 0 4 0 42 2 24 14 0 6 33 38 19 52 0 49 0 76 0 0 20 36 17 0 34 30 10 78 0 7 0 48 0 72 0 53 0 0 27 37 39 63 0 0 16 0 26 0 9 0 5 43 55 3 60 0 70 40 64 66 35 0 47 21 69 0 45 23 50 13 0 73 59 75 57 0 41 0 0 61
47 21 0 22 45 0 50 13 8 73 59 0 0 44 0 0 18 0 74 25 0 0 81 42 0 24 14 68 6 33 38 19 52 56 49 71 76 31 28 20 36 0 46 0 30 10 78 77 0 0 48 29 72 62 0 0 51 27 37 39 63 58 0 16 1 26 0 9 11 5 0 55 0 60 0 0 40 0 0 0 54
0 1 26 32 9 11 5 43 55 3 60 12 70 40 64 0 0 54 47 0 69 22 45 0 50 13 8 73 59 75 57 44 41 80 18 0 0 25 65 0 0 42 2 24 14 0 6 0 38 19 52 56 49 71 0 31 28 0 36 17 46 34 30 10 78 77 7 15 0 29 72 0 53 67 51 27 37 39 0 58 0
62 0 78 0 7 15 48 29 72 79 0 0 51 27 37 0 63 58 0 16 1 26 32 9 11 5 0 0 3 60 12 0 0 64 66 0 8 47 21 69 0 45 23 50 13 61 73 0 75 57 44 41 80 0 14 74 25 65 4 81 42 0 24 71 0 6 33 38 19 52 56 49 0 76 0 28 0 0 0 46 0
71 68 6 33 0 0 52 0 49 30 76 31 0 0 36 17 0 34 62 10 78 77 7 15 48 0 72 79 53 0 0 27 37 0 63 58 0 16 0 26 32 0 0 0 43 54 0 60 12 0 40 0 66 35 8 47 21 0 22 45 23 0 13 0 73 59 75 57 44 41 80 18 14 74 25 0 4 81 42 2 24
61 73 0 75 57 44 41 80 18 0 0 0 65 4 81 0 0 24 71 0 6 33 38 19 52 56 49 30 0 0 0 20 36 17 46 34 0 10 78 77 7 15 48 29 72 79 0 67 51 27 37 39 63 0 0 0 1 26 32 9 0 5 0 54 0 0 12 70 40 64 66 35 8 47 0 69 0 45 0 0 13
0 3 60 12 0 0 64 0 0 8 47 21 69 22 0 23 50 0 61 73 59 75 0 44 0 80 18 0 74 25 65 4 81 42 2 24 71 68 6 33 38 19 52 0 0 30 0 31 28 20 36 17 46 34 0 0 78 77 7 15 48 0 0 0 53 67 51 0 37 39 0 58 55 16 1 26 32 9 11 5 43
79 53 67 51 27 37 39 63 58 55 0 1 26 32 0 11 5 43 54 3 60 12 70 0 64 66 0 0 47 21 0 22 45 23 50 13 0 73 59 75 57 44 41 80 0 14 0 0 65 0 81 0 2 24 71 68 0 0 38 19 52 0 0 30 0 31 28 20 36 0 0 34 62 10 0 0 7 15 0 29 72
30 0 31 28 0 36 17 0 0 62 10 0 0 7 15 48 0 72 79 53 67 0 27 37 39 0 0 55 16 0 26 0 9 11 5 0 0 3 60 12 70 0 0 66 0 8 47 0 0 22 45 23 50 0 61 73 59 0 57 0 0 80 0 14 0 25 0 0 0 42 2 0 71 68 6 33 38 19 0 56 49
14 74 0 65 4 81 42 0 24 71 0 0 33 38 19 52 56 49 30 76 0 28 0 36 0 0 34 62 10 78 0 7 15 0 29 72 0 0 67 51 27 37 0 63 0 0 16 0 0 32 0 11 0 43 54 3 60 12 70 0 64 0 35 8 47 21 0 0 0 0 50 13 0 0 59 75 57 44 41 80 18
8 47 0 69 22 45 23 50 13 61 0 59 0 0 44 41 80 18 14 74 0 65 4 81 42 2 24 71 68 6 33 0 19 52 0 0 0 76 31 0 20 36 17 46 34 62 0 78 77 7 15 48 29 72 79 53 67 51 27 37 0 63 58 0 16 1 26 32 9 11 5 43 0 3 60 0 70 40 64 66 35
55 16 0 26 32 9 11 5 43 54 3 60 12 70 40 64 66 35 8 47 21 69 0 45 23 50 0 0 73 0 0 57 44 0 80 0 14 74 0 65 4 81 0 2 24 71 0 0 33 38 19 52 56 0 0 76 31 28 20 36 17 46 0 62 0 0 77 0 0 0 29 72 79 0 67 51 27 37 39 63 58
72 62 0 78 77 0 15 0 0 0 79 53 67 0 27 37 0 63 0 0 0 1 0 32 9 11 5 0 54 3 0 12 0 40 64 66 0 0 47 21 69 22 45 23 0 18 61 73 59 75 57 44 41 0 24 14 74 0 65 4 81 42 2 49 0 68 0 33 38 0 52 0 34 30 76 31 0 20 36 17 46
49 71 68 6 0 38 0 0 0 0 30 76 31 28 20 0 17 46 72 0 0 78 0 7 15 48 0 58 0 53 67 51 27 0 39 63 43 0 0 1 26 0 9 11 5 35 54 3 60 0 0 40 64 0 13 0 47 21 0 22 45 23 50 18 61 0 0 0 57 44 41 80 24 14 74 25 65 4 0 42 0
18 0 73 59 75 57 0 0 80 0 0 0 25 65 4 81 42 2 49 71 68 0 33 38 19 0 56 34 0 76 0 0 20 36 17 46 0 62 10 78 0 0 0 48 0 58 79 53 0 51 27 37 39 63 0 55 0 1 26 32 0 0 0 0 54 3 60 12 70 0 64 0 13 0 0 21 69 0 0 23 50
35 54 3 60 0 70 0 64 66 13 8 47 0 69 0 45 23 50 18 0 0 0 0 0 44 41 80 0 14 0 25 0 4 81 42 0 49 71 0 0 33 38 19 52 56 0 0 76 31 28 20 36 17 46 0 62 10 78 0 7 15 48 29 58 79 53 0 0 0 0 39 63 0 55 16 1 26 32 0 0 5
0 79 53 67 51 0 0 39 63 43 55 0 1 0 0 9 11 5 35 0 3 60 0 0 40 0 0 13 8 47 21 69 22 45 0 50 0 61 73 0 0 57 44 41 80 0 0 74 25 65 0 81 42 2 0 71 68 6 0 38 19 0 56 34 30 76 31 28 0 36 0 46 0 62 0 78 77 7 15 48 29
0 30 76 31 28 20 0 17 46 0 62 10 0 0 0 15 48 0 58 79 53 67 51 27 37 0 0 43 55 16 0 26 32 9 11 5 35 54 3 60 0 70 40 0 66 13 0 0 21 69 22 45 23 0 18 61 0 0 75 0 0 41 0 24 0 0 25 65 4 81 42 0 0 71 68 6 33 38 0 0 56
24 14 74 0 65 4 81 42 2 49 71 0 6 33 38 19 52 56 34 0 76 31 28 20 36 17 46 72 0 0 78 0 7 15 48 0 0 0 53 67 51 27 37 0 63 43 55 16 1 0 32 9 11 5 35 0 0 60 0 70 0 64 66 0 8 0 21 69 22 45 23 50 0 0 73 59 75 57 44 0 80
13 8 47 21 0 22 45 23 50 18 61 73 0 0 57 0 41 80 24 14 74 25 65 4 81 42 2 49 0 68 6 33 38 19 52 0 34 30 76 31 0 20 0 17 46 72 62 10 78 77 7 15 48 29 0 79 53 67 51 27 37 39 0 0 0 16 1 26 32 9 0 5 35 0 3 0 0 70 0 64 66
43 55 16 1 26 0 9 11 0 35 54 0 60 12 0 40 64 0 0 8 47 21 0 0 45 23 50 0 0 0 59 0 57 44 41 80 24 14 74 25 65 4 81 42 2 49 71 68 6 0 38 0 52 56 34 30 76 0 28 20 36 17 46 0 62 10 0 77 7 15 48 29 58 79 53 0 51 0 37 39 0
29 72 0 10 78 77 0 15 48 63 0 79 0 0 51 27 37 0 0 43 55 16 1 26 32 9 0 66 35 54 0 0 12 70 40 0 0 13 0 47 0 0 22 0 23 80 18 61 0 59 75 57 44 41 0 24 14 74 25 0 0 81 0 56 49 0 68 0 33 38 0 52 46 34 0 76 0 0 20 36 17
0 49 71 68 0 33 0 0 52 46 0 0 76 0 28 20 36 17 29 72 0 10 78 77 7 15 48 0 58 79 0 67 51 27 37 0 5 0 55 16 0 26 32 9 11 66 0 54 3 60 0 0 40 64 50 13 8 0 21 69 22 45 23 0 0 0 73 0 0 0 44 41 2 24 14 74 25 65 4 81 42
0 0 0 73 59 75 57 0 41 2 24 14 74 25 0 4 81 42 0 0 71 68 6 0 38 0 52 46 0 30 0 31 0 20 36 17 0 72 0 10 78 77 7 15 48 0 0 79 53 67 51 27 37 39 5 43 55 0 0 26 32 9 11 66 35 54 3 0 0 70 40 0 50 13 0 47 0 0 22 0 23
66 0 54 3 60 12 0 0 64 0 0 0 47 21 0 0 45 23 80 18 61 0 0 75 0 44 41 0 0 0 0 25 65 4 81 42 0 49 0 0 6 33 38 19 52 0 34 0 76 31 0 20 36 17 29 72 62 0 78 77 7 0 48 63 58 0 53 67 51 27 37 0 0 43 55 16 1 26 32 0 11
63 58 79 53 67 51 27 37 39 5 43 55 0 1 26 32 9 11 66 35 54 3 0 12 0 0 64 50 0 8 47 0 0 22 45 23 80 0 61 73 59 0 57 0 41 2 24 14 74 25 65 0 81 42 56 49 71 0 6 33 38 0 52 46 34 30 76 0 28 20 0 0 29 72 62 10 0 77 7 15 48
0 34 30 0 0 0 20 36 17 29 0 0 10 78 77 0 15 48 63 0 79 0 67 0 27 0 0 5 43 55 0 0 26 32 0 0 0 35 0 3 0 12 70 0 64 50 13 8 47 0 69 22 45 23 0 0 61 73 59 75 57 44 41 2 24 14 74 25 65 4 0 42 0 49 71 68 6 33 0 19 52
2 0 14 74 25 65 4 0 42 56 49 0 0 6 0 38 19 0 0 0 30 76 31 0 20 36 17 29 72 62 10 78 77 7 0 48 63 0 79 53 67 51 27 37 0 5 43 55 16 1 0 32 9 0 66 35 54 3 60 12 70 40 0 0 13 8 0 21 69 22 45 23 80 0 61 73 59 0 57 0 0
50 13 8 47 21 69 0 0 23 0 18 0 73 59 75 57 44 0 0 0 0 74 25 0 4 81 42 56 49 71 0 6 33 38 19 52 46 34 30 76 31 28 20 0 17 29 0 62 0 78 77 7 0 48 63 0 79 0 0 0 27 0 39 5 0 55 0 0 0 32 9 0 0 35 54 3 60 12 70 40 64
5 43 55 16 1 26 32 9 11 66 35 0 3 60 12 70 40 64 0 13 8 47 0 0 22 45 0 80 18 0 73 0 0 0 44 41 2 24 14 74 25 65 4 81 42 56 0 71 68 6 33 38 0 52 46 34 30 0 31 28 20 36 0 29 72 0 10 78 0 7 15 0 0 58 0 53 67 0 0 0 39
48 29 72 0 10 78 0 7 15 39 63 58 79 53 0 51 27 37 11 5 0 55 0 1 0 32 0 0 0 35 54 3 60 0 70 40 23 50 13 8 47 21 0 22 0 41 80 18 61 0 0 0 57 44 0 2 0 0 74 0 65 4 81 0 56 49 71 68 6 33 38 19 17 46 34 30 76 31 28 20 0
52 56 49 71 68 0 33 38 19 17 0 34 30 0 0 28 20 0 0 29 72 0 0 0 77 7 15 0 0 58 0 53 0 0 27 37 11 5 0 55 16 0 26 32 9 64 66 35 54 3 0 12 70 40 23 0 13 0 0 0 69 22 0 41 80 0 0 73 59 0 57 0 42 2 24 14 74 25 65 4 81
41 80 18 61 0 59 75 0 44 0 2 24 14 74 25 65 4 81 0 56 0 0 68 6 33 38 19 17 46 0 30 76 0 0 20 0 48 0 72 62 0 78 77 7 0 39 63 0 0 0 67 51 27 37 0 5 43 0 16 0 26 32 9 64 66 35 0 3 60 12 70 40 0 50 13 8 47 21 69 22 0
64 0 35 0 0 60 12 70 0 23 0 13 8 47 21 69 0 45 41 80 18 0 73 59 0 57 44 42 2 24 14 74 0 65 4 0 52 56 49 71 68 0 0 38 19 0 46 34 30 0 0 28 20 36 48 29 72 62 10 78 77 7 15 0 63 58 79 0 67 0 27 37 0 5 43 55 0 1 26 0 9
0 63 58 79 53 0 51 27 37 0 5 43 55 0 1 0 32 9 0 66 35 0 0 60 0 0 40 23 50 0 8 0 21 0 0 45 0 80 18 61 73 59 75 57 44 42 2 24 14 74 25 0 4 81 52 56 49 0 0 0 33 38 19 0 0 34 0 0 0 28 0 36 0 29 72 62 10 78 77 0 0
0 46 34 30 76 31 28 20 36 48 0 72 62 10 78 77 7 15 39 63 0 0 53 67 51 27 37 11 5 0 55 16 1 0 32 9 64 66 35 0 3 60 0 70 40 23 0 13 8 47 21 0 22 45 0 80 18 61 0 59 75 0 44 0 0 24 14 74 0 0 0 81 52 0 49 71 68 6 0 38 0
42 0 24 14 74 0 65 4 81 52 56 0 71 68 0 33 38 19 0 0 34 0 76 31 28 20 0 0 0 72 0 10 78 77 0 15 39 63 58 79 53 67 51 27 0 11 5 43 55 16 1 0 32 9 0 66 35 0 0 60 12 0 40 23 50 0 8 47 21 69 22 45 41 80 18 0 73 0 75 57 0
0 50 0 8 47 21 69 22 45 41 80 18 61 73 59 0 57 44 0 2 0 14 74 25 65 0 0 52 56 0 71 68 0 33 38 19 0 46 34 0 0 31 0 20 36 48 29 72 0 10 78 77 0 15 39 0 58 79 53 67 51 27 0 0 5 0 0 16 0 26 0 0 64 0 35 54 3 0 12 70 40
11 5 43 55 0 1 0 32 9 64 66 0 54 3 0 0 0 0 23 50 0 8 47 0 69 22 45 0 80 18 61 73 0 75 57 44 42 2 24 0 74 25 0 4 81 52 56 49 71 68 6 0 38 19 17 0 0 30 76 31 28 0 36 48 29 72 62 10 78 0 7 15 39 0 58 79 0 67 51 27 37
15 48 29 72 0 10 78 77 7 37 39 63 58 0 53 67 51 27 9 11 5 0 55 16 1 26 32 40 64 66 35 54 3 0 0 70 45 23 50 0 0 47 21 69 0 44 41 80 0 61 0 59 75 57 81 42 2 0 0 74 25 0 4 0 52 56 49 71 0 0 0 0 36 17 46 0 0 0 31 28 20
0 0 56 49 71 68 6 33 38 36 17 46 34 30 76 31 0 20 15 48 29 72 0 0 78 77 7 37 0 0 58 79 53 0 0 27 9 11 5 0 55 16 1 0 0 40 64 66 0 54 0 60 12 70 45 0 50 0 8 47 21 69 22 0 41 80 0 0 73 0 75 57 81 42 0 24 0 0 25 65 4
44 41 80 18 0 0 59 0 57 81 42 2 0 14 0 0 65 4 19 0 56 49 71 68 0 0 38 36 17 46 34 30 76 31 28 20 15 48 29 72 62 10 78 0 7 0 39 63 0 0 53 67 51 27 9 11 0 43 0 16 0 26 32 0 64 0 35 54 3 60 12 70 45 23 50 13 8 0 21 69 22
0 0 66 35 0 3 60 12 0 0 23 50 13 8 47 0 0 0 44 0 80 18 61 0 59 0 57 81 42 2 24 14 74 0 65 0 19 0 56 49 71 0 0 33 0 36 0 46 34 30 76 0 28 20 15 0 0 72 62 10 0 77 7 37 0 63 0 0 53 67 51 27 9 11 5 43 55 16 1 26 32
37 0 63 0 79 0 67 51 27 9 0 5 0 0 16 1 26 32 40 64 66 35 0 3 60 12 0 45 23 50 0 8 47 21 0 22 0 0 80 0 61 73 59 0 0 81 42 0 24 14 0 25 0 4 19 0 56 0 71 0 6 33 0 36 0 46 34 30 76 31 28 0 15 48 29 0 0 0 78 77 7
36 17 0 34 30 76 31 28 0 0 0 0 72 0 10 78 77 0 37 39 63 58 79 53 67 0 0 9 0 5 0 55 16 1 0 32 0 64 66 0 54 3 0 0 0 45 0 0 13 8 47 21 0 22 44 0 80 18 0 73 0 75 57 0 42 0 24 14 0 25 0 4 19 52 56 0 71 68 0 0 38
81 42 0 24 0 74 0 65 4 19 0 56 49 71 68 6 33 38 36 17 46 34 30 76 31 28 20 0 48 0 72 0 10 0 77 7 37 39 63 58 79 53 67 51 0 0 0 5 0 0 16 0 26 0 40 0 66 35 54 3 60 0 70 45 23 50 13 8 0 21 69 22 44 41 0 18 61 73 0 75 0
0 0 0 0 0 47 21 69 22 44 0 0 18 61 73 59 75 57 81 42 2 24 14 74 25 0 0 19 52 0 49 71 68 6 33 38 36 17 0 34 30 76 31 28 20 15 48 29 72 0 10 78 0 7 0 39 63 58 79 53 67 51 0 9 11 5 43 55 16 1 26 32 0 64 66 0 54 3 60 0 70
0 11 5 0 0 16 0 0 0 40 0 66 35 0 3 60 12 70 45 23 50 0 8 0 0 0 0 44 0 80 18 0 73 59 75 0 81 42 2 24 0 0 25 65 0 19 52 0 0 71 0 6 33 38 36 17 46 34 30 76 31 28 20 15 48 29 72 0 10 0 0 7 0 39 63 0 79 53 0 51 0
7 15 0 29 72 62 10 78 77 27 37 39 63 58 0 0 67 51 32 0 0 0 0 55 0 1 26 70 0 64 0 35 54 0 60 12 0 0 23 50 13 8 47 21 69 57 0 41 0 0 61 73 59 75 4 0 0 2 24 14 74 25 65 38 19 0 0 49 0 0 6 33 20 36 17 46 34 0 0 31 28
38 0 52 56 0 71 68 6 0 0 36 17 0 34 30 0 31 28 7 15 48 0 72 62 10 0 77 0 0 39 0 0 79 0 67 51 32 0 0 0 0 55 16 0 0 0 0 64 66 35 54 3 60 0 22 0 0 50 13 8 47 21 0 57 44 0 80 0 61 0 59 75 4 81 42 2 24 0 74 25 65
57 44 41 0 0 61 73 59 75 4 81 42 0 0 14 0 25 65 38 0 0 56 49 71 68 6 33 0 36 17 46 34 30 76 0 0 0 15 48 29 72 62 0 78 77 27 0 39 63 58 79 53 67 0 32 9 11 5 0 55 16 1 26 0 40 64 66 35 54 0 60 12 0 0 23 0 13 0 47 21 0
0 40 64 66 35 0 3 60 12 0 45 23 50 13 8 47 0 69 57 44 41 80 18 0 73 59 75 0 81 42 2 0 0 74 25 65 38 19 0 56 0 71 68 6 33 20 36 17 46 34 0 0 0 28 7 15 48 29 72 62 10 0 77 0 37 0 0 58 0 0 67 0 32 0 11 5 43 55 16 1 0
27 0 39 63 58 0 0 67 0 32 9 0 0 43 55 16 0 0 70 40 64 66 35 0 0 60 12 22 45 23 0 13 0 0 0 69 57 44 41 0 18 61 0 0 75 4 81 42 2 0 0 74 25 65 38 19 52 56 0 71 68 0 33 20 0 17 46 34 0 76 31 28 0 15 48 29 72 0 10 78 0
20 36 17 46 0 0 76 0 0 7 0 48 29 72 0 10 78 77 27 37 39 0 58 0 0 67 51 32 9 11 5 0 55 16 1 26 70 0 64 66 35 54 3 60 12 22 45 23 50 13 0 0 21 0 57 44 0 80 18 61 0 59 75 4 0 0 2 0 14 74 25 65 0 0 52 56 0 0 68 0 33
4 81 0 2 0 14 74 0 0 0 19 52 56 49 0 68 6 0 20 36 0 0 34 30 76 0 28 0 15 0 29 72 62 0 78 77 27 37 39 63 58 0 53 0 51 32 0 11 5 0 0 0 1 26 70 40 0 66 35 54 3 60 12 0 45 23 0 13 8 47 21 0 57 44 41 80 18 0 73 59 0
22 45 23 50 0 8 47 0 69 0 0 0 80 18 61 73 0 75 4 81 42 2 24 14 74 25 65 0 19 52 56 0 0 68 0 33 20 36 17 0 34 30 76 0 28 7 15 48 29 72 62 10 78 77 0 0 39 63 0 79 0 67 51 32 9 11 5 43 0 16 1 26 70 40 64 0 35 0 3 60 12
32 9 0 5 0 55 16 1 26 70 40 64 66 35 54 0 0 0 22 0 0 0 13 8 47 21 69 57 44 41 80 18 61 73 59 75 4 81 0 2 0 14 74 25 65 38 19 52 0 49 0 0 6 33 0 36 17 46 0 0 76 31 28 7 15 48 29 72 62 0 78 0 27 0 0 63 58 79 53 67 51
77 7 0 48 0 72 0 10 0 51 27 0 0 63 0 0 53 67 0 32 0 0 0 43 55 0 1 0 70 40 0 66 0 54 3 60 69 22 0 23 0 0 8 0 21 75 57 44 0 80 0 0 73 0 65 4 81 42 2 24 14 74 25 33 0 19 52 56 49 0 0 6 28 20 0 17 46 0 30 76 31
33 38 19 52 56 49 0 68 6 28 0 36 0 46 0 30 76 31 77 7 0 48 0 72 0 0 0 51 0 0 39 63 0 0 0 67 26 32 0 0 5 43 0 16 1 12 70 40 64 66 35 54 3 60 69 22 45 23 50 0 8 47 21 75 57 44 0 0 18 0 0 59 0 0 0 0 2 0 14 0 0
75 57 44 41 80 18 0 73 59 0 4 81 42 0 24 0 74 25 33 38 19 0 56 0 71 0 6 28 0 36 17 46 34 30 0 0 0 0 15 0 29 72 62 10 0 51 27 37 0 0 58 0 53 0 26 32 9 11 0 43 55 16 1 12 70 0 64 66 35 54 3 60 69 22 45 23 50 0 8 47 0
0 70 0 0 66 35 0 3 60 0 22 0 23 50 0 8 47 21 0 0 44 0 80 18 61 73 59 0 4 81 42 2 24 14 0 25 0 0 19 52 0 49 71 68 0 28 20 36 17 46 34 30 76 0 77 0 15 48 29 72 0 0 78 51 27 37 39 63 0 0 53 0 26 32 0 11 5 0 0 0 1
0 27 37 39 63 0 79 53 0 26 32 0 11 5 43 55 16 1 0 70 0 64 66 35 54 3 60 69 0 0 0 50 0 0 47 21 75 0 44 0 0 0 0 73 59 65 4 81 0 2 24 14 74 25 33 38 19 52 56 49 71 68 6 28 20 0 0 46 34 30 0 31 77 7 15 48 29 72 0 0 78
28 0 36 0 0 0 0 76 0 77 7 15 48 29 72 62 10 78 51 27 37 39 0 58 79 53 67 0 32 9 11 5 43 0 16 0 0 0 40 0 0 0 0 3 0 69 22 45 23 50 13 0 47 0 0 57 44 41 80 18 61 0 59 65 4 0 42 0 0 0 74 25 33 0 0 0 56 49 71 68 6
65 0 81 42 0 24 0 74 25 33 38 19 52 0 0 71 0 6 28 20 36 17 46 34 0 0 31 77 0 15 48 0 72 0 10 78 51 27 0 39 63 58 79 0 67 0 32 0 11 0 43 0 0 1 0 70 40 64 66 35 54 0 60 69 22 45 23 50 13 0 47 21 75 57 0 41 80 0 61 0 59
0 22 0 23 0 13 0 47 0 0 57 44 41 80 18 0 73 59 65 4 81 42 2 24 14 74 25 33 0 19 52 56 49 0 68 6 28 0 0 17 46 0 0 76 31 77 7 15 48 29 72 62 10 78 0 27 37 0 63 58 0 53 0 26 0 9 0 5 43 0 16 1 12 70 40 0 0 35 0 3 0
26 32 9 0 5 0 55 0 0 12 0 0 0 0 35 54 0 60 69 22 45 23 50 13 8 47 21 75 0 44 41 0 0 0 73 0 65 0 0 42 0 24 14 74 25 0 0 19 52 56 0 71 68 6 28 0 36 0 46 34 30 76 31 0 0 15 48 0 72 0 10 78 0 0 37 39 63 58 79 53 0