10
70 90 0 20 0 27 81 31 0 0 80 0 66 6 42 0 0 0 0 91 30 14 63 41 34 76 0 33 28 0 0 5 0 26 65 11 0 71 19 74 38 84 15 0 95 0 54 98 0 0 58 60 0 0 57 97 0 68 39 0 0 0 50 47 0 72 85 93 59 0 0 12 73 35 22 75 55 99 51 10 3 0 0 0 56 0 43 37 0 0 0 4 88 17 16 0 46 94 40 2
0 45 66 6 0 48 0 78 0 0 30 14 63 41 34 76 100 0 28 77 0 0 62 26 0 11 67 0 19 74 38 84 15 82 95 87 54 98 7 32 0 0 21 23 57 97 29 0 39 36 13 49 50 47 24 0 0 93 0 52 25 12 73 35 22 75 55 0 51 10 3 0 0 89 56 69 43 37 0 96 0 0 88 0 16 1 0 94 40 2 70 90 0 20 79 27 81 31 0 92
30 14 63 41 34 76 100 33 28 77 61 5 62 26 0 0 67 0 0 74 0 84 0 82 95 87 54 98 7 0 58 60 21 0 57 97 29 68 39 36 13 49 0 47 24 72 0 93 59 52 25 12 73 0 0 75 55 0 51 10 3 83 44 89 0 0 43 37 9 96 53 0 0 0 16 0 46 0 40 2 0 90 86 20 79 0 81 31 0 92 0 0 0 6 42 48 8 78 0 91
61 0 62 0 65 11 0 71 19 74 38 84 0 82 95 87 0 98 7 32 58 60 0 0 57 97 0 68 0 36 13 49 50 47 24 72 85 93 0 0 25 0 0 35 22 0 55 0 51 10 0 0 0 89 56 69 43 37 0 0 0 4 0 17 16 0 46 94 40 2 70 90 86 20 79 27 81 31 64 0 80 45 0 0 0 48 8 78 18 0 30 14 0 41 34 76 0 33 28 77
38 0 15 82 95 0 54 98 7 32 0 60 21 23 0 97 29 68 0 36 13 49 50 0 24 72 85 93 59 52 25 12 0 35 0 75 0 99 51 0 3 83 0 89 56 69 43 37 0 96 0 4 88 17 16 1 46 94 40 2 70 90 86 20 79 0 0 31 0 0 80 0 66 6 0 0 8 78 0 91 30 14 63 41 34 76 0 33 28 0 0 5 62 0 65 0 67 71 19 0
58 60 21 23 57 97 29 0 39 36 13 0 50 47 24 0 85 93 59 0 25 12 0 35 22 0 55 99 51 10 3 83 0 0 56 0 43 37 0 96 53 0 0 0 16 0 0 94 40 0 70 90 86 20 79 0 81 31 0 92 80 45 66 6 0 48 8 78 18 0 0 0 63 41 34 76 100 33 0 77 61 0 62 0 65 11 67 71 0 74 0 0 15 82 0 87 54 98 7 0
13 49 0 47 24 72 85 93 59 52 0 12 0 35 22 0 0 99 51 10 0 0 44 0 0 0 43 37 0 96 53 4 88 17 0 0 0 0 40 2 0 90 86 0 79 27 81 31 0 92 0 45 66 6 42 48 0 78 0 91 30 0 63 0 0 76 100 33 28 0 61 5 62 26 0 11 67 71 19 0 38 84 0 0 95 0 54 98 7 32 58 60 0 0 57 97 29 0 39 36
25 0 0 35 0 75 55 0 0 0 3 83 44 89 56 69 0 37 9 96 53 4 88 17 16 1 0 94 0 2 70 90 0 20 79 27 81 31 64 92 80 45 66 0 0 48 8 78 18 0 30 14 0 41 0 76 100 0 28 77 61 0 62 0 65 0 67 0 19 74 0 84 15 82 95 0 54 98 7 0 58 60 21 23 0 97 29 68 39 36 13 0 0 47 0 72 85 93 0 52
3 83 44 89 56 0 43 0 0 0 0 4 88 0 16 1 0 94 40 2 70 90 0 0 79 0 81 31 64 92 80 45 0 6 42 0 8 78 0 91 30 14 63 0 0 76 0 0 28 77 61 5 62 26 0 11 67 71 19 74 0 84 15 82 95 87 54 98 7 32 0 60 21 0 57 97 29 0 39 0 13 0 50 0 24 72 85 93 59 52 0 0 73 35 22 75 55 99 0 10
0 4 88 17 0 1 46 0 0 2 0 90 0 20 79 27 81 31 64 92 80 45 66 6 42 48 8 0 18 0 30 14 63 41 34 76 100 33 28 0 61 5 0 26 65 11 0 71 19 74 38 0 15 82 0 0 54 98 7 32 58 0 21 23 57 97 29 68 39 36 0 49 0 0 24 72 85 93 59 52 25 12 73 35 22 75 0 99 51 10 3 83 44 89 56 0 43 37 9 0
0 0 0 70 0 86 20 0 27 81 78 18 91 0 0 0 0 42 48 8 33 28 77 30 14 63 41 0 76 0 0 19 74 61 0 0 0 0 11 67 98 7 0 38 0 0 82 95 87 54 0 39 36 0 60 0 0 57 0 29 0 59 52 0 49 0 47 24 0 85 0 0 10 25 12 0 35 22 75 55 37 0 96 3 83 44 89 56 69 0 94 40 0 53 0 88 17 16 0 0
78 18 0 80 45 66 0 42 0 8 0 0 77 30 14 63 41 34 76 100 71 19 74 61 5 62 26 65 11 67 0 7 32 38 84 15 0 95 87 54 68 39 36 58 60 21 0 57 0 0 93 59 52 13 49 0 47 24 72 0 99 51 0 25 0 73 35 0 75 55 0 0 0 0 0 44 89 0 69 43 0 40 2 53 4 0 17 16 0 0 31 64 0 0 90 86 20 79 27 81
0 28 77 30 0 0 41 0 76 100 71 19 74 0 5 0 26 0 11 67 98 7 32 38 84 15 0 95 0 54 68 39 36 58 0 21 23 57 0 29 93 59 0 13 49 0 0 24 0 0 99 0 10 25 12 0 35 22 75 55 37 0 96 3 83 44 89 56 0 43 94 40 0 53 4 88 17 16 1 46 31 64 92 70 90 0 20 79 27 81 78 0 91 80 0 66 6 0 48 0
71 19 74 0 5 62 26 65 0 67 98 0 32 38 84 0 82 95 87 54 0 39 0 58 60 21 23 0 0 29 93 59 0 13 49 50 47 24 72 85 0 51 10 25 0 73 35 22 0 55 37 9 0 3 83 44 89 0 69 43 0 40 2 53 4 88 17 0 1 46 31 0 92 70 90 86 20 79 0 81 78 18 91 80 45 0 6 42 48 8 33 28 77 30 0 63 41 34 76 0
98 0 0 0 0 15 82 95 87 54 68 39 36 58 60 21 23 57 97 29 93 0 0 0 49 50 47 0 72 0 99 51 10 25 0 73 35 22 75 55 37 0 96 3 83 44 89 56 69 43 94 40 0 0 0 88 0 16 0 46 31 0 92 0 90 86 20 79 27 81 0 18 91 80 45 66 0 0 48 8 0 0 77 0 14 63 0 0 76 0 71 19 74 61 0 62 0 65 0 0
68 39 36 58 60 21 23 57 97 29 93 59 52 13 0 0 47 0 72 85 99 51 0 0 12 73 35 22 0 0 0 9 96 0 83 44 89 56 0 43 0 40 0 0 0 0 0 16 1 46 31 64 92 70 90 86 20 0 27 81 78 18 91 80 0 66 6 0 48 8 33 0 77 30 14 63 41 34 76 100 71 0 0 0 0 62 26 65 0 67 98 7 32 38 84 15 82 95 0 54
93 59 52 13 0 0 47 24 72 85 99 51 10 25 12 73 35 22 0 55 0 9 0 3 83 44 0 56 69 43 94 40 0 53 4 88 17 16 1 0 31 64 92 0 0 0 0 0 27 81 78 18 91 80 45 66 6 42 48 8 33 0 77 30 14 0 41 0 76 100 71 19 0 61 5 62 26 65 11 0 98 0 32 38 84 15 82 95 87 54 0 0 36 58 60 0 23 57 0 29
99 51 0 25 12 73 0 22 75 55 0 9 0 3 83 0 89 56 69 43 0 40 0 53 4 88 0 16 1 46 31 0 92 0 90 86 20 79 27 81 78 18 91 80 45 0 6 42 0 8 33 28 77 30 14 63 0 0 76 100 71 19 74 61 5 62 26 0 0 67 0 7 32 38 84 15 82 95 87 54 68 0 36 0 60 0 0 0 97 0 93 59 52 13 49 50 0 24 72 0
37 9 96 3 0 44 89 56 69 43 94 40 2 53 0 88 17 16 1 46 31 64 92 0 90 86 20 0 27 81 78 18 91 80 45 66 6 0 48 8 33 28 77 30 14 63 0 0 76 100 71 19 74 61 0 62 0 0 11 67 98 7 0 38 0 15 82 95 87 0 0 39 36 0 0 0 23 0 97 29 93 59 52 13 49 50 47 24 72 85 99 51 10 25 12 73 35 22 0 0
94 40 2 53 0 0 0 16 0 46 31 64 0 70 90 86 20 79 27 81 78 18 91 0 45 0 0 42 48 8 0 28 77 30 14 63 0 34 76 100 0 0 0 0 0 62 26 0 11 67 98 0 32 38 84 15 82 0 87 54 68 39 36 58 60 21 0 57 0 29 93 59 0 13 49 50 47 24 72 85 99 51 0 25 12 73 35 22 75 55 0 9 96 3 83 44 89 56 0 43
0 27 81 31 0 0 70 0 86 0 42 48 0 0 0 0 80 45 66 6 0 76 100 33 0 77 0 0 63 41 0 11 67 71 0 74 61 5 62 26 0 0 54 0 7 0 0 84 15 82 57 97 29 68 39 36 58 0 21 23 24 72 85 93 59 52 13 49 50 47 22 0 0 99 51 10 25 12 0 35 56 0 0 37 9 96 0 83 0 89 16 1 46 94 40 0 53 4 0 17
0 0 8 78 18 0 80 45 66 0 34 76 100 33 28 0 30 14 63 41 65 11 67 71 19 0 61 5 0 26 95 87 0 98 7 32 38 0 15 82 0 97 29 68 39 0 58 60 0 23 24 0 0 93 59 52 0 49 50 47 22 75 55 0 0 10 25 12 0 0 0 0 43 0 9 96 3 83 0 0 16 1 0 94 40 0 53 4 88 17 0 27 81 31 64 0 70 90 0 0
34 0 0 33 0 0 30 0 0 0 65 0 67 71 19 74 61 5 62 26 95 0 0 0 7 0 38 84 15 82 57 0 0 0 39 0 58 60 21 23 24 72 85 93 59 52 13 49 0 47 22 75 0 0 51 10 25 12 73 35 0 69 43 37 9 0 3 83 44 0 16 0 0 94 40 2 53 4 88 0 79 27 81 0 64 92 0 90 86 20 0 0 8 0 18 0 80 0 0 6
65 11 67 71 19 0 61 5 0 26 95 87 54 0 7 32 38 84 15 82 57 97 0 68 0 36 0 60 21 23 0 72 85 0 59 0 0 0 0 47 0 75 0 99 51 10 0 12 73 0 0 0 43 37 9 96 3 83 44 89 0 0 46 0 0 0 0 4 88 17 79 27 81 0 0 92 70 90 86 20 42 48 0 78 18 91 80 45 66 6 0 0 0 33 0 0 30 14 63 41
95 87 54 98 7 32 38 84 0 82 57 0 29 68 39 36 58 60 21 23 24 72 85 93 59 0 13 0 50 47 0 0 55 99 51 10 25 0 73 0 0 69 43 0 9 96 3 83 44 89 16 1 0 0 40 2 53 4 88 17 79 27 81 0 64 92 70 90 0 20 42 48 0 0 18 91 80 0 66 6 0 76 100 0 0 77 30 0 0 0 65 11 67 0 19 74 0 5 62 26
0 97 29 68 39 36 0 60 21 23 24 0 85 93 0 52 0 0 0 47 22 75 55 99 0 10 0 12 73 35 0 69 43 0 9 0 0 83 44 89 16 1 46 94 40 2 53 4 88 17 0 27 81 0 64 92 70 90 0 20 42 48 8 78 18 91 80 45 66 6 34 76 100 33 28 0 30 14 63 41 65 0 67 0 0 74 0 5 0 0 95 87 54 98 7 32 38 0 0 82
24 72 85 93 59 52 13 49 0 47 22 75 0 99 51 10 25 12 73 35 56 69 43 37 9 96 3 0 0 0 16 0 46 94 0 0 53 4 88 17 0 27 0 31 0 0 70 90 86 20 42 48 8 78 0 0 80 45 66 0 34 76 0 33 0 77 30 14 63 41 65 0 67 71 19 0 61 5 62 0 95 0 54 98 7 32 38 84 15 82 57 97 29 0 39 36 58 60 0 23
22 75 55 99 51 0 25 12 73 35 56 69 0 0 0 0 3 83 0 89 16 0 46 0 0 2 53 4 0 17 79 27 81 31 64 92 70 0 86 20 42 48 0 78 18 91 80 45 0 6 34 76 100 0 0 77 30 14 0 41 65 11 67 0 19 74 61 0 62 26 0 87 54 98 0 32 38 0 15 82 57 97 29 68 0 0 58 60 21 23 24 0 0 93 59 52 13 0 50 0
56 69 43 37 9 96 3 83 44 89 16 1 46 0 40 2 53 4 88 17 79 27 0 31 64 92 70 90 86 0 42 48 0 78 18 91 80 45 66 6 34 76 0 33 28 77 30 14 63 41 65 0 67 71 19 74 61 5 62 0 0 87 54 98 7 32 38 0 0 82 57 97 29 68 39 36 58 60 21 0 24 72 85 93 59 52 13 49 50 0 22 75 55 99 51 10 25 12 0 35
16 1 0 94 0 2 53 4 88 17 0 27 0 31 64 92 70 90 86 0 42 48 0 0 0 91 80 45 66 6 34 76 0 33 0 77 0 0 63 0 65 11 67 71 19 74 61 5 62 26 95 87 0 98 0 32 0 0 15 82 0 97 29 68 39 36 0 0 21 23 0 72 85 93 59 52 13 49 0 47 22 75 55 99 51 10 0 12 73 35 56 69 43 0 0 96 0 0 44 89
0 86 20 79 0 81 31 64 92 70 45 0 6 42 48 8 0 18 91 80 14 63 41 34 76 0 33 28 77 0 5 62 26 65 11 0 71 19 0 0 84 0 0 95 87 54 98 7 32 38 60 21 23 0 97 29 68 39 36 58 49 50 47 24 0 85 93 59 52 13 12 73 35 22 75 0 99 51 10 25 83 44 89 0 69 43 0 9 96 3 4 88 17 16 1 46 0 40 2 53
45 66 6 42 48 8 78 18 91 80 14 0 41 34 76 100 33 28 77 30 0 62 26 0 11 67 71 0 74 0 84 15 82 95 87 0 98 0 32 38 60 21 23 0 97 29 68 39 36 58 49 0 47 24 72 0 93 59 52 13 12 73 35 22 0 55 99 0 10 0 0 44 89 56 69 43 37 9 96 3 4 88 17 0 1 46 94 40 0 53 90 86 20 79 0 0 31 64 92 70
14 0 0 0 76 100 0 28 77 30 5 62 26 65 0 67 71 19 74 0 84 15 82 0 0 0 0 7 32 0 60 21 23 0 97 29 0 39 0 58 49 0 0 24 0 85 93 0 52 13 12 73 35 0 75 55 99 51 0 25 0 44 89 56 69 0 37 9 96 3 4 0 17 16 0 46 94 0 2 53 0 86 20 0 27 81 31 64 92 70 45 66 6 42 0 8 78 18 0 80
5 0 0 65 0 67 0 19 74 61 84 0 82 95 87 0 98 0 32 38 60 21 23 57 97 29 68 39 0 58 49 50 47 0 72 0 93 59 0 13 12 73 35 22 75 55 99 0 0 25 83 0 89 56 69 43 37 9 0 0 4 0 0 16 1 46 94 40 2 0 90 86 20 0 27 81 31 64 92 70 45 0 6 0 48 8 78 18 91 80 14 0 41 0 76 100 0 0 77 30
0 15 82 0 87 0 0 7 32 38 0 21 23 57 97 29 68 39 0 0 49 0 47 0 0 85 0 59 52 13 0 73 35 0 0 55 0 51 0 25 83 44 0 56 69 43 37 9 96 3 4 88 0 16 0 46 94 0 0 53 90 86 0 0 27 81 31 64 92 0 0 66 6 42 48 0 78 18 0 80 14 63 41 0 76 100 0 28 0 30 5 62 26 65 11 67 71 0 74 61
60 21 23 57 0 29 0 39 0 0 49 50 47 24 0 0 93 0 0 0 12 0 35 22 75 55 99 51 0 0 83 44 0 56 69 43 37 0 96 3 4 0 17 16 1 46 0 40 2 0 90 86 20 79 27 81 31 64 92 70 0 0 6 42 0 8 78 18 0 80 14 63 0 34 76 100 33 28 77 30 0 0 0 65 0 67 71 19 74 61 84 15 0 95 87 0 98 7 32 0
49 50 47 0 72 0 93 59 52 0 12 0 35 0 0 55 99 51 0 0 0 44 0 56 69 43 37 9 96 3 4 88 0 16 1 46 94 0 0 53 90 86 20 0 0 81 31 64 92 70 45 66 6 0 48 8 78 18 91 80 14 63 0 0 76 100 33 0 77 0 5 62 26 65 0 67 0 0 0 61 84 0 82 95 87 0 0 0 32 0 0 21 23 57 0 29 68 39 0 58
0 73 35 22 0 55 0 51 10 25 83 44 89 56 69 0 0 9 96 3 0 0 17 16 1 46 94 40 2 53 90 86 20 79 0 0 0 64 92 70 45 66 6 0 0 8 78 18 91 80 0 63 0 0 76 100 0 28 0 30 5 62 26 65 11 67 0 19 74 61 84 0 82 0 0 0 0 0 32 38 60 21 23 57 97 29 0 0 36 58 0 50 47 24 72 85 93 0 52 13
0 44 0 56 69 0 0 9 96 3 4 88 17 0 1 0 94 40 2 0 90 86 20 79 27 81 31 64 92 70 45 66 6 42 0 8 78 18 91 0 14 63 41 34 76 0 33 28 0 0 0 62 26 0 11 67 71 19 0 61 84 0 82 0 0 54 98 7 32 38 60 0 23 57 0 29 0 39 0 0 0 50 0 24 72 0 0 59 52 13 12 0 35 22 75 0 99 0 10 0
4 0 17 0 1 46 94 40 2 53 90 86 0 79 27 81 0 0 0 70 0 66 0 0 48 8 78 18 91 80 14 63 0 34 76 0 33 28 77 30 0 62 0 65 11 67 71 0 74 61 0 15 82 95 87 0 98 0 32 0 60 0 23 57 97 29 68 0 36 58 49 50 0 24 72 85 93 59 52 13 12 73 35 0 0 55 0 51 10 25 0 44 89 56 69 43 37 0 96 0
64 92 70 90 86 20 79 27 0 0 0 91 80 45 66 6 42 48 8 78 28 77 30 14 63 41 0 76 0 33 19 0 61 5 62 26 65 11 0 0 0 32 0 0 15 82 0 87 54 98 39 36 0 0 21 0 57 0 29 68 59 0 13 49 50 0 24 72 0 0 51 10 0 12 73 35 22 75 55 0 0 96 0 0 44 0 56 69 43 37 40 0 53 0 88 17 16 1 46 94
18 0 80 45 66 0 0 48 8 78 28 77 30 14 63 41 34 76 0 33 19 0 61 5 62 0 0 0 67 71 7 32 38 84 15 82 0 87 54 0 0 0 58 0 21 0 57 97 0 68 59 0 13 49 50 47 24 0 85 93 51 10 25 12 73 35 22 75 0 99 9 96 0 83 44 89 56 0 0 37 40 0 0 4 88 17 0 1 46 94 64 92 70 90 0 0 79 0 81 31
28 0 0 14 63 41 34 76 100 33 0 0 0 5 0 26 0 11 67 71 7 32 38 0 15 82 95 87 54 98 39 36 58 60 21 23 57 97 29 68 0 52 0 49 50 47 24 72 85 93 51 10 0 12 73 35 22 0 55 0 9 96 3 0 0 0 56 0 43 37 0 0 53 0 88 17 16 1 46 94 64 0 70 90 0 0 79 27 81 31 18 91 80 45 0 6 0 48 8 0
19 74 61 5 0 26 65 11 67 0 0 32 38 84 15 0 95 87 54 98 39 36 0 0 21 23 57 97 29 68 59 52 13 49 50 47 24 72 85 93 51 10 25 12 73 35 22 75 55 99 9 0 3 83 44 89 56 69 43 0 40 0 0 0 88 17 16 1 46 0 0 92 70 90 86 20 0 0 81 0 18 91 80 45 0 6 42 48 8 78 28 77 30 0 63 41 34 76 100 33
7 32 38 84 0 0 95 0 54 98 0 0 0 0 0 23 57 97 29 68 59 52 13 49 50 47 0 0 85 93 51 10 0 12 73 35 22 75 55 99 9 0 3 83 44 89 0 69 43 37 40 2 53 4 0 17 0 0 0 94 64 92 0 90 86 20 0 27 81 31 18 0 0 45 0 6 42 48 8 0 28 77 0 0 63 41 34 76 0 33 19 74 61 5 0 26 65 11 67 71
39 36 58 60 21 0 0 97 0 68 59 52 13 49 50 47 0 72 85 93 51 10 25 12 73 0 22 0 55 99 9 0 3 83 44 89 56 0 43 37 40 2 0 4 88 17 0 1 46 94 0 92 70 0 86 20 79 27 81 0 18 91 80 45 66 0 0 0 0 0 28 77 0 14 63 41 34 76 100 33 19 74 61 5 62 26 65 0 67 71 7 0 38 84 15 0 0 87 0 0
59 52 13 49 50 47 24 0 0 0 51 10 25 0 73 35 22 0 0 99 9 96 0 0 44 89 0 69 43 37 0 2 53 4 88 17 0 0 46 94 64 92 0 90 86 20 79 0 81 31 18 91 0 45 66 6 42 0 8 78 28 77 30 14 63 41 34 76 100 33 0 74 61 0 62 26 0 0 67 71 7 32 0 0 0 82 95 87 0 98 39 0 58 60 0 0 57 97 29 68
0 10 25 12 73 0 22 75 0 99 9 96 0 83 0 89 0 0 43 37 40 2 53 4 88 0 16 1 46 94 0 0 0 0 86 20 79 0 81 31 18 91 80 0 66 6 42 0 8 78 28 77 0 14 63 41 34 76 100 33 19 74 0 5 62 26 65 11 67 0 7 32 38 84 0 0 0 87 54 0 39 36 58 60 21 0 57 97 0 0 59 52 13 49 50 0 0 72 85 93
9 96 0 83 44 89 56 0 43 37 0 2 53 4 0 0 0 1 46 94 64 92 70 90 0 20 0 27 81 31 0 91 0 45 66 6 42 0 8 78 28 77 30 14 0 0 0 76 100 33 19 74 61 5 62 26 65 11 67 0 7 0 38 84 15 0 95 0 54 98 39 36 58 0 0 0 57 97 29 68 59 52 13 49 50 0 24 0 85 93 51 10 25 12 0 35 22 75 55 99
40 2 53 4 88 17 16 0 46 94 0 92 70 90 86 20 79 27 81 31 18 91 0 45 0 0 42 0 8 0 28 77 30 14 63 41 0 0 0 33 19 74 0 5 62 26 0 0 0 0 7 32 38 0 15 82 0 87 0 0 0 36 58 60 0 23 0 97 29 68 59 0 13 49 50 47 24 72 0 93 51 10 0 12 73 0 0 75 55 99 9 96 0 83 44 0 0 69 43 37
27 0 31 0 92 70 90 86 20 79 48 8 78 0 0 80 45 0 0 42 76 100 33 28 0 30 14 63 41 34 11 67 71 0 0 61 5 62 26 0 0 54 98 7 32 38 0 0 82 95 97 29 68 39 36 0 60 21 23 57 72 0 0 59 52 13 49 50 47 24 75 55 0 51 10 25 0 73 0 0 69 0 37 9 96 3 83 0 0 56 1 46 0 40 2 0 0 0 17 0
48 8 78 18 91 80 45 0 0 42 76 100 33 28 77 0 0 63 0 34 0 67 71 0 0 0 0 62 0 65 87 0 98 7 0 38 0 15 82 95 97 0 68 39 0 58 60 21 23 0 72 85 93 59 52 13 0 50 47 0 75 0 0 0 10 25 0 73 35 22 69 0 37 9 96 0 83 44 89 0 1 0 94 40 2 0 4 88 17 0 27 81 31 64 92 70 90 0 20 79
76 100 0 28 0 30 14 63 41 34 11 67 0 19 74 0 0 0 0 65 87 54 0 7 32 38 84 0 82 0 0 29 68 0 0 58 60 21 23 0 0 85 0 59 52 13 49 50 0 0 75 55 99 51 10 25 12 73 0 22 69 43 37 0 96 0 83 44 89 0 0 0 0 40 2 0 4 88 17 16 0 81 31 0 92 70 0 86 20 79 48 0 0 18 91 80 0 66 6 42
11 0 71 19 74 61 5 62 26 65 87 54 98 7 0 38 0 15 82 95 97 29 68 39 36 58 60 21 23 0 72 85 93 0 0 0 49 50 47 24 75 55 99 51 10 0 12 0 35 22 69 43 37 9 96 3 83 44 89 0 1 0 0 40 2 53 4 0 0 0 27 81 31 0 92 70 90 86 0 79 48 8 0 0 0 80 45 0 0 42 76 0 33 28 77 30 14 63 0 0
87 54 98 7 32 0 84 15 82 0 97 29 0 0 36 58 60 21 23 57 72 85 93 59 52 13 49 0 0 24 0 55 99 0 10 0 12 73 0 22 69 43 0 0 0 0 83 0 89 0 1 0 94 40 0 53 0 88 17 16 27 81 31 64 92 70 0 86 20 79 48 8 78 18 91 80 45 0 6 0 76 100 0 28 77 30 14 0 0 34 11 67 71 19 74 0 5 62 0 65
97 0 0 39 36 58 0 21 23 57 72 85 93 59 0 13 49 50 47 24 75 0 0 51 10 25 12 73 0 22 0 43 37 9 96 0 83 44 89 0 1 46 94 0 2 53 0 88 17 16 27 81 31 64 92 70 90 0 20 79 48 8 78 18 91 0 45 0 6 42 0 0 0 28 0 0 14 0 0 34 11 67 71 19 74 0 5 62 0 65 87 0 98 7 32 0 84 15 82 0
0 85 93 59 52 13 49 50 47 24 75 55 99 51 10 0 12 0 35 22 69 43 0 9 0 3 0 0 89 56 1 46 0 40 2 53 4 0 17 0 0 81 31 64 0 70 90 86 20 79 0 8 0 18 91 0 45 66 6 42 76 0 0 0 77 0 14 0 41 34 11 67 71 19 0 0 5 62 26 65 87 54 98 7 32 0 0 0 0 95 97 29 68 39 0 58 60 21 0 57
0 55 99 0 10 25 0 0 35 22 0 43 37 9 96 0 83 44 89 56 0 46 94 40 2 53 4 0 0 0 27 81 31 64 92 0 90 86 20 79 48 8 0 18 0 80 45 0 0 42 0 100 33 28 77 30 14 63 41 34 0 0 71 19 74 61 5 62 0 0 87 54 98 7 32 38 0 15 82 95 0 29 0 39 36 58 60 21 23 57 72 85 93 59 0 13 49 0 47 24
69 0 37 0 0 0 0 0 89 56 1 0 94 40 2 0 4 88 17 16 0 0 31 64 0 70 90 86 0 0 0 0 0 18 91 80 45 66 0 42 76 100 33 28 77 30 14 63 41 34 11 67 71 19 74 61 5 62 0 65 87 54 0 7 0 38 84 0 82 0 97 29 0 0 36 0 0 0 0 0 72 85 93 59 52 13 0 0 47 0 0 0 99 51 10 0 12 73 35 22
0 46 94 0 0 0 4 0 17 0 27 0 31 0 0 70 0 0 20 79 48 0 0 0 91 80 0 66 6 42 76 100 0 28 77 0 0 63 41 34 0 67 71 0 74 61 0 62 26 0 87 0 0 7 32 38 84 15 82 0 97 0 0 39 36 58 60 21 23 57 0 85 0 59 0 13 49 50 47 24 75 55 99 51 0 0 12 0 35 22 69 43 0 9 96 0 83 0 89 0
86 0 79 0 81 31 64 92 70 90 0 6 42 48 8 78 18 91 80 45 63 41 34 76 100 0 28 77 0 14 62 0 65 0 0 71 0 0 61 5 0 82 95 87 0 0 7 32 38 84 21 23 57 97 29 68 39 36 0 60 50 47 0 72 85 93 59 0 0 49 73 35 22 75 55 99 0 0 25 0 44 89 56 69 43 37 9 96 3 83 88 17 16 1 0 94 40 0 0 4
66 0 42 48 0 0 0 91 80 45 0 41 0 76 100 33 28 77 30 14 62 26 0 0 67 71 0 0 61 0 15 0 95 87 0 98 7 32 38 84 21 0 57 0 29 68 0 36 58 60 0 47 24 0 85 93 0 52 13 49 73 0 22 75 55 0 51 0 0 12 44 0 56 69 43 37 9 96 3 83 88 17 16 0 46 94 40 2 53 4 0 20 0 27 0 31 64 92 70 90
63 41 0 76 100 0 28 0 0 14 62 26 65 0 0 71 19 0 61 5 15 0 95 87 0 98 7 32 38 84 21 23 57 0 29 68 39 36 58 0 50 0 24 0 85 93 59 52 13 49 73 35 0 75 0 99 51 10 25 12 44 89 56 69 43 37 0 96 3 83 88 17 16 0 46 94 40 2 53 0 86 20 79 27 81 31 64 92 70 0 0 6 42 48 0 78 0 91 80 45
62 26 65 11 0 71 0 74 61 5 0 82 95 87 0 0 7 0 0 0 21 23 0 97 0 68 39 36 58 60 50 47 24 72 85 93 59 0 13 49 73 35 22 75 0 99 51 0 0 0 44 0 56 69 43 37 0 0 0 83 88 0 0 1 46 94 0 2 53 4 86 0 79 27 81 0 64 92 70 90 66 6 42 48 8 0 0 91 0 45 0 41 0 0 0 0 28 77 0 14
15 82 95 87 0 98 7 32 38 84 21 23 0 97 29 0 39 36 58 60 0 47 24 0 85 93 59 0 13 0 73 0 22 75 55 99 51 10 25 12 44 0 56 69 0 37 9 0 3 0 88 0 0 1 46 94 40 2 53 4 86 20 79 27 0 0 64 92 70 90 0 6 42 48 8 0 18 0 80 0 63 41 34 76 100 33 28 77 30 14 62 0 0 0 0 0 19 74 61 5
0 0 57 0 29 68 39 36 58 60 50 0 24 72 85 93 59 52 0 49 73 35 22 75 55 99 51 0 0 0 0 0 56 69 43 37 9 96 3 0 88 17 16 1 46 94 40 2 0 0 0 20 79 27 0 31 0 92 0 90 0 6 42 48 8 78 18 0 0 45 63 41 34 76 100 33 28 0 30 0 0 0 0 11 67 71 0 74 0 0 15 82 95 0 0 98 7 0 0 84
50 47 24 72 85 93 0 0 13 0 0 0 22 75 0 99 0 10 25 0 44 89 56 69 43 37 0 0 3 83 0 17 0 0 0 94 40 0 0 4 0 20 0 27 81 31 64 92 70 90 66 6 42 48 8 0 18 0 80 0 63 0 34 76 100 33 28 77 30 14 0 0 0 0 67 71 19 74 61 5 0 0 0 87 54 98 7 0 38 84 21 23 0 97 29 68 39 36 58 0
0 0 22 75 0 99 0 0 25 12 44 89 0 69 43 37 9 96 3 83 88 17 0 1 0 94 40 2 53 4 86 20 79 27 81 0 64 92 70 90 0 6 42 48 8 78 0 91 80 0 63 41 34 0 100 33 28 77 30 14 0 26 0 11 67 71 0 74 61 5 15 82 95 0 0 0 0 32 38 84 21 23 0 0 29 68 39 36 58 60 0 47 24 72 85 0 0 52 0 0
44 0 0 0 0 37 9 96 3 83 88 17 0 1 46 94 40 0 53 4 86 0 79 0 0 31 64 92 0 0 66 6 42 48 8 78 18 91 80 45 0 41 34 0 100 33 28 77 0 14 62 0 65 11 0 71 19 74 0 5 15 82 0 0 54 98 7 32 0 84 21 23 57 0 29 68 39 36 58 60 50 47 0 0 0 93 0 52 13 49 73 35 22 75 55 99 51 10 25 0
0 17 16 1 0 94 40 2 0 0 86 20 79 27 81 0 64 0 70 90 66 0 0 0 8 78 18 91 0 45 63 0 34 0 0 33 0 77 30 0 0 26 65 11 67 71 19 0 0 5 15 82 0 87 54 98 7 32 0 84 21 23 57 97 29 68 0 36 0 60 0 0 24 0 0 93 59 0 13 49 0 35 0 75 0 99 51 10 0 0 44 0 56 69 43 37 9 96 3 83
92 70 90 0 20 79 27 81 31 64 91 80 0 66 6 42 48 8 0 18 77 0 0 63 41 34 76 100 33 0 74 0 5 62 0 65 0 67 0 19 32 38 0 0 82 95 87 54 98 7 36 58 60 21 23 57 97 0 0 0 52 13 49 50 47 24 0 0 93 59 10 25 0 0 35 22 75 55 99 0 0 0 83 0 89 0 69 43 0 9 0 0 4 88 0 16 1 46 94 0
91 0 0 0 6 42 48 8 78 18 77 30 0 63 41 34 76 0 33 28 0 0 5 62 26 65 11 67 71 0 32 38 84 15 82 95 87 54 98 7 36 58 60 21 23 0 97 0 0 0 52 13 49 50 47 24 72 85 93 59 10 25 12 73 35 22 75 55 99 0 96 0 0 0 89 0 0 43 37 9 0 53 4 88 17 16 0 0 94 40 92 0 90 0 0 79 27 0 31 64
0 0 14 0 41 34 0 0 33 28 74 61 0 62 26 65 11 0 0 0 32 38 84 15 82 95 87 54 98 0 0 58 60 21 0 0 97 29 0 39 52 0 0 0 47 24 72 85 0 59 10 25 12 0 35 0 75 0 99 0 96 3 83 44 89 56 69 43 37 9 2 53 0 88 17 16 0 0 0 40 92 0 90 86 0 79 27 81 31 64 91 80 45 66 6 0 48 8 78 18
74 61 5 62 26 65 11 67 71 0 32 0 84 0 0 95 87 0 98 7 36 58 60 21 23 57 97 29 68 0 52 13 49 50 47 0 72 85 93 59 10 0 12 0 35 0 0 55 0 51 96 0 83 44 89 56 69 43 37 9 2 53 4 0 17 16 1 0 94 40 92 0 0 0 20 79 27 81 0 0 0 80 45 0 0 42 48 8 0 18 77 30 0 63 41 0 76 100 0 0
32 38 84 0 0 95 87 54 98 0 36 0 0 0 0 0 0 29 68 39 52 13 49 50 47 24 72 85 93 0 10 0 0 73 35 0 75 55 0 51 96 0 0 44 0 0 69 43 0 9 2 53 0 88 17 16 0 0 94 40 0 70 90 86 20 79 0 81 31 0 91 80 45 66 6 0 0 0 78 18 77 30 14 63 0 34 0 100 33 28 74 0 5 62 26 65 11 0 71 0
36 58 0 0 23 57 0 0 68 39 52 13 49 0 47 24 0 0 93 59 0 25 12 0 35 0 75 55 0 51 96 3 0 0 89 56 69 43 37 9 0 0 4 88 17 16 1 46 94 40 0 70 90 86 20 79 27 0 31 64 91 80 45 0 0 42 48 0 78 18 0 0 0 63 41 0 0 0 33 28 0 61 0 62 26 0 11 67 0 0 32 38 0 15 82 95 87 0 98 0
52 0 0 50 0 24 72 85 0 59 10 25 12 73 35 22 75 55 99 51 0 3 83 44 89 0 69 43 37 9 2 53 4 88 0 16 1 46 94 40 92 70 90 86 20 0 27 0 31 64 91 0 0 0 6 42 0 8 78 18 77 30 0 0 41 34 0 0 33 28 0 61 5 62 0 65 11 67 71 0 0 0 84 15 82 0 0 54 98 0 36 0 0 21 0 0 0 29 68 39
10 25 0 73 0 22 75 55 99 0 96 3 83 44 89 56 69 43 37 9 2 0 0 0 17 16 1 46 94 0 92 0 90 86 20 79 27 81 31 64 91 0 0 66 6 42 0 0 78 18 77 30 14 0 41 34 76 100 33 0 74 61 5 62 26 65 11 0 71 19 32 0 84 0 82 95 87 54 0 7 36 0 60 21 23 57 0 0 0 0 52 0 49 50 47 0 0 0 0 0
96 3 83 44 89 56 69 43 37 9 0 53 4 88 17 16 1 46 94 40 92 70 0 0 0 79 27 81 0 64 0 80 0 66 6 42 0 0 78 18 77 30 0 63 41 34 0 0 33 28 74 61 5 0 26 0 11 0 71 19 32 38 84 15 82 0 87 54 98 7 0 58 0 21 23 57 97 29 0 39 52 0 49 0 47 0 0 85 93 59 0 25 0 73 35 22 0 0 99 51
0 53 4 88 17 16 0 46 0 40 92 70 90 86 20 0 27 81 31 64 0 80 0 66 6 42 0 8 78 18 77 30 14 0 41 34 0 100 33 28 0 0 5 62 26 65 11 0 0 19 32 38 84 15 82 95 0 54 98 7 0 58 60 21 0 0 97 0 0 0 52 0 49 50 47 0 72 0 0 59 10 25 12 73 0 22 75 0 99 51 96 3 83 0 89 56 69 43 37 9
81 31 64 92 70 90 86 0 0 0 0 78 18 0 80 45 66 0 0 48 100 0 28 77 0 14 63 41 34 76 0 71 0 74 61 5 62 26 0 11 54 98 0 0 38 84 15 82 95 0 29 68 39 36 0 60 0 23 0 0 85 93 59 52 13 49 50 47 24 72 55 99 51 10 0 0 73 35 22 75 43 37 9 0 0 83 44 0 56 69 0 0 40 2 53 4 88 17 0 1
0 78 0 0 80 45 66 6 42 48 100 33 28 77 30 14 63 41 34 76 67 0 0 74 61 5 62 26 65 11 0 98 0 32 0 84 15 82 95 87 0 68 39 36 58 60 21 23 0 97 85 93 0 52 13 49 50 47 24 72 55 99 51 10 0 0 0 35 22 75 43 37 9 96 3 83 0 89 56 69 46 94 40 0 53 4 88 0 16 1 0 31 64 0 70 90 86 20 79 27
100 33 28 77 30 14 63 41 34 0 67 71 0 0 61 5 0 26 65 11 0 0 7 32 0 84 15 0 95 87 29 68 39 0 58 60 0 23 57 0 85 93 0 52 0 0 50 47 0 72 55 0 51 10 25 0 0 35 22 75 43 37 9 96 3 83 44 89 56 69 46 0 40 2 0 0 88 17 16 1 81 31 64 92 70 90 86 0 79 27 8 78 18 0 80 45 66 6 42 48
0 71 19 74 61 5 62 26 65 11 54 98 0 32 38 0 15 82 95 87 0 0 39 36 58 0 21 23 57 97 85 93 59 52 13 49 0 0 24 72 55 99 0 10 25 0 73 0 22 75 0 37 9 96 3 83 0 89 0 69 46 0 40 0 0 4 0 0 16 1 0 31 64 92 70 90 86 20 0 27 8 78 18 91 80 45 0 6 42 48 0 33 0 0 30 14 63 41 34 76
54 98 7 0 0 84 15 82 95 87 29 0 39 36 0 60 21 23 57 0 0 93 59 0 13 49 0 0 24 0 55 99 51 0 0 12 73 35 22 75 0 0 9 96 3 83 44 89 0 69 46 0 40 0 53 0 88 17 0 1 81 31 0 92 70 90 86 0 79 0 0 78 18 91 0 45 0 6 0 0 100 33 28 0 30 14 0 41 34 76 0 0 19 74 0 5 62 26 65 11
29 0 39 36 58 60 21 0 57 0 0 0 59 52 13 49 50 47 24 0 0 99 51 10 25 12 73 0 22 75 43 37 9 0 0 83 0 89 0 69 46 0 0 2 0 4 88 17 16 0 81 0 64 92 0 0 86 20 0 27 8 78 18 0 80 45 66 6 42 48 100 33 28 77 30 0 63 41 34 76 0 71 0 74 61 0 62 26 65 11 54 0 7 0 38 84 15 82 95 87
0 0 0 52 0 49 50 47 24 72 55 0 0 0 25 12 73 35 22 75 43 37 0 0 0 83 44 89 0 0 46 94 40 2 53 4 88 17 16 1 81 0 0 0 70 90 86 20 79 27 0 78 18 0 80 45 0 6 42 48 0 33 28 77 30 0 63 0 34 76 67 0 19 74 61 5 62 26 0 0 54 98 7 32 38 0 15 82 95 87 29 68 39 36 0 60 21 0 57 97
55 99 51 10 0 12 73 35 22 75 43 37 9 0 3 83 44 89 56 69 46 94 40 0 53 4 88 17 16 1 81 0 0 92 70 90 0 20 79 27 0 78 18 0 80 0 66 6 42 0 0 33 0 77 30 14 0 0 34 76 67 0 0 0 0 5 62 26 65 11 0 98 7 32 0 84 15 82 95 87 0 68 0 36 0 60 0 0 57 97 85 93 59 52 13 49 0 47 24 72
43 37 0 96 3 0 44 89 56 69 0 0 0 0 53 4 88 0 16 1 0 0 64 92 70 0 86 0 79 27 8 78 18 91 80 0 66 6 42 0 0 33 28 0 30 14 63 0 0 76 0 0 19 74 0 5 62 26 65 11 54 98 7 0 38 0 0 82 95 87 29 68 39 36 58 0 0 23 57 97 85 93 59 52 13 49 50 47 24 72 55 99 51 10 25 0 73 0 22 75
0 94 0 2 53 4 0 17 16 1 0 0 64 0 0 90 86 20 0 0 0 0 18 91 80 0 0 0 0 48 100 33 28 77 0 14 0 0 34 76 67 71 19 74 61 5 62 26 65 11 54 0 0 32 38 84 15 82 0 87 29 68 39 36 0 60 0 23 57 97 85 0 0 0 0 49 50 0 24 0 55 99 0 10 25 0 0 35 0 75 43 37 9 0 3 83 44 89 0 69
20 79 0 81 31 64 0 70 90 86 0 42 0 0 78 18 91 80 0 66 41 34 0 0 33 28 77 30 0 63 26 0 11 67 71 19 0 61 0 0 82 0 87 54 98 7 32 38 84 15 23 0 97 0 68 39 36 0 60 21 47 24 0 85 0 0 52 0 49 0 35 22 75 55 99 51 10 25 12 73 0 0 69 43 37 9 96 3 83 44 0 0 1 46 0 0 0 53 4 88
6 0 48 8 78 0 91 80 45 0 41 34 76 0 33 28 77 30 14 0 26 65 0 0 71 19 74 61 5 0 0 95 0 54 98 7 32 38 84 0 23 0 97 0 68 39 36 58 60 21 0 0 72 85 93 59 52 13 0 0 35 22 0 0 99 51 10 0 12 73 0 56 69 43 37 9 96 3 83 0 17 16 1 0 0 40 2 53 4 88 0 79 27 81 31 64 92 70 90 0
41 34 0 100 0 28 77 30 14 0 26 65 11 67 0 0 0 61 0 0 82 0 87 54 98 0 32 38 84 15 0 57 97 29 0 39 36 58 60 21 47 24 72 85 93 59 52 13 49 0 0 22 75 0 99 51 0 0 12 73 0 56 69 43 37 9 96 3 83 44 17 0 0 46 94 40 0 0 4 88 0 79 27 81 31 64 92 70 0 86 6 0 0 8 78 0 91 0 45 66
26 65 11 0 71 0 74 61 5 62 82 95 0 54 98 0 0 0 84 15 23 57 97 29 68 39 36 58 0 21 47 24 72 85 93 0 52 13 49 50 35 22 0 0 99 51 0 25 12 0 89 56 0 43 37 9 96 0 0 44 17 16 1 46 0 40 0 53 4 0 20 79 27 81 31 64 92 70 0 86 6 42 48 8 78 18 91 80 0 0 0 34 76 0 0 28 77 30 14 63
82 95 0 0 0 7 32 38 84 15 23 57 0 0 68 39 0 0 60 21 47 24 0 85 93 0 52 13 0 50 35 22 75 55 0 51 0 0 12 73 0 56 0 0 37 9 96 3 83 44 17 16 1 46 0 0 2 0 0 0 20 0 27 81 31 64 92 70 90 86 6 42 0 0 78 18 91 80 45 66 41 34 0 100 33 28 77 30 14 63 26 65 11 0 71 19 74 61 0 62
0 0 97 29 68 39 36 58 60 21 47 24 72 85 93 59 52 13 49 0 35 22 75 55 99 51 0 25 0 73 89 56 69 43 37 9 96 3 0 44 0 0 0 46 94 40 2 53 4 88 20 79 27 81 0 64 0 70 90 86 6 42 48 8 78 18 91 80 45 66 41 34 76 100 33 28 0 30 14 63 26 65 11 0 71 0 0 61 5 62 82 95 0 54 0 7 32 38 84 15
47 24 0 85 93 59 52 13 49 50 35 22 75 55 99 0 10 0 12 73 89 56 69 43 37 9 96 0 83 44 17 0 0 46 94 40 2 53 4 88 20 0 27 81 0 64 92 0 0 0 6 42 48 8 0 18 91 80 45 0 0 34 76 0 0 28 0 30 0 63 0 65 11 67 0 0 74 0 0 0 82 95 0 0 98 7 32 0 84 15 23 0 0 29 68 39 36 58 60 21
0 22 0 55 0 51 10 25 0 0 0 56 69 0 37 0 96 0 0 44 17 0 1 46 94 0 2 0 4 88 20 79 27 0 0 64 0 0 90 0 6 0 48 8 78 18 91 80 45 66 41 34 0 100 33 28 77 30 0 63 0 65 0 0 71 19 74 61 0 62 0 95 87 0 98 0 32 38 84 15 23 0 97 29 68 39 36 58 60 21 47 24 72 0 93 0 52 0 0 50
89 56 69 43 0 9 0 3 83 44 0 16 1 0 94 40 0 53 4 88 20 79 0 0 31 0 92 70 90 0 6 42 48 0 78 18 0 80 0 0 41 34 76 100 33 28 0 30 0 63 0 0 11 67 71 19 74 61 5 62 82 95 0 54 98 7 32 0 84 0 23 57 97 29 68 39 36 58 0 21 47 0 72 0 93 59 52 13 0 0 35 22 0 55 99 51 10 25 0 0
17 16 1 0 94 0 2 53 4 88 20 79 27 81 31 64 92 70 90 0 6 42 48 8 78 0 91 80 0 66 0 0 0 100 33 28 77 30 14 0 26 65 11 67 71 19 0 0 5 62 82 95 0 54 98 0 32 38 84 0 23 57 97 0 0 39 0 58 60 21 0 24 0 0 0 59 0 13 0 50 35 22 75 0 0 51 10 0 0 0 0 0 69 43 37 9 96 3 83 44