9
0 69 57 0 38 0 48 0 62 3 65 31 0 49 0 7 0 41 44 28 75 53 2 73 0 0 0 77 0 0 59 80 17 61 14 39 0 4 40 27 56 0 79 66 21 24 47 20 6 45 0 58 0 0 12 37 18 42 0 32 67 50 36 0 34 23 16 8 9 63 0 0 70 46 51 0 11 60 5 26 0
24 47 0 6 45 74 0 54 0 0 37 18 42 68 32 0 0 0 52 34 23 16 8 9 0 0 10 0 46 0 0 0 60 5 26 72 0 69 57 64 0 22 48 0 0 3 65 31 25 0 76 7 0 41 44 0 75 53 2 73 13 0 33 77 55 29 59 80 17 61 0 0 35 4 0 27 0 71 0 66 21
3 65 31 0 0 76 0 15 0 0 28 75 53 2 73 13 30 33 77 55 0 0 0 17 61 14 39 35 4 40 0 56 71 79 66 0 24 0 20 6 45 0 58 0 81 12 0 0 42 0 0 67 50 0 0 34 23 16 0 9 63 43 10 0 46 51 78 11 60 5 0 72 19 69 0 64 0 22 0 1 62
0 37 18 0 0 32 67 0 0 0 34 23 16 8 9 63 43 10 0 46 0 78 11 60 0 0 72 0 69 57 64 38 22 48 0 62 3 65 0 0 0 76 7 15 41 0 0 75 53 2 0 0 30 0 0 0 29 59 80 17 61 0 39 0 4 0 0 56 71 79 66 21 24 47 20 0 45 74 58 54 81
44 28 75 53 0 73 13 0 33 77 55 29 59 0 17 0 14 0 0 4 40 0 56 71 79 0 21 0 47 20 6 45 74 58 0 81 12 0 18 42 0 32 0 0 36 52 34 23 16 8 9 63 43 10 70 0 51 78 0 60 5 26 72 0 0 0 64 0 0 48 1 62 3 0 31 25 0 76 7 15 41
0 34 0 16 0 0 63 0 10 70 46 51 0 11 0 5 0 72 0 69 0 64 38 22 48 1 0 0 65 31 25 49 0 7 15 41 0 28 75 53 2 73 13 30 0 77 55 29 59 0 17 0 0 0 35 0 0 27 0 71 0 66 0 24 47 20 0 45 74 58 54 81 12 0 18 42 0 0 67 0 36
77 55 29 59 80 0 0 14 39 0 0 40 27 56 71 79 66 0 24 47 20 6 45 74 0 54 81 12 37 18 42 68 32 67 0 36 52 34 23 16 8 9 63 43 10 0 46 51 0 11 60 5 26 72 0 0 57 64 0 22 0 1 62 3 0 0 0 49 0 7 0 41 44 0 75 53 2 0 13 0 33
0 46 51 0 11 60 5 0 72 19 0 57 0 38 22 48 1 62 0 65 0 0 0 0 0 0 41 44 0 0 53 2 73 0 30 33 77 0 0 0 80 17 61 14 39 35 4 40 27 56 0 79 0 21 24 47 20 0 0 74 0 54 0 0 0 18 42 0 0 67 50 36 52 34 0 16 8 0 63 43 0
35 4 0 27 0 71 0 66 21 24 47 0 6 45 74 58 54 0 12 37 18 0 0 32 67 50 36 52 34 23 16 0 0 0 0 10 70 46 51 78 11 0 5 26 72 19 0 0 0 38 22 48 1 62 3 0 31 25 49 76 7 15 0 0 28 0 53 2 73 13 0 33 77 55 0 0 80 17 61 14 0
38 22 48 1 62 19 69 0 64 49 76 0 0 0 3 0 31 0 2 0 13 30 33 44 0 75 0 80 17 61 14 39 77 0 29 59 56 71 0 0 0 0 4 0 27 0 74 0 54 0 0 47 20 0 68 32 67 50 36 12 37 18 42 8 0 0 43 10 52 34 23 0 0 60 5 26 72 0 46 51 78
45 74 58 54 81 24 0 20 6 68 32 0 50 36 12 37 18 42 8 0 63 43 10 0 34 23 16 0 0 5 0 72 0 46 0 78 38 0 48 1 62 0 69 57 64 0 0 7 15 41 3 0 31 25 2 0 13 30 0 0 28 75 53 80 0 0 14 0 0 0 29 59 0 71 79 66 21 35 4 40 27
49 0 0 15 0 3 65 31 25 2 73 13 0 33 44 28 0 53 0 0 61 14 0 77 55 0 59 56 71 0 66 21 35 4 0 27 45 0 58 54 81 24 47 20 0 68 32 67 50 0 12 37 18 42 8 0 63 43 10 52 0 0 0 11 0 0 26 0 70 46 0 78 0 22 48 1 62 0 69 57 0
68 32 67 0 0 12 37 18 0 0 0 0 0 0 52 34 23 0 11 60 5 26 72 70 0 51 78 38 22 0 1 0 19 0 57 64 0 76 7 15 41 3 65 0 25 0 73 13 0 0 44 28 0 53 0 17 0 14 0 77 0 0 0 56 71 79 66 21 35 4 0 0 45 74 58 54 0 24 0 0 0
2 0 13 30 33 0 0 75 53 0 17 61 0 0 0 55 29 59 56 71 79 66 21 35 0 40 27 45 0 58 0 0 24 0 20 0 68 32 0 50 36 12 37 18 0 8 9 63 0 10 0 34 0 0 11 60 5 26 0 70 46 51 78 38 22 48 1 62 19 0 57 0 49 76 7 15 0 0 65 31 0
8 9 63 43 10 52 0 0 16 0 60 0 26 72 70 46 0 0 38 0 0 0 62 19 0 0 0 0 0 7 15 0 3 0 0 25 2 0 0 0 33 44 0 75 53 0 17 61 14 39 77 55 29 59 56 71 0 0 0 35 4 0 27 0 74 58 54 81 0 47 0 6 0 32 67 0 36 12 37 18 0
80 17 61 14 0 0 55 29 59 56 0 79 66 21 0 0 40 0 45 74 0 54 81 24 47 20 6 68 0 67 50 0 12 37 0 0 8 9 63 43 10 52 0 23 16 11 60 0 26 72 70 0 51 78 38 0 48 1 62 19 0 57 64 49 76 0 15 41 3 0 31 25 2 73 13 30 0 0 28 75 53
0 60 5 26 72 0 46 0 78 38 0 48 1 62 19 69 0 64 0 76 0 15 41 3 65 31 0 2 0 13 0 33 0 28 75 53 80 17 0 14 39 77 55 29 59 56 71 79 66 21 35 4 40 0 45 74 58 54 81 24 47 20 6 68 0 0 50 36 12 37 0 42 8 9 0 43 0 52 0 23 0
0 0 0 66 21 0 0 40 27 0 0 0 54 81 24 47 20 0 68 0 67 50 36 12 37 18 42 8 9 63 43 10 52 34 23 16 11 0 5 0 0 70 46 51 78 38 22 0 1 62 19 0 57 64 49 76 0 0 41 3 0 0 0 0 73 0 30 0 44 28 0 53 80 17 0 14 39 77 0 29 59
62 19 69 0 64 38 22 48 1 41 3 0 31 0 0 76 0 0 0 44 0 75 53 2 0 0 0 0 0 55 29 59 80 17 61 0 21 35 0 40 27 56 0 79 66 81 24 0 20 6 45 0 58 54 36 12 37 18 42 68 32 67 50 10 52 34 0 0 0 9 0 0 72 70 0 0 78 11 60 5 26
81 0 47 0 6 0 74 58 0 36 12 0 18 0 0 32 67 50 0 0 34 0 16 8 0 0 0 72 0 46 0 78 0 60 5 26 0 19 69 0 64 0 0 0 1 41 3 0 31 25 49 76 7 15 0 44 28 75 53 2 73 13 30 39 77 0 29 59 80 17 61 14 0 35 0 0 27 0 0 79 66
0 3 65 0 25 0 76 0 0 33 0 28 0 0 2 73 13 30 0 77 0 0 59 0 17 0 14 21 0 4 40 27 56 71 79 66 81 0 0 0 6 45 74 58 54 36 12 37 18 42 68 32 67 50 10 52 0 23 16 0 9 63 0 72 70 46 51 78 11 60 0 26 62 0 69 0 64 38 22 0 1
36 12 0 0 42 0 32 67 50 0 52 34 0 0 8 9 63 43 72 70 46 51 78 0 60 0 26 62 19 69 57 64 38 22 0 1 41 3 0 31 25 49 76 7 15 0 44 28 0 0 2 73 13 30 39 77 55 29 59 0 17 0 0 21 35 4 0 0 56 71 79 0 0 24 0 20 0 0 74 0 54
33 0 28 75 53 0 73 13 30 39 0 0 29 59 80 0 61 14 21 35 4 40 0 0 71 79 66 81 24 47 0 6 45 74 58 54 36 0 37 18 0 68 32 67 0 0 52 34 23 16 0 9 63 43 0 0 0 0 0 11 60 0 26 62 19 0 0 64 0 22 0 1 41 0 65 31 25 49 76 7 15
10 0 0 23 16 8 9 63 0 72 70 46 0 78 11 60 0 0 0 19 0 57 64 38 22 48 1 0 3 0 0 25 49 76 7 15 0 44 0 75 53 0 73 0 30 39 77 0 29 59 80 17 61 0 21 0 4 0 27 0 0 0 66 81 24 47 20 6 0 74 58 54 0 12 0 18 42 68 32 67 0
0 77 55 29 59 80 0 61 0 21 35 4 40 27 0 71 79 0 81 24 0 20 0 0 0 58 54 36 0 37 18 42 68 32 67 50 10 52 34 23 0 8 9 63 43 0 70 46 51 0 11 0 5 26 62 19 69 57 0 0 0 48 1 41 0 65 31 25 49 0 7 15 33 44 28 75 0 2 73 13 30
72 70 46 51 0 11 60 5 26 62 19 69 0 64 38 22 48 0 0 3 65 31 25 49 76 7 15 33 0 28 75 0 2 73 0 30 39 77 0 29 59 80 17 61 14 21 35 4 40 27 0 71 79 66 0 0 47 0 6 45 74 58 54 36 12 0 18 0 68 32 0 0 0 52 0 23 16 8 9 63 43
21 35 0 40 0 56 71 79 66 81 24 0 20 6 45 74 58 54 36 12 0 18 42 68 32 0 50 10 52 34 0 0 8 9 63 43 72 0 0 51 0 11 0 5 26 62 19 69 57 64 38 22 48 1 41 3 65 31 25 0 76 0 15 33 44 28 75 53 2 73 13 0 39 77 55 29 0 0 17 61 14
64 0 22 48 0 62 0 0 57 0 49 76 7 15 41 3 65 31 53 0 0 0 30 33 44 28 0 59 80 17 0 0 39 77 55 29 27 0 0 0 0 21 35 4 0 0 45 74 58 0 81 24 0 0 42 68 32 67 0 36 12 0 0 16 8 9 63 43 10 52 34 23 0 0 60 5 26 0 70 0 51
0 45 74 58 0 0 24 0 0 42 68 32 0 50 36 0 37 18 16 8 0 63 43 10 52 34 23 78 0 60 5 26 0 70 0 51 64 38 22 48 1 62 0 69 57 25 49 76 7 15 41 0 65 31 53 2 0 13 30 0 0 28 75 0 80 17 61 14 39 77 55 29 27 56 0 0 66 21 0 4 0
25 49 76 0 15 41 0 65 0 53 0 73 13 30 0 44 28 75 59 80 0 0 14 39 77 0 29 0 56 71 79 66 21 35 4 0 6 45 74 58 54 0 24 47 0 0 68 32 67 0 0 0 0 18 16 8 9 63 0 10 52 34 23 78 11 60 5 26 0 70 0 51 64 38 22 48 1 62 0 69 57
42 0 32 0 50 0 12 37 18 0 0 9 0 0 10 0 0 0 78 11 60 5 0 72 70 46 0 64 38 22 48 0 62 19 0 57 25 49 0 0 15 41 3 65 31 53 2 73 0 30 33 0 28 0 0 80 0 61 0 39 77 55 29 0 56 71 79 66 21 35 0 40 6 45 74 0 54 81 24 47 0
53 2 73 0 30 0 44 28 75 59 0 17 0 0 0 77 55 29 0 56 0 79 66 0 0 4 40 0 45 74 0 0 81 24 0 20 0 68 32 67 50 36 12 37 0 16 8 0 63 43 10 52 34 23 78 11 60 5 0 72 70 46 0 64 0 22 48 1 62 0 0 57 25 49 76 7 15 41 3 65 31
16 0 9 63 0 10 52 34 23 78 0 60 5 26 72 0 46 51 64 38 22 48 1 62 0 69 57 25 0 0 7 0 0 3 65 31 53 2 73 13 30 0 44 0 75 0 80 0 61 14 39 0 55 29 27 56 71 79 0 21 35 4 0 6 0 74 58 0 81 0 47 20 0 68 32 0 0 36 0 37 18
59 80 17 0 14 0 77 0 29 27 56 71 0 66 21 35 4 40 0 0 0 0 54 81 0 0 20 0 68 0 67 0 36 12 0 0 16 8 9 0 0 10 52 34 0 0 11 60 5 0 0 0 46 0 0 38 22 48 1 0 19 0 57 25 49 76 7 0 41 3 0 31 53 2 73 0 0 0 44 28 0
78 11 60 0 26 72 70 46 51 64 38 22 0 1 62 0 69 0 25 49 76 7 15 41 3 0 31 53 2 73 13 30 33 44 28 75 0 80 17 0 14 39 77 55 29 27 0 71 0 66 21 0 0 40 6 45 0 0 54 0 0 47 0 0 0 0 67 50 36 12 37 18 16 0 9 63 43 10 0 0 23
27 0 0 0 0 21 35 4 40 6 0 74 0 0 81 24 47 20 42 68 32 0 50 36 0 37 18 16 8 0 0 43 10 52 34 0 0 0 60 0 26 72 70 0 51 64 38 22 48 1 62 19 69 57 0 49 76 7 15 0 0 65 31 0 2 73 13 30 33 44 28 75 0 0 17 0 14 39 77 0 29
0 62 0 0 57 64 38 22 48 15 41 3 65 31 25 49 76 7 0 33 44 0 75 0 2 73 0 14 39 77 55 29 59 80 17 61 0 21 35 4 0 27 56 0 79 0 81 0 0 0 6 45 74 58 0 0 12 37 18 42 68 32 67 43 0 52 34 23 16 8 9 0 26 72 0 0 0 78 11 60 5
54 0 24 47 20 6 45 0 58 50 0 12 37 18 0 68 32 0 43 10 0 34 23 0 8 0 63 0 72 0 46 51 78 11 60 0 1 62 19 69 0 0 0 22 48 15 41 0 65 0 25 0 76 0 30 0 0 28 75 0 2 73 13 14 39 77 55 0 0 80 17 0 66 21 35 0 40 0 0 71 79
15 0 3 65 31 25 49 76 7 30 33 0 28 75 53 2 73 0 14 39 77 55 29 0 0 0 61 66 21 0 4 40 0 0 0 79 54 81 24 47 20 6 45 74 0 0 36 0 37 0 42 0 32 0 0 10 52 34 0 16 8 9 0 26 0 70 46 0 78 11 60 5 1 62 0 69 57 0 38 22 0
50 36 12 0 18 0 68 32 0 43 0 52 0 23 16 8 9 63 0 0 70 46 51 0 11 0 5 1 0 0 69 57 64 38 0 48 15 0 3 65 31 25 49 76 0 30 33 44 28 0 53 2 0 13 14 0 0 55 0 59 0 17 0 0 21 35 0 0 27 56 71 79 0 81 24 47 20 6 45 74 58
0 33 44 0 75 0 2 0 13 14 39 77 55 29 59 0 0 61 66 21 0 4 40 27 56 71 0 54 0 24 0 0 6 45 74 0 50 36 12 0 0 42 68 0 67 43 10 52 34 23 0 0 9 63 26 0 0 46 51 0 11 60 5 1 62 0 69 57 64 38 22 0 15 41 0 65 31 25 49 76 0
0 0 52 0 23 16 8 0 63 0 0 0 0 51 78 0 60 5 1 62 19 69 57 64 0 0 0 15 41 0 0 0 25 49 76 7 30 0 44 28 75 53 2 0 13 14 39 77 55 29 59 0 17 61 66 21 0 4 40 27 56 0 0 0 81 24 47 0 6 0 74 58 50 0 12 37 0 42 0 32 67
0 39 0 55 29 0 80 17 0 66 21 35 4 0 0 56 71 79 54 81 24 47 20 6 45 74 58 50 36 12 37 18 42 68 32 67 43 10 0 34 0 16 8 0 0 0 72 70 46 51 78 11 60 5 0 62 19 69 0 64 38 22 48 15 41 3 65 0 25 49 76 7 30 33 44 28 75 53 2 73 13
26 72 70 46 51 78 0 60 5 0 0 0 0 57 0 38 0 0 15 41 3 65 31 25 49 76 7 30 33 0 0 0 53 2 73 13 0 0 77 0 29 59 80 17 0 0 21 35 4 0 0 56 71 0 54 81 24 47 20 0 45 74 58 0 36 12 0 18 42 0 32 0 43 0 52 34 23 16 0 9 63
66 0 35 0 40 27 0 71 79 0 81 24 47 20 0 45 74 58 0 36 12 37 0 42 68 32 0 43 0 52 0 23 16 8 0 63 0 72 70 0 51 0 11 60 5 0 0 19 69 57 64 38 0 48 0 41 3 65 31 25 49 76 7 30 0 44 28 0 53 2 0 0 14 0 77 55 29 59 80 0 61
57 64 38 22 48 1 0 19 69 31 25 49 76 0 15 41 3 65 0 53 2 73 13 30 33 0 28 0 0 0 17 61 14 0 77 0 0 0 56 0 79 66 21 35 4 0 0 45 74 58 54 0 24 47 18 42 68 0 67 0 36 12 0 23 0 8 9 63 43 10 52 0 0 78 0 0 5 26 0 70 46
20 6 45 74 58 54 81 0 47 18 42 68 32 0 50 36 12 0 23 0 8 9 63 43 10 0 34 0 78 0 60 5 26 0 70 46 57 0 38 22 48 1 62 19 69 31 25 49 0 0 0 0 3 0 75 0 0 73 0 0 33 0 28 0 59 80 17 61 14 39 77 0 40 27 0 0 79 66 21 35 4
0 25 0 76 7 0 41 3 0 75 53 2 73 13 30 33 44 28 29 59 0 17 61 14 39 77 55 0 0 0 71 0 0 21 35 0 0 6 45 0 0 54 81 24 0 0 42 68 32 67 50 36 12 0 23 0 8 9 63 43 10 52 34 0 78 0 0 0 26 0 70 46 57 0 0 0 48 0 0 19 0
0 0 68 32 67 50 36 0 37 23 0 8 9 63 43 10 52 0 51 78 11 60 5 26 72 70 0 57 0 38 22 48 1 0 19 0 0 25 49 76 7 15 0 0 0 0 53 0 0 13 30 33 44 0 29 59 80 17 61 14 39 77 55 40 27 0 71 0 0 0 35 0 20 0 45 74 0 54 0 0 0
0 53 2 73 0 30 33 44 0 29 59 0 17 61 14 39 77 55 40 0 0 71 79 66 21 35 4 20 6 45 74 58 0 81 24 47 18 0 68 0 0 50 0 12 37 23 0 0 0 63 43 10 0 0 51 78 11 60 0 0 72 70 46 0 64 38 22 0 1 0 0 0 31 25 49 76 7 0 41 0 65
0 16 8 9 0 43 0 52 0 51 0 11 0 0 0 72 70 46 57 0 38 22 48 0 62 0 69 31 25 49 76 0 15 41 0 65 0 53 0 73 13 0 33 44 0 29 59 80 0 61 14 39 77 55 40 27 56 71 79 66 21 35 4 0 0 45 74 58 54 0 24 47 0 0 68 32 67 50 36 12 37
29 59 0 0 61 0 0 0 0 40 27 56 71 79 66 21 35 4 20 0 45 0 58 54 81 24 47 18 0 68 32 67 50 36 0 37 23 0 8 0 0 43 10 52 34 51 78 0 60 0 26 72 70 46 57 64 38 22 48 0 62 19 69 31 25 49 0 7 15 41 3 65 0 53 0 73 13 30 33 44 28
0 78 11 0 0 26 0 70 46 57 64 0 22 48 0 0 19 69 0 25 0 76 0 15 41 0 65 75 53 2 73 13 30 33 44 28 0 59 80 17 61 14 39 77 55 40 27 56 71 79 66 0 35 0 0 0 0 0 58 54 81 24 0 0 0 0 32 67 50 36 12 37 23 16 8 9 0 43 0 52 34
40 27 0 71 0 0 21 35 4 20 6 45 74 0 54 81 24 47 18 42 0 32 67 50 36 0 37 0 16 8 0 63 43 0 52 34 0 78 11 60 5 26 72 70 46 57 64 38 0 0 1 0 19 0 31 0 0 76 0 15 0 0 65 75 0 2 0 13 0 0 0 28 0 59 0 0 61 0 0 77 55
0 0 62 19 69 57 0 0 22 0 15 41 0 65 31 25 49 76 0 30 33 44 28 75 53 0 0 0 14 0 0 55 29 59 0 0 79 66 21 35 4 40 27 56 0 58 0 81 0 47 20 6 45 74 0 50 0 0 37 18 42 68 32 63 43 10 0 0 23 0 8 0 0 26 0 70 0 51 0 0 60
58 54 81 0 0 0 6 45 74 67 50 36 12 0 18 42 68 32 63 43 10 0 0 23 16 8 9 5 26 72 70 46 0 0 0 0 48 0 62 0 69 57 64 38 22 0 0 41 3 0 31 0 49 76 0 30 33 44 28 0 0 0 73 61 14 39 0 0 29 0 80 17 79 0 21 35 0 40 27 56 71
7 0 0 3 65 0 25 49 76 0 30 0 44 0 75 53 0 73 0 14 39 77 55 29 59 80 0 79 66 21 35 0 40 27 56 0 58 54 81 0 47 20 0 45 0 0 50 36 0 37 18 42 68 32 63 43 10 52 34 23 16 0 9 0 26 72 0 0 51 78 0 0 0 1 62 0 69 57 64 0 22
0 50 36 0 37 0 42 0 32 0 43 10 52 34 0 16 8 0 0 26 0 70 0 51 78 11 60 48 0 62 19 69 57 64 38 22 7 0 41 3 65 0 25 49 76 0 30 33 44 0 75 53 0 73 0 14 39 0 55 29 59 80 17 0 66 0 35 0 0 27 0 71 58 54 0 24 47 20 6 0 74
13 30 33 44 28 75 53 0 73 61 14 39 77 0 29 59 0 0 79 0 21 35 4 0 0 0 0 58 54 81 24 47 0 6 0 74 67 50 36 12 37 18 0 68 32 63 43 10 52 34 23 16 8 9 5 26 72 70 46 51 0 11 60 48 1 62 19 69 0 0 0 22 0 0 41 3 65 31 25 0 76
63 43 10 52 34 0 0 0 9 5 0 72 0 46 51 78 0 60 48 1 0 19 0 57 64 38 22 0 15 0 3 0 31 25 49 76 0 30 0 44 0 75 53 0 73 0 0 39 77 0 29 0 80 17 79 66 21 35 0 0 27 0 71 58 54 81 24 47 20 6 45 0 67 50 36 12 37 0 0 68 0
61 14 0 77 55 29 59 80 17 79 0 21 35 0 0 27 56 71 0 54 81 24 0 20 0 0 74 0 0 0 0 37 0 42 0 32 0 43 10 0 34 23 16 0 9 5 26 0 0 46 51 78 0 60 48 1 62 19 69 57 64 38 0 0 0 0 3 65 31 25 0 76 13 30 0 44 0 75 53 2 0
5 26 72 70 46 0 0 11 60 0 1 0 19 69 0 64 0 0 7 15 41 3 65 31 25 49 76 13 0 33 44 28 75 0 2 0 61 14 0 77 0 29 0 80 17 79 0 21 0 0 40 27 56 0 58 0 81 24 47 20 6 45 74 67 50 36 0 37 0 42 68 0 63 43 10 52 0 23 0 0 0
0 66 21 35 4 40 0 56 71 0 54 81 24 47 20 6 0 74 67 50 0 0 0 18 42 0 32 63 43 10 52 34 23 16 8 0 0 26 0 0 46 51 78 11 60 48 1 62 19 69 57 64 38 0 7 0 41 3 0 0 25 49 0 13 0 33 44 0 75 0 0 73 61 14 39 77 55 29 59 0 17
69 57 64 0 22 0 1 0 0 0 31 25 0 76 7 15 41 0 28 0 0 2 73 13 0 33 44 55 29 59 0 17 61 14 39 77 4 40 27 56 0 79 0 21 0 47 20 6 45 74 0 54 81 24 37 18 0 68 32 0 50 36 12 34 0 16 8 9 63 43 10 52 46 51 0 0 60 5 0 0 70
0 20 6 0 0 58 54 0 24 37 18 42 68 32 0 0 0 12 34 23 16 8 0 0 0 10 52 46 51 78 11 60 5 0 0 70 69 57 64 0 0 48 1 62 19 65 31 25 0 0 7 15 0 0 28 75 53 2 73 13 0 0 44 55 29 59 80 0 61 0 39 0 4 40 27 56 71 0 66 0 35
0 31 0 0 76 7 15 41 3 0 75 53 2 73 13 0 0 44 55 29 59 0 17 0 0 39 0 4 40 0 56 71 0 66 0 35 47 20 6 45 74 0 0 81 0 0 18 42 68 32 67 50 36 12 34 0 16 8 9 63 0 0 52 46 51 78 11 0 0 0 72 70 0 57 64 0 0 0 1 0 19
37 18 42 68 32 0 50 36 0 34 0 16 8 9 63 0 0 52 0 0 78 11 60 5 26 72 0 0 57 64 38 22 48 1 0 19 65 31 25 49 76 7 0 41 3 0 75 53 2 73 13 30 33 44 55 29 59 80 0 61 14 0 77 4 40 0 56 71 0 66 21 35 0 20 0 45 74 58 0 81 0
28 75 0 0 73 13 30 33 44 0 29 59 80 17 0 14 39 0 4 0 27 56 71 0 66 0 35 47 0 6 0 74 0 0 81 24 37 18 42 0 32 0 0 36 0 34 23 0 0 9 0 43 10 0 46 51 78 11 0 5 0 72 70 69 57 64 38 22 0 1 0 19 65 31 25 49 76 7 15 41 3
34 23 16 8 9 63 43 10 52 46 51 78 11 0 5 26 72 70 69 57 64 0 0 48 1 62 19 65 31 25 0 0 0 15 0 3 28 0 53 0 73 13 30 33 0 55 29 59 0 17 61 0 39 77 4 40 0 56 71 79 66 21 35 47 20 6 45 74 58 54 81 24 37 0 0 0 0 0 0 36 12
55 0 0 80 17 61 0 39 0 4 40 27 56 0 0 66 0 0 0 20 0 0 74 58 54 81 24 37 18 0 68 32 67 50 0 12 34 23 16 8 9 63 43 10 52 46 0 78 0 60 0 26 72 0 69 57 64 38 22 48 1 62 19 0 31 0 49 76 7 15 0 3 28 75 53 0 73 13 30 33 0
46 51 0 11 0 5 26 72 70 0 57 0 38 0 48 1 62 19 0 31 25 49 0 0 15 41 3 28 0 53 0 73 13 30 33 44 55 29 59 0 17 61 14 39 77 4 0 27 56 71 79 0 21 35 47 20 0 0 0 58 54 81 24 37 18 42 68 32 67 50 36 0 34 23 16 0 0 63 43 10 52
4 0 27 56 71 0 66 0 0 47 20 6 45 74 58 54 81 24 37 18 42 68 32 0 50 36 12 34 23 0 8 0 0 43 10 52 46 0 78 11 60 5 26 72 70 69 57 64 38 22 0 0 62 0 65 31 25 49 76 7 15 41 3 28 0 53 2 73 13 30 33 44 0 29 59 80 0 61 0 39 77
22 48 1 62 19 69 57 64 38 76 7 0 41 3 0 31 25 49 0 0 30 33 0 28 75 0 2 17 0 14 39 77 55 29 59 80 71 79 66 21 35 4 0 27 56 74 0 54 0 24 47 20 0 0 0 0 50 36 0 0 0 42 68 9 63 43 10 0 34 23 16 0 0 5 0 72 70 46 51 0 0
0 0 54 81 24 47 20 6 45 32 0 50 0 12 0 18 42 0 0 63 43 10 52 0 23 16 0 0 5 0 0 0 46 0 78 0 0 48 1 62 19 69 57 0 38 76 7 15 0 3 0 0 25 0 0 0 30 33 0 0 0 53 0 17 0 0 39 77 55 29 59 80 0 0 66 0 35 4 40 27 56
0 0 15 0 3 65 0 0 49 73 0 30 33 44 28 75 53 2 17 61 0 39 77 55 29 59 0 71 0 0 21 0 4 40 27 0 0 0 0 81 24 0 20 6 45 32 67 0 36 12 37 18 42 68 9 0 0 10 0 34 23 0 8 60 5 26 72 70 46 0 78 11 22 48 1 0 0 69 57 64 38
32 67 0 36 12 37 0 42 68 9 63 43 10 52 0 0 16 8 60 5 26 72 0 0 51 78 11 0 48 1 62 19 0 57 64 0 76 7 15 41 3 0 0 25 49 0 13 30 33 0 0 75 53 2 17 61 14 0 77 55 0 0 0 71 79 66 21 0 0 0 0 56 74 58 0 0 24 47 20 0 45
0 0 0 33 0 28 75 53 2 17 61 14 0 77 55 29 0 80 71 79 0 21 35 4 40 27 56 74 58 0 0 24 47 20 6 45 32 67 50 0 12 37 18 0 68 9 63 43 0 52 0 23 16 8 60 5 26 72 70 46 51 0 0 22 48 0 62 19 69 57 64 38 76 7 0 41 3 0 31 25 49
9 63 43 10 52 34 0 16 8 60 5 0 72 70 0 51 78 11 22 0 1 62 19 69 57 64 0 76 7 15 41 0 65 31 0 49 0 13 30 0 0 0 0 0 2 17 61 14 0 0 55 0 59 0 0 0 66 21 35 0 40 0 56 74 58 54 81 0 0 20 0 45 32 0 0 36 12 0 0 42 68
0 61 0 39 77 55 29 59 80 71 79 66 0 35 4 0 27 56 74 58 0 81 24 47 20 6 45 32 67 50 0 0 0 18 0 0 0 0 43 10 52 34 23 16 8 0 0 0 72 0 46 0 0 0 22 48 1 0 19 69 0 0 38 0 7 0 41 0 65 31 25 49 0 13 0 33 44 0 75 53 2
0 5 0 72 70 46 51 0 0 0 48 1 0 19 69 57 64 0 76 7 15 41 3 65 31 25 49 0 13 0 0 44 28 75 53 2 17 61 14 39 77 55 0 59 80 71 79 66 0 35 0 0 0 56 74 58 54 81 0 0 0 0 45 0 0 50 0 12 37 18 42 68 9 63 43 0 0 34 0 0 0
0 0 0 21 35 4 40 0 56 0 58 54 81 0 47 20 6 0 0 67 50 36 12 37 0 42 68 9 0 43 0 0 34 23 16 8 60 5 26 72 0 0 51 78 0 22 0 0 62 0 0 57 64 38 76 7 0 41 3 65 31 0 49 0 13 0 33 0 28 75 0 2 0 0 14 39 77 55 0 59 80
