6
16 15 14 27 0 0 12 0 32 11 9 0 31 0 35 7 3 0 24 22 0 33 0 5 0 1 10 0 0 30 0 26 13 0 20 18
12 18 0 0 24 5 0 17 0 1 10 0 0 0 0 11 13 28 0 34 0 0 21 15 32 26 0 6 29 0 3 0 0 4 2 0
31 0 19 0 10 0 36 0 20 28 29 0 0 15 0 0 16 0 0 8 0 0 0 0 0 17 21 0 3 25 0 22 24 33 9 0
32 33 20 0 0 0 3 0 14 34 2 30 0 6 36 22 0 5 0 7 0 25 0 1 0 11 23 28 0 0 35 17 31 15 0 27
0 17 35 7 0 25 13 0 24 0 23 0 10 1 0 4 21 30 20 0 32 28 9 18 14 15 31 0 16 34 0 0 0 11 29 0
9 11 23 0 13 0 35 0 31 27 21 0 32 18 20 0 0 8 3 0 14 0 2 0 12 0 0 0 24 0 16 25 19 34 10 1
34 19 27 0 7 16 22 23 33 13 0 9 0 0 0 21 0 35 28 20 18 29 0 0 0 0 0 2 17 3 0 0 8 24 6 0
26 0 28 0 0 9 0 2 27 10 34 21 0 36 0 20 0 29 17 0 0 35 0 0 0 32 33 24 5 0 1 14 0 16 0 31
0 14 15 2 0 3 28 36 18 0 0 12 7 0 17 10 0 16 0 0 6 0 26 0 0 31 4 21 34 35 11 20 5 0 22 32
0 23 33 20 5 0 0 0 4 31 30 0 26 12 28 24 0 13 15 14 0 2 34 16 0 29 11 0 6 36 0 3 7 0 0 10
4 31 25 21 0 35 6 20 5 0 26 32 1 14 0 0 34 0 0 36 0 24 11 12 15 0 0 0 0 16 28 23 33 0 18 9
8 0 11 24 6 29 17 14 7 16 0 0 0 0 33 9 5 23 1 21 4 0 0 31 0 20 0 12 18 0 15 2 0 19 34 0
0 0 0 34 0 15 29 11 23 6 0 0 3 7 0 25 0 17 36 33 24 5 12 22 16 4 14 0 0 1 20 28 9 0 0 26
0 0 0 0 12 0 0 1 10 0 16 0 0 11 0 0 9 0 31 0 21 15 35 0 0 8 29 18 0 26 0 34 0 0 0 4
21 0 16 30 14 0 0 28 0 18 12 0 19 27 10 34 2 15 32 11 13 6 0 8 0 0 35 25 0 0 36 33 23 5 24 0
20 8 29 26 0 11 0 25 0 4 3 0 36 0 24 18 0 33 19 0 10 30 16 0 0 22 0 0 9 6 31 7 0 0 35 0
10 7 3 0 35 0 24 33 13 5 0 0 16 0 31 0 14 1 0 28 20 18 23 26 21 27 2 0 0 15 0 11 0 6 0 0
0 5 0 18 9 22 31 0 21 0 35 17 20 0 29 8 0 6 14 0 0 4 0 7 36 28 24 11 12 33 0 0 10 27 16 0
17 10 7 0 4 19 5 0 26 9 0 23 0 0 0 35 0 31 6 29 28 32 0 0 27 2 25 3 1 14 0 0 22 0 11 36
28 20 18 0 26 24 0 0 34 0 15 16 11 13 6 36 0 0 0 10 25 0 17 0 33 9 0 0 22 0 0 0 0 2 1 19
0 0 0 3 0 0 8 0 0 12 28 36 0 0 7 16 0 19 18 13 26 0 0 23 0 0 17 0 15 0 33 29 6 0 5 0
33 0 5 9 22 0 0 0 0 2 1 31 0 0 0 29 0 0 0 16 34 19 0 0 11 13 6 36 0 0 7 10 0 0 17 3
15 21 1 35 27 31 0 29 6 32 22 20 17 2 25 3 0 0 5 24 0 12 8 36 0 10 34 0 7 19 18 0 28 9 26 23
0 0 0 0 8 13 7 10 25 19 17 35 33 24 0 12 22 0 4 0 0 31 0 3 28 23 0 0 0 20 27 21 0 14 0 16
35 34 0 0 16 27 32 0 12 0 13 11 2 25 0 0 0 7 0 5 9 22 20 0 0 0 3 0 21 4 24 18 29 26 0 0
24 26 0 0 36 6 10 7 16 0 0 0 0 8 9 0 0 0 21 17 35 34 31 27 0 5 32 33 0 0 2 1 0 0 0 30
3 30 21 1 2 0 23 18 0 26 0 0 35 34 16 15 0 27 13 6 36 0 24 0 31 25 19 17 14 0 9 5 0 22 32 33
29 28 32 5 20 18 0 27 0 0 14 0 24 0 12 33 36 0 10 30 0 1 19 25 0 0 9 8 0 11 21 0 35 0 31 0
14 25 10 17 19 7 9 0 0 0 24 33 21 30 3 0 31 0 0 18 12 0 0 28 0 0 0 0 0 27 13 0 20 0 23 0
0 0 9 33 23 0 0 30 0 25 31 0 29 5 0 0 0 0 0 15 3 0 0 4 0 0 0 26 36 28 0 0 16 17 0 34
0 16 4 19 0 10 26 9 22 23 0 13 25 35 0 0 17 0 0 32 33 0 18 0 34 0 27 0 30 0 0 12 11 36 0 24
0 0 0 29 28 36 0 0 15 0 27 2 6 0 8 23 11 24 25 0 17 0 7 10 5 12 22 13 33 32 30 0 1 0 0 21
27 0 0 0 34 0 0 0 0 0 6 24 15 0 4 19 0 10 0 9 0 0 0 13 17 35 1 31 25 0 0 0 0 0 33 29
0 12 0 13 0 0 30 0 1 0 4 0 0 0 26 32 0 36 34 19 15 16 27 21 6 24 8 0 11 0 25 35 0 10 0 0
1 35 0 31 0 21 11 0 28 0 33 0 34 3 27 14 0 2 26 12 22 36 6 0 0 16 0 19 0 10 5 9 18 0 0 13
0 24 0 32 0 23 25 19 17 0 7 0 5 0 22 0 33 12 30 0 0 0 4 2 18 36 26 20 0 29 34 16 15 31 27 14
