7
0 9 0 0 30 22 0 12 48 20 3 0 16 0 0 0 13 0 17 0 39 8 6 49 28 0 0 0 37 1 0 0 0 27 0 21 46 33 32 31 0 23 0 0 14 18 38 45 0
7 0 0 34 0 0 14 0 0 0 35 30 22 0 0 0 0 0 0 3 47 10 11 0 19 17 0 39 8 6 49 0 0 0 29 37 1 2 0 0 27 36 0 46 33 0 0 25 0
31 32 23 25 0 46 0 7 34 38 18 41 45 14 0 9 40 35 30 22 0 12 0 20 48 0 0 47 39 0 13 0 17 0 10 0 24 49 6 0 28 29 0 1 0 42 5 0 37
0 27 5 1 0 42 2 21 0 33 25 31 0 0 7 34 0 0 41 45 0 26 0 40 35 30 22 4 12 16 0 0 0 3 0 0 0 13 19 17 0 10 8 6 49 28 44 0 29
0 6 49 28 44 24 29 37 1 5 42 36 0 2 21 0 0 0 0 0 31 0 0 38 34 0 0 14 0 0 0 35 0 22 0 0 16 20 0 43 0 47 39 11 13 19 17 15 0
10 11 17 19 39 15 0 0 6 0 28 49 24 29 37 27 5 0 36 0 0 21 32 23 25 33 0 0 7 45 38 0 41 18 14 26 9 0 35 0 0 0 12 48 0 3 43 0 47
12 0 47 0 20 16 0 10 0 0 19 39 0 0 8 6 29 0 49 0 44 0 0 5 1 0 42 2 21 0 33 25 31 46 0 7 34 38 18 0 45 0 0 9 26 35 30 22 40
30 35 0 22 40 0 9 20 3 43 16 47 12 48 17 19 39 0 0 10 11 49 28 0 0 29 8 0 0 42 36 27 2 37 1 0 0 31 46 0 0 32 38 18 41 45 14 0 0
38 18 0 45 14 0 0 30 35 4 0 40 26 9 20 0 0 16 0 0 0 0 19 39 15 13 10 11 49 0 44 24 29 8 6 5 42 0 27 2 37 1 33 25 31 0 23 21 32
33 25 0 0 23 21 32 38 18 0 45 0 7 34 30 35 0 22 0 26 9 20 3 0 16 47 12 0 17 0 0 15 0 0 11 0 28 44 24 29 0 6 5 42 0 27 2 37 0
5 42 36 27 2 37 0 0 25 31 0 0 21 32 38 18 41 0 14 7 34 30 35 0 22 0 26 0 0 3 43 0 47 12 48 0 19 0 0 13 0 11 49 28 44 0 0 8 6
49 0 44 24 29 8 0 5 42 0 27 0 37 0 0 25 31 0 0 0 0 38 18 41 45 14 7 0 30 35 4 22 40 0 9 20 3 43 16 47 0 0 17 19 0 0 13 10 11
17 19 0 15 0 0 11 49 0 44 24 0 8 0 0 42 0 27 2 37 1 33 25 0 0 0 21 32 0 0 41 0 14 0 34 30 35 4 0 0 26 0 20 3 43 0 47 12 0
0 3 43 0 47 12 0 0 19 39 15 13 10 11 49 28 44 24 29 0 6 5 42 0 27 0 37 0 33 25 31 46 23 21 32 38 18 0 0 0 7 34 30 0 4 22 0 26 9
9 22 35 26 4 0 40 43 16 47 12 48 20 0 0 15 0 10 0 0 13 0 0 29 0 0 49 28 1 27 42 0 36 0 0 0 33 23 21 0 46 0 0 0 18 7 34 0 14
41 38 14 7 0 0 0 0 22 0 26 0 0 0 43 20 0 0 0 16 3 0 15 0 10 0 17 13 44 24 29 0 0 49 28 0 27 0 37 0 5 0 0 33 23 21 0 46 25
0 46 0 0 0 0 23 41 45 14 0 0 0 18 9 22 0 0 4 30 40 43 20 0 12 0 0 3 11 15 0 10 39 17 13 0 49 29 0 6 24 28 1 27 42 37 36 5 2
0 5 0 0 1 27 42 31 46 23 21 32 33 25 41 0 14 7 34 38 18 0 22 0 0 0 30 40 43 20 0 12 48 0 3 11 15 19 0 0 17 0 44 0 0 8 6 49 0
44 24 29 8 6 49 28 36 0 2 37 0 0 42 31 0 0 21 32 33 0 41 38 0 7 34 0 18 4 0 0 26 0 30 0 43 20 47 0 48 0 3 11 0 19 0 0 17 13
39 15 13 10 11 17 19 6 24 29 0 44 0 28 36 5 2 37 1 27 0 31 46 0 0 32 33 0 0 38 14 0 34 45 18 4 0 0 0 9 0 35 43 0 47 0 0 20 0
43 16 3 12 48 0 47 39 15 13 10 0 17 0 0 24 0 8 44 0 0 0 0 2 37 1 0 42 31 46 0 0 0 33 0 0 45 14 7 0 38 0 9 22 0 0 4 0 0
40 26 9 30 35 4 22 47 0 48 20 0 43 16 0 0 11 17 19 39 0 0 0 6 49 0 44 0 2 37 0 5 42 36 27 23 21 32 33 25 0 46 14 7 34 0 0 41 45
0 7 0 0 18 41 45 0 26 9 30 35 0 0 0 12 48 0 0 0 16 0 10 0 17 19 0 15 0 8 6 0 28 0 24 0 0 0 5 42 36 27 0 21 32 33 0 31 46
0 0 32 0 25 0 46 14 7 34 38 0 41 0 40 26 9 0 35 4 22 47 0 0 20 3 43 16 13 0 11 0 19 0 0 29 8 0 49 28 44 24 2 37 1 5 0 36 0
0 0 0 5 42 0 27 23 0 32 33 0 0 0 14 7 34 0 18 0 45 0 0 9 0 35 0 22 0 12 0 20 3 43 16 13 0 0 0 0 39 15 0 0 6 0 28 44 0
29 0 6 49 0 44 0 2 37 0 5 42 36 27 23 0 0 0 25 31 0 14 0 34 38 0 41 45 40 26 9 30 35 0 0 47 12 0 20 3 43 16 13 0 11 17 19 39 15
13 0 0 17 19 0 15 0 0 6 0 28 44 24 2 0 1 5 0 36 27 0 0 0 0 25 31 0 14 7 34 38 18 41 0 40 26 9 30 35 4 22 47 0 48 0 3 43 16
47 12 48 20 0 43 16 13 0 11 17 19 39 0 29 8 6 49 0 44 24 0 37 0 5 42 0 27 0 0 32 33 25 0 46 14 7 34 38 0 41 45 40 26 0 0 0 0 22
0 30 26 0 9 40 0 0 0 3 43 16 47 12 11 0 10 39 15 13 0 6 49 28 44 24 0 8 27 5 37 0 1 2 42 32 0 25 31 46 33 21 34 38 0 41 0 14 18
0 14 0 41 45 38 7 0 30 0 4 0 0 26 48 47 3 43 0 20 12 15 17 0 39 0 13 0 0 49 0 44 24 29 0 1 5 0 0 0 2 0 32 23 25 31 0 33 0
46 0 21 31 0 23 25 34 38 0 41 0 0 0 22 30 26 0 9 0 35 48 47 3 0 16 20 12 0 17 0 0 11 13 19 6 29 0 0 0 0 0 27 5 37 0 1 0 42
1 2 42 0 27 0 0 32 0 25 31 46 23 0 34 0 18 0 45 14 7 0 30 0 0 22 40 35 48 0 3 43 0 20 12 15 17 10 0 11 13 19 0 49 0 0 0 29 8
6 49 28 44 24 0 0 1 0 0 0 27 2 37 32 33 21 0 46 23 0 0 14 18 0 0 38 7 9 30 35 0 22 0 26 48 0 3 0 0 20 0 15 17 10 39 11 13 19
11 17 19 39 15 13 10 24 49 0 0 6 29 8 0 2 42 36 27 5 37 0 33 21 31 46 23 25 0 14 18 41 0 38 7 9 30 0 0 22 40 0 0 20 3 43 16 0 12
48 20 0 43 16 0 3 0 17 19 0 15 13 0 24 49 8 44 6 29 0 1 0 0 36 0 5 37 32 0 0 31 0 23 0 34 38 0 41 0 14 0 22 30 35 4 0 40 0
35 0 0 40 0 0 0 3 43 16 47 0 48 20 19 39 15 13 10 11 0 28 44 24 0 8 6 49 0 36 27 2 37 1 5 25 31 46 23 21 32 33 0 0 45 0 0 34 38
18 0 0 14 7 0 38 0 0 22 40 0 9 30 0 0 0 47 12 48 20 19 39 15 0 10 11 17 28 0 24 29 0 6 49 0 36 27 2 37 0 0 25 0 46 0 21 0 0
25 31 46 0 0 32 33 18 41 45 0 7 0 0 35 4 0 40 26 9 0 3 43 16 0 12 48 0 19 0 0 0 0 11 0 28 0 24 29 8 6 49 42 36 27 0 37 1 5
42 36 27 2 37 0 0 25 31 0 23 21 0 33 18 0 45 14 7 34 0 0 0 22 0 26 0 0 3 0 16 47 12 48 20 19 39 0 0 10 11 17 28 44 24 29 0 6 0
28 44 24 0 0 6 49 42 0 27 2 37 1 0 0 31 46 0 21 0 0 18 41 45 14 7 0 0 35 0 0 40 0 9 30 0 0 16 47 0 0 20 19 0 0 13 10 0 0
0 39 0 13 10 11 17 0 0 0 29 0 6 49 0 36 0 0 37 0 5 25 0 46 23 0 32 33 18 0 0 14 7 34 0 35 4 0 0 26 0 0 3 43 16 0 12 48 20
3 43 0 0 0 48 20 0 39 15 0 10 11 17 28 0 24 29 8 0 0 42 36 0 0 0 1 0 25 31 46 0 0 0 33 18 0 45 14 7 0 38 35 4 0 0 26 9 30
26 40 0 0 22 35 0 0 47 0 48 20 3 0 15 0 17 11 0 19 10 24 0 8 0 49 28 44 0 2 5 1 0 0 37 46 32 21 25 33 23 0 45 14 38 34 41 18 0
45 34 7 18 38 0 41 26 40 30 9 0 35 4 16 48 0 0 20 0 0 0 13 17 0 15 19 0 24 0 8 0 49 28 0 27 0 0 1 36 42 0 46 32 0 25 0 0 0
21 0 33 0 46 0 0 0 14 7 34 38 18 41 4 40 0 9 0 0 26 0 0 12 3 20 47 43 10 13 17 11 15 0 39 0 6 8 28 49 29 44 37 0 0 1 27 42 0
27 0 37 0 0 2 0 46 0 0 32 0 25 31 45 14 0 34 0 18 0 22 40 30 9 4 35 26 0 48 12 0 20 47 43 0 13 17 11 15 19 0 24 0 8 0 0 0 44
24 0 8 0 49 28 44 27 0 37 1 5 42 0 46 0 0 32 31 0 21 45 0 7 18 38 0 41 22 0 0 0 0 0 4 0 48 12 3 20 47 0 10 0 0 11 0 19 39
15 13 10 11 17 19 39 0 29 0 0 0 28 0 0 0 37 0 5 2 36 46 23 33 32 31 0 21 45 34 7 18 38 14 41 0 40 26 9 30 35 4 0 47 12 48 0 0 43
16 0 20 48 0 3 12 0 0 10 11 17 19 0 44 29 49 6 24 28 8 27 1 0 42 0 2 36 46 23 21 0 33 25 0 0 14 0 0 38 0 41 26 40 0 9 22 35 4
