6
0 25 15 14 32 19 13 21 35 0 0 3 36 0 0 10 0 1 9 2 22 17 16 0 0 26 0 7 0 23 0 0 34 24 0 27
0 24 34 5 0 30 8 23 0 0 15 25 35 33 12 2 0 21 4 1 0 0 0 10 0 3 22 27 18 17 29 14 32 26 0 7
8 0 0 10 4 1 12 0 16 17 0 0 0 0 32 7 0 0 35 5 34 24 0 27 31 0 15 14 0 19 0 21 0 33 13 3
0 27 0 0 16 0 0 0 0 0 0 1 0 5 0 0 18 3 29 0 32 26 36 0 13 0 0 0 0 24 8 0 31 25 15 0
0 0 29 0 0 23 34 0 0 24 9 0 0 25 4 0 0 19 12 0 18 0 13 3 36 0 0 0 28 1 16 2 11 17 35 30
0 3 22 21 0 17 0 7 0 26 36 19 0 24 34 27 0 30 8 14 31 6 0 0 0 33 12 2 16 5 4 0 0 0 0 23
0 0 0 36 25 29 21 34 33 9 17 0 10 31 0 0 0 8 2 12 24 16 3 0 6 20 7 0 0 0 0 22 30 18 27 11
21 9 33 0 3 18 6 8 10 0 0 0 2 11 17 0 0 0 0 0 7 20 0 0 5 0 24 0 0 16 25 31 14 0 0 28
10 31 0 15 26 8 5 12 3 0 24 0 6 20 0 28 0 4 0 22 0 0 0 0 25 0 0 36 23 29 2 0 0 0 21 13
0 22 17 11 30 0 0 0 7 28 23 15 0 35 24 13 27 0 25 32 0 36 0 31 0 9 0 18 0 0 0 4 0 8 1 20
6 0 1 0 19 0 0 22 30 18 0 11 0 32 7 36 25 29 5 34 21 9 0 13 26 31 10 0 0 8 0 12 0 16 3 35
5 13 24 35 27 16 25 4 0 20 0 31 21 18 0 9 3 12 6 29 10 0 1 0 0 22 17 11 0 34 26 36 7 15 0 0
32 0 31 19 15 0 11 0 0 3 35 21 8 0 28 1 29 0 22 0 16 0 0 0 0 0 36 23 4 0 0 0 9 0 12 5
34 33 0 17 0 5 31 25 0 0 8 6 0 21 16 24 0 0 20 0 0 0 4 0 22 2 18 0 0 3 32 19 36 7 0 0
0 10 4 0 8 6 9 0 13 30 0 2 0 7 0 0 20 26 11 24 12 27 18 5 0 14 28 19 15 25 0 33 0 0 16 21
0 21 16 30 0 24 0 1 28 0 4 0 22 0 18 3 11 0 32 7 36 0 0 0 34 17 0 33 0 27 31 26 15 6 8 25
20 0 28 23 0 26 0 0 12 0 22 5 4 14 15 0 32 0 0 0 0 3 0 21 29 10 31 0 8 6 0 17 18 0 11 2
22 0 18 27 11 0 32 26 0 19 0 0 0 17 0 0 0 0 31 25 15 0 8 6 12 24 16 0 35 21 0 1 28 0 4 14
19 36 0 29 7 32 0 9 5 0 0 0 14 0 1 0 6 31 21 16 17 35 2 12 10 0 23 4 0 20 0 18 27 0 24 22
0 0 0 0 21 22 0 0 1 0 6 29 0 0 30 12 0 0 0 0 23 15 0 0 24 0 0 0 5 9 0 28 19 0 0 0
23 15 0 0 0 31 0 16 27 35 0 12 0 28 10 4 7 20 24 18 3 0 0 22 14 0 19 29 0 32 30 9 17 0 0 0
17 12 30 16 2 0 7 20 23 31 26 32 0 34 0 0 0 9 14 8 19 28 25 36 33 18 3 0 0 0 10 0 1 4 0 29
1 28 14 4 10 20 0 18 24 11 2 0 19 36 0 0 23 32 0 0 0 0 30 0 7 15 6 8 26 31 21 0 3 35 5 0
24 11 27 34 5 9 14 15 0 0 25 28 0 0 0 18 21 0 10 0 1 4 6 0 17 0 0 12 2 35 0 32 23 20 0 0
4 19 20 25 0 14 0 3 34 0 13 0 0 1 8 6 36 10 18 0 35 0 12 17 15 23 0 0 0 7 11 27 16 5 9 24
0 0 13 3 0 0 0 19 0 0 31 0 16 0 0 21 0 24 28 6 4 7 0 26 0 5 11 17 22 0 36 23 0 0 32 0
15 1 32 6 29 10 0 30 9 0 12 17 0 23 31 0 4 0 16 27 11 5 22 24 0 19 8 25 36 14 0 0 13 21 34 0
16 0 35 2 0 27 28 0 0 0 0 26 18 0 0 33 22 0 36 0 29 0 0 23 0 21 13 0 34 30 0 0 8 19 31 6
0 23 0 26 28 0 0 27 0 0 16 24 32 19 29 0 15 0 34 3 13 0 0 0 4 1 20 0 0 0 35 30 12 2 22 0
18 17 11 0 22 21 0 0 0 0 0 23 9 30 13 5 0 2 0 0 8 0 31 14 16 0 35 0 12 33 0 25 0 10 20 0
25 29 10 32 0 36 30 13 21 0 0 9 0 0 0 31 26 15 27 35 2 12 0 16 0 4 0 20 7 28 3 0 5 22 0 0
3 34 21 9 0 11 1 28 6 29 0 4 0 0 2 16 17 18 0 36 26 31 7 20 0 12 5 35 24 22 0 0 0 32 0 15
0 0 19 31 0 15 27 35 17 0 0 0 0 0 0 20 0 28 0 11 0 0 21 18 0 0 0 32 6 36 24 13 0 34 33 9
0 0 0 22 17 13 23 0 26 15 0 8 27 0 5 0 0 11 0 0 0 29 14 0 0 0 21 0 33 18 1 20 6 36 10 0
7 0 0 20 1 28 24 11 2 0 5 0 25 29 14 32 19 0 3 13 33 0 0 9 23 8 26 31 10 0 27 0 0 12 30 16
0 0 5 0 0 0 19 31 25 36 14 0 3 9 21 34 0 22 1 0 6 32 10 0 0 0 2 0 17 11 23 29 26 28 7 4
