6
13 9 0 36 0 33 0 0 24 2 26 4 0 19 11 0 20 30 0 0 17 1 0 25 16 12 7 22 29 0 31 3 0 32 21 0
10 25 21 5 17 23 20 0 13 0 8 12 15 32 28 2 31 4 14 19 29 18 34 33 24 3 0 1 6 0 0 30 7 9 0 0
20 0 7 0 29 0 0 3 0 0 0 23 16 0 34 0 13 33 10 27 21 0 0 4 0 19 11 35 14 0 0 5 17 0 26 25
24 0 0 1 0 3 0 30 7 0 0 33 10 0 21 0 17 0 20 12 13 9 0 35 0 0 28 2 0 0 14 18 29 19 34 36
11 19 0 35 16 0 28 0 17 0 0 0 0 12 0 22 8 18 15 3 0 32 0 23 34 0 0 36 0 33 0 27 10 0 24 0
0 2 28 0 0 0 14 0 0 0 34 19 0 0 26 0 0 0 11 0 0 0 16 30 0 0 0 0 0 0 0 0 0 0 8 35
0 20 9 13 0 8 23 15 32 28 5 31 0 0 19 29 22 34 2 24 4 26 1 6 36 0 0 7 30 0 25 10 0 0 3 0
23 0 3 0 32 26 0 29 0 7 36 0 0 17 0 0 0 15 30 34 19 8 35 20 25 10 5 6 1 0 18 16 12 11 0 13
0 0 36 0 33 16 2 10 4 21 0 17 30 0 12 13 0 8 32 0 25 28 3 0 35 14 9 29 19 34 23 24 1 0 0 6
0 0 5 15 1 0 0 0 12 8 22 13 0 10 0 6 32 0 33 0 0 11 36 0 0 0 0 26 2 0 30 0 0 14 0 29
0 0 35 29 0 34 0 0 3 26 1 6 0 0 0 7 0 16 23 10 0 21 27 0 12 20 18 13 22 8 2 15 32 0 0 31
4 0 27 0 2 0 30 16 0 0 35 0 25 0 5 0 1 28 18 0 12 14 22 13 0 17 3 15 32 31 33 20 0 7 36 8
0 33 0 0 0 0 0 4 0 0 0 2 0 30 13 0 16 35 6 0 0 5 0 1 20 0 34 12 0 22 17 0 0 3 28 0
0 0 10 3 21 4 8 33 20 0 13 22 0 25 15 23 0 0 0 0 0 36 0 18 6 5 24 27 26 2 0 0 0 0 0 19
0 18 13 12 0 22 31 0 6 0 17 32 29 33 20 9 0 36 26 0 0 0 0 2 0 0 0 19 7 35 0 25 21 5 15 0
0 0 0 32 26 0 0 12 11 19 0 0 0 5 0 27 21 0 0 0 20 33 0 0 0 25 15 0 28 4 34 22 14 36 0 0
0 30 0 19 20 35 0 25 28 5 10 1 0 0 7 12 14 22 0 0 15 0 17 32 13 0 29 0 16 0 0 4 0 0 31 2
31 5 0 0 28 0 34 35 14 36 29 0 6 2 24 4 26 3 0 0 0 19 7 12 17 0 10 32 21 0 0 0 0 0 0 30
33 0 0 0 22 13 3 0 27 0 0 28 19 34 0 14 0 29 25 6 23 24 0 26 0 16 0 0 35 7 32 0 0 10 1 21
32 28 23 26 0 0 36 7 33 11 9 20 0 0 4 0 0 24 0 13 30 0 19 29 0 6 25 10 0 0 22 8 18 34 0 0
36 16 12 0 0 0 0 0 23 0 2 21 0 8 9 0 0 13 0 31 0 0 0 28 0 0 0 14 18 29 0 0 3 24 25 0
1 0 0 21 5 15 22 8 0 14 0 0 0 31 23 0 0 0 0 11 0 7 0 34 2 28 4 17 27 24 0 0 0 29 19 20
9 34 19 14 18 29 0 6 0 24 0 26 36 0 35 11 30 7 1 0 0 10 0 0 0 0 0 20 12 13 4 31 23 15 0 0
2 24 0 17 27 10 35 13 30 29 19 34 1 0 0 28 5 0 22 8 0 0 12 0 32 21 23 0 0 26 36 11 33 0 9 0
7 36 0 33 0 9 24 2 0 4 0 0 34 0 16 0 11 19 17 1 6 0 26 5 29 0 14 18 8 12 0 0 0 23 10 3
21 3 17 25 10 1 13 0 8 0 20 35 28 4 31 0 15 0 29 9 0 30 14 19 0 0 0 0 0 32 7 36 16 0 0 0
0 22 11 0 14 12 6 0 10 23 15 3 20 36 8 0 0 9 31 2 28 0 21 0 0 35 16 0 0 0 0 0 24 25 0 5
0 27 0 0 24 0 7 0 16 0 11 9 0 0 0 0 10 25 0 0 8 12 20 36 28 0 31 0 0 0 29 35 0 22 14 33
29 35 0 30 0 0 17 0 26 25 28 0 0 0 14 18 7 12 0 0 0 0 0 3 11 0 20 33 0 9 21 2 31 0 6 27
28 0 31 0 15 32 29 0 0 12 14 0 26 23 6 3 24 27 7 33 0 35 0 0 21 1 0 25 0 5 13 0 0 0 0 9
0 13 33 8 36 0 27 28 2 0 23 15 18 0 22 34 0 0 5 0 1 6 0 24 30 7 0 0 0 11 0 0 0 17 0 0
3 26 32 6 0 0 9 0 36 0 33 7 0 0 2 31 4 10 0 0 0 0 0 8 0 0 1 0 0 17 0 0 22 20 18 11
0 7 18 16 19 0 0 21 0 0 3 10 9 13 0 8 36 0 4 0 2 0 32 15 0 29 0 34 33 0 27 26 0 0 23 0
5 15 0 0 25 0 12 11 0 20 18 0 3 6 32 0 23 21 9 16 0 29 0 0 0 31 0 24 0 10 19 0 35 13 30 34
30 29 22 0 9 14 0 26 0 6 32 24 0 7 33 16 0 11 0 21 27 17 23 10 0 0 35 8 0 0 1 0 5 31 0 15
27 10 0 0 4 21 0 14 35 0 30 29 0 0 1 0 25 17 12 0 0 34 0 11 3 0 32 0 23 0 0 7 36 8 0 0
