7
2 14 0 20 29 35 8 46 31 16 0 39 36 25 41 44 0 5 0 45 19 34 22 33 17 0 0 11 43 40 15 37 21 48 10 24 30 0 7 47 28 0 0 0 0 3 0 12 13
38 18 0 0 0 0 13 2 14 1 20 29 35 8 0 31 16 9 39 36 25 0 44 32 0 0 45 19 34 22 33 17 4 6 11 43 0 15 37 0 0 0 0 30 27 7 0 0 0
24 30 27 7 0 0 49 0 18 0 0 26 0 13 0 0 1 20 29 35 8 46 0 0 0 39 36 0 0 44 32 5 23 45 19 0 0 33 17 4 6 11 43 0 15 37 0 48 10
0 0 0 37 0 48 0 0 0 0 0 0 0 0 38 18 0 3 26 12 13 0 14 1 20 29 0 8 46 31 16 0 0 0 25 41 44 0 0 0 45 0 34 22 33 17 0 0 11
34 22 33 0 4 0 11 43 40 15 0 21 48 0 0 30 27 7 47 0 49 0 18 0 3 26 0 13 2 14 1 20 29 35 0 0 31 16 9 39 0 0 41 0 32 5 23 0 0
0 0 32 5 0 45 19 0 22 33 0 4 6 0 43 40 0 0 21 48 10 0 30 27 7 47 28 0 38 18 0 3 26 0 0 2 14 1 0 29 35 8 0 0 0 9 0 0 25
46 31 16 9 39 36 0 41 0 32 5 23 45 0 34 22 33 17 0 6 0 0 0 0 0 21 0 10 0 30 27 0 0 28 0 38 18 0 3 26 0 13 2 0 0 20 29 35 8
0 2 0 1 20 29 35 0 0 31 16 0 39 0 0 41 44 0 0 0 45 11 34 0 33 0 4 0 10 43 40 15 37 21 48 0 24 30 27 0 47 28 13 0 18 42 0 26 12
13 38 0 0 0 26 12 8 0 0 0 0 29 0 25 46 0 16 0 39 36 0 41 44 32 0 23 45 0 34 22 0 0 0 6 10 43 0 0 37 21 0 49 24 0 0 0 0 28
49 0 30 0 7 0 28 13 38 0 42 3 0 0 8 2 14 1 20 0 35 25 0 31 16 9 39 36 19 41 44 0 5 0 45 0 34 0 33 0 4 6 10 0 40 0 37 21 0
0 43 0 15 37 21 0 0 0 30 27 0 0 28 13 0 0 42 3 0 0 8 2 0 1 20 0 35 0 46 31 16 9 39 36 0 41 44 32 0 23 0 11 34 22 0 17 4 0
11 0 0 33 17 0 6 10 43 0 15 0 21 48 49 0 30 0 7 0 0 13 38 18 42 3 26 12 0 2 14 0 0 29 35 25 0 31 16 0 39 36 19 41 0 32 0 23 45
19 0 0 32 0 23 45 11 34 22 33 17 4 6 0 43 40 0 0 21 48 0 0 0 0 7 47 0 13 0 18 0 3 26 0 0 2 0 0 20 29 35 25 46 31 16 9 39 0
25 46 0 16 9 0 36 0 41 44 32 0 0 45 0 34 22 0 0 4 0 0 43 40 15 0 21 48 49 0 30 0 0 47 28 0 0 18 0 0 26 0 8 0 14 1 20 29 35
35 8 2 14 0 20 29 0 25 0 0 16 9 39 45 0 0 0 32 5 23 6 0 34 22 0 0 0 0 10 0 40 15 0 0 0 0 24 0 27 7 0 12 0 0 18 42 0 26
12 13 0 0 42 3 0 0 8 2 14 0 20 29 0 25 46 31 16 0 39 0 0 0 44 32 5 23 0 0 34 22 0 0 0 48 10 43 0 15 0 21 28 0 24 30 27 7 47
28 49 0 30 27 0 47 12 13 38 0 42 0 26 35 8 2 14 0 20 29 36 0 46 31 16 0 39 45 19 41 0 32 5 0 0 11 0 0 33 17 4 48 0 0 40 15 37 0
0 10 0 40 15 0 21 28 49 0 30 27 7 47 0 13 38 0 0 3 0 0 8 0 14 0 0 29 36 25 46 31 0 0 39 45 19 41 44 32 5 0 0 0 34 22 33 17 4
6 11 34 22 33 17 4 0 10 43 40 15 0 0 28 49 24 30 0 7 47 0 0 0 18 0 0 26 35 8 0 14 0 20 0 0 25 0 0 16 9 0 45 19 0 44 0 5 23
0 19 0 44 32 0 23 6 11 34 22 33 17 0 48 10 0 40 15 37 21 28 0 0 30 0 7 0 12 13 38 18 42 3 0 35 8 2 0 1 20 0 0 0 46 31 16 0 39
36 0 46 0 16 9 39 45 19 41 0 32 5 0 0 11 0 0 33 17 4 48 10 0 0 0 37 0 0 0 0 0 0 7 47 12 13 38 18 0 0 0 35 8 2 0 1 0 29
29 35 8 2 14 1 0 0 36 25 46 0 0 9 23 0 19 41 44 32 5 4 0 11 34 22 0 17 21 48 10 0 40 15 37 47 0 49 24 30 0 7 0 12 13 38 0 0 3
0 12 13 38 18 0 3 29 35 8 2 0 1 20 0 36 25 46 31 0 9 0 45 19 41 44 0 5 4 0 11 34 22 33 17 0 48 0 0 40 15 37 0 28 49 24 30 27 0
47 28 49 0 0 0 7 0 12 13 38 18 42 0 29 0 0 0 0 0 20 39 36 25 46 31 16 0 0 45 19 41 44 32 0 4 6 11 34 22 0 17 21 48 0 43 40 15 0
21 48 0 0 40 15 0 0 28 0 24 30 0 0 0 12 0 0 0 42 0 0 35 8 0 0 1 20 39 0 25 46 31 16 9 0 0 19 41 44 0 5 4 0 11 34 22 33 17
4 0 11 34 0 0 17 21 0 10 0 40 0 0 47 28 49 24 30 27 7 26 12 0 0 18 42 0 29 35 8 2 14 1 20 0 36 0 46 31 0 9 23 45 19 41 0 32 0
23 0 19 41 0 32 5 0 0 11 34 22 33 17 21 48 10 43 40 15 37 47 28 49 24 0 27 7 26 12 13 0 18 0 3 0 0 8 0 14 0 0 0 36 25 46 0 0 0
0 0 25 46 31 16 0 23 45 19 41 44 32 5 4 6 0 34 0 0 0 21 48 10 43 40 15 37 47 0 0 0 30 27 0 26 0 0 0 18 42 3 0 35 8 2 0 1 20
0 0 0 8 0 14 0 9 39 36 25 46 31 16 0 0 0 19 0 0 32 17 4 6 11 34 22 33 0 0 48 10 43 40 15 7 0 0 0 0 0 0 3 0 12 13 38 18 0
3 26 0 13 38 0 42 20 29 35 8 0 0 1 0 39 36 0 46 0 16 5 0 45 19 41 0 0 17 4 6 11 34 0 0 37 21 0 0 0 40 0 7 47 0 0 0 30 27
0 47 28 0 24 30 27 3 26 12 13 0 18 0 20 29 0 0 2 14 0 0 39 36 25 46 0 16 5 0 45 0 0 44 32 17 4 6 11 34 0 33 37 0 48 10 0 0 15
37 0 0 10 43 40 15 7 0 28 0 0 30 27 0 26 0 13 38 18 42 20 0 35 0 2 14 1 9 39 36 25 46 31 16 5 23 0 0 0 44 32 17 0 6 11 0 0 0
17 4 6 0 34 0 0 37 0 0 10 43 40 15 7 0 28 49 0 30 0 0 26 12 0 38 18 0 0 29 0 8 2 14 1 0 39 0 25 0 0 16 5 23 45 0 0 44 32
5 23 45 0 41 44 32 0 4 6 0 34 22 0 0 0 48 0 43 0 15 7 47 28 49 0 30 27 0 26 12 0 38 18 0 20 29 35 0 2 14 1 9 39 36 25 46 0 16
9 39 0 25 46 31 0 5 0 45 0 0 0 32 0 4 6 11 0 22 0 37 21 48 10 43 40 0 7 0 28 0 24 0 27 3 0 0 13 0 18 0 20 29 35 0 2 14 1
1 20 29 35 0 2 0 16 0 0 36 25 0 31 32 5 23 45 19 41 44 33 0 0 6 11 0 22 15 37 21 48 0 43 40 27 0 47 28 0 24 30 42 3 0 12 0 38 0
42 3 0 0 13 0 0 0 20 0 0 8 2 0 16 9 39 36 0 0 31 32 5 23 0 0 41 44 0 17 4 6 11 0 22 0 37 0 48 10 43 0 27 0 47 28 0 24 0
27 0 0 28 49 24 0 0 3 26 0 0 38 0 0 0 29 0 8 2 0 16 0 39 36 0 46 31 32 0 23 45 19 41 0 33 17 4 6 11 0 22 0 37 21 48 10 43 0
15 0 0 48 10 43 0 27 7 47 0 49 24 30 0 0 26 12 13 38 18 1 20 0 0 8 2 14 0 9 0 36 0 0 0 32 0 0 0 19 0 44 33 17 4 0 11 0 22
0 0 0 6 11 34 22 15 0 21 0 0 43 40 27 7 47 28 0 24 30 42 3 0 12 13 38 18 1 0 0 35 8 0 14 16 9 39 36 25 46 31 0 0 0 45 19 41 44
32 5 23 0 19 41 44 33 17 4 0 0 34 0 15 37 21 48 10 43 0 0 7 47 0 0 24 30 42 0 26 12 13 0 18 0 20 0 0 0 2 14 16 0 0 0 0 46 0
0 0 39 36 25 46 31 32 0 0 0 0 41 0 0 17 0 0 11 34 22 0 37 0 0 0 43 40 0 7 47 28 49 24 30 42 0 26 0 0 38 0 1 0 29 35 8 0 14
14 1 0 29 35 8 2 0 16 0 39 36 0 0 0 32 5 23 45 0 0 0 33 17 0 6 0 34 40 15 37 21 48 0 43 0 0 7 47 0 49 0 18 42 3 0 0 0 38
18 42 3 0 12 0 38 14 1 20 29 35 0 2 0 0 9 39 0 0 46 0 32 5 0 45 19 41 0 33 17 4 6 11 34 40 0 0 21 0 0 0 0 27 7 47 28 49 0
30 0 7 47 28 49 24 0 0 0 26 0 13 0 0 1 0 29 35 0 2 31 16 9 39 0 0 0 44 0 0 0 45 0 41 22 33 0 0 6 11 34 40 15 0 0 0 0 43
40 0 37 0 48 10 43 30 27 7 47 0 0 24 18 0 0 26 12 13 0 0 0 20 0 0 8 0 0 16 0 39 36 0 46 0 32 5 0 0 19 41 22 33 0 0 6 0 34
0 33 0 0 0 0 34 40 15 0 0 0 10 43 30 0 0 47 28 49 0 0 42 3 26 0 0 0 14 0 0 29 35 0 2 0 16 9 39 36 0 46 44 0 5 0 45 19 41
0 32 5 23 0 19 0 22 0 17 0 6 0 34 40 15 37 21 48 0 0 30 27 7 47 28 49 24 18 42 3 26 12 0 0 0 1 20 29 0 8 0 31 16 9 39 36 25 46
31 16 9 39 0 0 46 0 32 5 23 45 0 41 22 33 17 4 0 11 34 40 0 0 0 0 10 0 0 0 0 47 28 49 24 18 42 0 26 12 13 38 14 0 20 29 0 8 2
