7
36 9 41 0 30 0 46 0 25 0 15 19 40 10 0 0 3 49 26 20 31 27 4 0 24 0 7 28 0 5 0 8 47 0 43 13 35 45 34 42 16 0 21 32 2 29 1 39 0
44 0 18 0 0 40 10 23 0 3 0 26 20 31 27 4 14 24 38 7 28 48 5 12 8 47 33 43 13 0 0 0 42 16 6 21 32 0 0 0 0 17 0 9 41 0 0 37 0
0 0 3 0 26 0 31 27 0 14 24 0 0 0 0 5 0 0 47 33 0 0 35 45 34 42 16 6 0 32 0 29 0 39 17 0 9 41 22 30 0 46 0 25 18 15 0 0 0
0 4 0 24 38 0 28 48 5 12 0 0 0 43 0 35 45 0 42 16 6 0 0 2 29 1 39 17 0 0 41 22 30 37 46 44 25 18 15 19 40 10 0 11 0 49 0 20 0
48 0 12 8 47 0 0 0 35 45 34 42 16 6 21 0 2 29 0 39 17 0 9 41 0 30 37 46 0 25 0 15 0 40 10 0 11 3 0 0 20 31 27 4 14 0 38 0 28
13 0 45 34 42 0 6 21 32 2 29 0 39 0 36 0 41 22 0 37 46 44 25 18 15 19 0 10 23 11 3 49 26 20 0 27 0 0 24 38 7 28 0 5 0 0 47 33 43
21 0 0 29 1 0 17 0 9 0 0 0 37 0 44 0 0 15 19 0 0 23 11 3 0 0 20 31 27 0 0 24 38 0 28 48 0 0 8 0 33 43 13 35 0 0 42 16 0
0 0 0 30 37 46 0 25 18 15 0 40 10 44 11 0 0 26 0 31 0 4 14 24 0 0 28 0 5 0 0 47 33 43 48 0 45 34 42 16 0 0 32 2 29 0 0 17 21
25 18 15 19 0 10 44 11 3 49 26 0 31 23 0 0 24 38 0 0 27 5 0 0 0 0 43 48 35 45 34 42 16 0 0 32 0 0 0 0 17 0 9 41 22 30 0 46 36
11 3 49 26 20 31 23 0 0 24 38 0 28 27 5 12 8 0 0 43 0 0 0 0 0 16 6 13 32 2 29 0 39 17 0 9 41 22 0 37 0 36 0 0 15 19 40 10 44
4 0 0 38 7 28 27 5 12 0 0 33 43 0 35 45 34 42 16 6 13 32 2 29 1 39 17 0 9 0 22 0 37 0 0 25 0 0 19 40 0 44 11 3 49 0 0 0 23
0 12 0 47 33 43 48 35 45 0 42 16 6 13 32 2 29 0 0 17 21 9 0 22 30 37 46 36 25 18 0 19 40 10 0 11 0 49 26 0 0 0 4 14 24 0 7 28 0
35 45 34 0 0 0 0 0 2 29 1 0 0 21 0 41 0 30 0 46 36 25 18 15 0 40 10 44 11 3 0 26 20 31 0 4 14 0 38 0 0 27 5 12 8 47 33 43 48
0 2 29 0 39 0 21 9 0 22 0 37 46 0 25 0 15 19 40 0 0 11 3 0 0 20 31 0 0 0 0 0 0 28 0 5 12 8 47 33 43 48 35 0 34 0 16 0 13
41 22 30 37 0 0 0 18 0 0 0 10 44 25 3 49 0 20 31 23 11 0 0 0 7 28 27 0 12 8 47 0 43 48 5 45 34 0 0 6 13 0 0 0 0 39 17 21 32
0 15 19 0 10 44 0 0 49 0 20 0 23 0 14 24 0 0 0 27 4 12 0 0 33 43 48 5 0 34 0 0 0 13 0 2 0 1 0 17 21 32 0 0 0 0 46 36 9
0 49 0 0 31 23 0 0 24 38 7 28 27 4 12 0 47 0 0 48 5 0 34 42 0 6 0 0 2 0 0 0 17 21 32 41 22 30 37 46 36 9 18 15 19 40 10 44 25
14 0 38 7 28 0 0 12 8 0 33 43 48 5 45 34 0 16 6 0 35 2 0 0 39 17 21 32 41 0 30 37 46 36 9 0 15 19 40 0 44 0 0 49 26 0 0 0 0
0 8 47 33 43 48 5 0 34 0 0 0 13 35 0 0 0 0 17 21 32 41 22 30 0 46 0 9 0 15 19 40 10 0 0 0 0 0 20 0 23 11 14 0 38 7 28 0 0
45 0 0 0 0 13 0 0 29 0 39 17 0 0 41 22 30 0 46 0 9 0 15 19 40 10 44 25 3 49 0 20 0 23 0 0 24 38 0 0 27 0 12 0 0 33 0 0 5
0 29 1 0 17 21 0 41 0 30 37 0 36 9 18 15 19 40 10 44 25 0 49 26 20 31 23 11 14 0 38 7 28 27 0 0 8 47 33 43 48 5 45 34 0 0 0 13 35
22 30 0 0 0 9 41 0 0 0 0 44 0 18 0 26 0 0 23 11 3 0 0 7 0 27 0 14 8 47 0 43 48 5 0 34 42 16 6 0 0 45 29 0 39 17 21 0 2
0 19 40 10 44 25 18 49 26 0 31 23 11 0 24 38 7 28 27 4 14 0 47 33 0 48 5 0 34 42 16 0 13 35 45 29 1 0 17 21 32 2 22 0 0 46 0 9 0
49 26 0 0 23 11 3 24 38 7 28 27 4 14 8 47 0 0 0 0 12 34 42 16 6 13 0 45 29 1 39 17 0 32 2 22 30 37 0 36 0 41 0 19 40 10 0 25 18
0 0 0 28 27 4 14 8 0 0 43 48 0 0 34 42 16 6 0 0 45 29 1 39 17 21 0 0 22 0 37 0 0 9 41 15 0 40 10 44 0 18 49 26 20 31 23 11 3
8 0 33 0 0 0 12 0 42 16 0 13 35 0 29 0 39 17 0 0 2 22 30 37 0 36 0 41 15 0 40 0 44 25 18 0 26 20 31 23 0 0 24 38 0 28 27 4 14
0 42 0 0 0 35 0 29 0 39 17 0 32 0 22 0 37 46 0 0 0 0 19 40 10 0 25 18 49 26 20 0 23 11 3 24 38 7 0 27 4 14 8 47 33 43 48 5 12
29 0 0 17 21 32 2 22 30 37 46 36 9 41 15 19 0 10 0 0 0 49 26 20 31 23 0 3 24 38 0 28 27 0 14 8 47 33 0 0 0 12 34 42 0 6 0 35 45
0 0 46 36 0 0 22 19 40 10 44 0 0 15 26 0 31 0 0 0 0 0 7 28 27 0 14 24 0 0 43 48 5 12 8 0 0 0 13 35 45 34 1 39 0 21 0 0 0
19 0 10 44 25 18 15 26 0 31 23 11 0 49 0 7 28 0 0 0 0 47 33 43 48 5 12 8 42 16 6 0 35 45 34 0 39 17 0 32 0 29 30 0 0 36 9 0 0
26 20 31 23 0 0 49 0 0 0 27 0 14 24 47 33 43 48 5 12 8 42 16 0 13 0 45 0 1 39 17 21 32 2 29 0 37 46 36 9 41 22 19 0 10 0 25 18 15
38 7 0 27 0 14 0 0 33 43 48 5 0 0 0 0 6 13 35 45 34 0 39 17 21 32 2 29 30 0 46 36 0 41 22 19 40 10 44 25 18 0 26 0 0 23 11 3 49
47 0 43 48 5 0 0 0 0 6 13 35 45 34 1 39 0 21 0 2 0 30 0 46 0 9 41 22 0 40 0 0 0 18 15 26 0 31 0 11 0 49 0 7 28 0 4 0 0
0 0 6 13 0 45 34 0 39 17 21 32 2 29 30 37 46 0 9 41 22 19 40 10 0 25 0 0 0 0 0 23 11 3 0 38 0 28 0 4 0 0 47 33 43 48 0 12 8
1 39 17 21 32 0 0 0 37 46 36 0 41 22 19 40 10 0 0 18 15 0 0 31 0 11 3 0 38 7 28 27 4 14 24 47 33 0 0 0 0 0 42 16 6 13 35 0 34
0 0 0 9 0 22 30 40 10 44 0 0 15 0 20 31 0 11 0 49 0 7 0 27 4 14 24 38 33 0 48 5 12 8 47 16 6 0 0 0 34 42 0 17 21 32 2 29 0
40 0 44 25 18 15 19 20 31 23 11 0 49 26 7 28 27 0 14 24 0 33 0 48 0 12 8 47 16 6 13 0 45 34 42 0 17 21 0 2 29 1 37 0 36 9 0 22 30
0 0 23 11 3 49 0 7 0 27 0 14 24 0 33 43 0 5 0 8 0 16 6 13 35 45 34 0 0 0 21 0 2 0 1 0 0 36 9 41 22 30 0 0 44 0 18 15 0
7 28 27 4 14 24 38 33 43 0 5 12 0 47 0 6 13 35 45 34 42 39 0 0 32 2 29 1 37 0 0 0 41 0 30 0 10 44 0 18 0 19 0 31 23 0 3 0 26
0 43 48 5 12 8 0 16 0 13 35 45 34 0 39 0 21 32 2 0 1 37 46 0 9 41 0 30 40 10 44 25 18 0 19 20 31 23 11 3 0 26 7 0 27 0 0 0 0
16 6 13 35 0 0 42 39 0 21 0 0 29 1 0 46 36 9 0 22 30 40 0 44 0 18 0 19 20 31 0 11 3 49 26 7 0 27 4 14 24 0 33 0 0 0 12 8 0
39 0 0 32 2 29 1 37 0 0 9 41 22 30 40 0 44 25 18 15 0 20 31 23 11 3 0 26 0 0 0 0 14 24 0 0 43 48 5 12 8 47 16 6 0 35 0 34 42
46 36 9 41 0 0 37 0 44 25 18 0 0 40 31 23 0 3 0 0 0 28 27 4 14 24 38 7 0 0 0 0 8 47 33 0 0 35 0 34 42 0 0 21 32 0 29 1 39
10 44 0 18 15 19 40 31 23 11 0 49 26 0 28 0 0 14 24 0 0 43 48 5 0 8 47 33 6 0 35 45 34 0 16 17 21 32 2 0 0 0 46 36 9 0 22 30 0
31 23 0 0 49 0 0 28 27 4 0 0 38 0 0 0 0 12 8 47 33 6 0 35 0 34 0 0 17 21 0 2 29 1 39 46 36 9 41 22 30 0 10 0 25 18 15 0 0
0 27 0 14 24 0 7 0 0 5 12 0 0 33 0 13 0 0 0 42 0 17 21 32 2 29 1 39 0 0 9 41 0 30 0 10 0 25 0 0 19 40 31 23 11 0 49 26 20
0 0 5 12 8 47 33 6 13 35 45 0 0 0 0 21 32 2 29 1 39 0 36 9 41 0 0 37 0 44 25 18 0 0 0 31 0 0 3 0 26 20 0 0 4 0 24 38 7
6 13 0 45 0 42 16 17 0 32 2 0 1 0 46 0 9 41 22 0 0 0 44 0 18 15 19 0 31 23 11 3 0 26 20 28 27 4 14 0 38 0 43 48 0 12 8 0 33
17 21 32 2 0 0 39 46 36 9 41 0 30 0 0 0 0 0 15 0 40 31 23 11 0 49 26 0 0 27 4 0 24 38 0 43 48 5 0 0 47 33 6 0 0 0 34 42 0
