8
60 0 5 4 0 37 62 61 0 50 64 25 56 19 13 63 12 33 55 20 21 1 51 23 0 0 0 59 18 8 0 0 0 38 0 57 28 0 0 0 7 0 46 16 39 31 0 3 0 0 10 49 15 0 32 0 0 41 0 0 24 36 45 48
22 50 0 25 0 0 13 63 12 33 55 20 21 1 0 0 0 30 34 0 0 0 0 9 52 0 0 0 0 47 53 0 0 0 0 16 39 31 0 3 43 42 10 49 15 35 32 26 2 41 27 29 24 36 0 48 0 11 5 0 6 37 0 61
12 33 0 0 21 0 0 23 14 0 34 59 18 8 44 0 52 38 0 0 28 47 0 17 7 0 46 0 39 31 40 0 0 42 10 49 15 35 0 26 0 41 27 29 0 36 0 48 60 11 5 0 6 37 62 0 22 0 64 25 56 0 0 63
14 0 34 59 18 0 0 9 52 38 58 57 28 47 53 17 7 0 46 16 39 31 0 0 43 0 10 49 15 0 32 26 0 41 27 0 24 36 45 48 60 11 5 4 6 37 62 0 0 50 64 0 56 0 13 63 0 0 55 0 21 1 0 0
52 38 58 57 28 47 53 17 0 54 46 0 39 31 40 3 0 42 10 49 15 35 0 0 0 41 27 0 24 36 45 0 0 11 5 4 0 37 62 61 22 50 64 0 56 19 0 63 12 33 55 0 21 1 0 23 14 0 34 59 18 8 44 0
0 0 46 16 0 31 40 3 43 42 10 49 15 35 0 26 2 41 27 0 24 36 45 0 0 11 5 0 6 0 62 61 0 0 0 25 56 19 13 63 12 33 55 0 0 0 0 23 14 30 0 59 0 8 44 9 52 38 58 57 28 47 53 0
43 0 10 0 15 35 32 26 2 41 27 0 0 36 45 0 0 11 0 4 0 0 62 61 0 0 64 25 56 19 0 63 0 33 0 20 21 0 0 23 0 0 34 0 0 8 0 9 52 0 58 0 28 47 0 0 0 54 46 16 39 31 40 0
2 41 0 29 0 36 45 48 60 11 5 4 6 37 62 61 22 50 64 25 0 19 13 63 0 33 55 0 21 1 51 23 0 0 34 59 0 8 44 0 0 38 58 0 28 47 0 17 7 0 46 16 39 31 0 0 0 42 10 49 0 35 32 26
61 60 11 5 4 6 0 0 63 0 50 64 25 56 19 13 0 12 33 55 20 21 0 51 9 0 30 0 59 0 8 44 0 0 38 58 57 0 0 53 0 0 54 46 16 39 31 40 0 0 0 0 49 15 35 32 48 2 41 0 29 0 36 0
63 22 0 0 0 56 19 13 23 12 33 55 0 21 0 51 9 14 30 0 59 0 8 44 17 52 38 58 57 0 0 53 3 7 54 0 16 39 0 0 26 0 42 0 0 15 0 32 48 2 41 27 29 24 36 45 0 60 0 5 4 0 0 62
23 12 0 0 20 21 1 51 9 0 30 34 59 18 0 44 0 0 38 58 57 0 0 0 0 7 54 46 16 0 31 40 0 43 42 10 49 0 35 32 48 0 0 27 0 24 0 45 61 0 0 5 0 6 37 62 63 0 50 64 25 56 19 13
9 14 30 34 59 18 0 44 17 0 0 0 57 0 47 53 3 7 54 46 16 39 0 40 26 0 42 0 49 0 0 32 0 2 41 27 29 24 36 0 0 0 0 5 4 6 37 62 63 0 50 64 25 56 19 0 0 12 33 0 20 21 1 51
17 52 38 58 57 0 47 53 0 0 54 46 16 39 31 40 26 43 42 10 49 15 35 32 48 0 41 27 29 0 36 45 61 0 0 5 4 6 37 0 0 22 0 0 25 56 19 13 23 0 33 55 20 21 1 51 9 0 30 0 59 18 8 44
3 7 0 46 16 39 0 40 0 43 42 0 49 0 35 0 48 2 41 27 0 24 36 45 61 60 0 5 0 6 37 62 63 0 50 64 25 56 0 13 23 0 33 55 20 21 1 51 0 0 30 34 0 18 8 44 17 52 0 0 57 0 47 53
26 0 42 10 49 15 0 32 0 2 41 0 0 24 36 0 61 0 0 5 4 0 37 0 63 0 0 64 25 56 19 13 23 12 0 55 20 21 1 51 0 14 30 0 0 18 0 44 17 52 38 58 57 28 47 53 3 7 54 46 16 39 31 0
48 2 41 0 0 24 0 45 0 60 0 0 4 6 37 62 0 0 50 0 25 56 19 0 23 0 33 55 0 21 0 0 0 14 0 34 59 18 0 44 0 52 38 0 57 28 0 53 3 7 54 0 16 39 31 40 0 43 0 10 49 15 35 32
0 61 0 11 5 4 6 37 13 63 22 0 0 0 56 19 51 0 12 0 0 20 21 0 44 0 14 30 0 0 18 8 53 17 52 0 0 57 0 0 40 3 7 54 0 0 0 0 32 26 43 42 10 49 0 0 0 48 2 41 27 29 24 36
13 0 0 50 64 25 56 0 51 0 0 33 55 0 21 1 44 0 14 30 34 0 18 8 53 0 52 38 58 0 28 47 40 0 7 54 46 16 0 31 0 26 43 42 10 49 15 35 45 48 2 0 0 29 0 36 62 61 0 0 5 4 6 0
51 0 12 33 55 20 0 1 44 9 14 30 0 59 18 8 53 17 0 0 58 0 28 0 40 3 7 54 46 16 39 31 0 26 0 42 0 0 15 35 45 48 2 41 0 29 0 36 62 61 60 11 5 0 0 37 13 63 22 0 0 0 0 19
0 9 14 0 34 59 18 0 53 17 52 38 58 57 28 47 40 3 0 54 0 0 0 31 0 26 43 42 10 0 0 0 45 0 0 41 27 29 0 36 62 61 60 0 0 4 6 37 13 63 0 50 0 25 56 19 51 23 12 33 0 20 21 1
53 17 52 0 0 57 28 0 40 3 7 54 46 0 0 31 32 26 43 42 10 49 15 35 45 48 2 41 27 0 24 36 0 61 0 11 0 4 0 0 13 63 22 0 64 25 56 19 51 0 12 0 55 0 21 0 44 0 14 0 34 59 18 0
40 3 7 54 46 16 39 31 32 26 43 42 10 49 0 0 45 48 2 41 0 0 24 36 62 61 60 11 5 4 6 0 13 0 22 0 0 0 0 0 0 23 0 0 0 0 21 0 0 9 14 0 34 59 18 8 53 17 52 38 0 0 0 47
32 0 43 42 10 49 15 35 45 0 2 41 27 29 24 36 62 61 0 0 5 4 0 0 13 0 22 50 64 25 0 19 51 0 12 33 0 20 21 0 44 9 14 30 34 0 18 8 0 17 52 38 0 57 0 47 40 0 0 54 46 16 39 31
45 0 2 0 0 29 24 0 0 0 60 11 5 4 6 37 0 63 0 0 64 25 56 19 51 23 12 33 55 20 21 0 0 0 0 30 34 59 0 8 53 17 0 38 58 57 28 0 40 3 7 0 46 16 39 0 32 0 43 42 0 49 15 35
37 62 61 60 11 5 4 6 0 13 63 22 50 64 0 56 1 0 0 12 33 55 0 21 8 0 9 14 30 0 59 18 47 53 17 52 38 58 57 0 0 0 3 0 54 46 16 39 35 32 26 0 42 0 49 15 0 45 48 2 41 0 29 24
19 13 63 22 0 64 25 0 1 51 23 12 0 0 20 21 8 44 9 14 0 34 59 18 47 53 17 52 38 58 57 0 0 40 3 7 54 46 0 39 35 32 0 43 0 10 0 15 36 0 48 2 0 27 0 0 0 0 61 0 11 5 4 0
1 51 23 12 0 55 20 0 0 0 9 14 30 0 59 18 47 53 0 52 38 0 57 28 31 40 3 0 0 46 16 39 35 32 26 43 42 10 49 0 36 0 48 2 41 27 29 0 0 0 61 0 11 5 4 0 19 13 0 22 50 64 0 56
8 44 9 14 30 0 0 18 47 0 17 52 38 58 57 0 31 40 0 7 0 46 0 39 0 32 26 43 42 10 49 15 36 0 48 2 0 27 29 0 37 62 61 0 11 0 0 6 0 13 63 22 50 64 0 0 0 0 0 12 0 55 20 21
47 53 17 52 38 58 57 28 31 40 3 0 0 46 16 39 35 0 26 0 0 10 49 15 36 45 0 2 0 27 29 0 0 62 61 0 11 5 4 0 19 13 63 0 0 64 25 56 1 51 23 12 0 0 0 21 8 44 9 14 30 0 0 0
31 40 0 0 54 0 0 39 0 32 26 43 42 10 49 15 0 45 48 0 41 27 29 24 37 62 0 0 0 5 0 0 19 13 0 22 0 0 25 56 1 51 0 0 0 0 20 21 8 44 0 0 0 0 59 18 47 53 17 0 38 0 57 28
35 0 26 43 42 10 49 15 0 45 0 0 0 0 29 0 37 62 0 60 0 0 4 6 19 0 63 22 50 64 0 56 1 51 0 0 33 0 20 21 0 44 0 14 0 34 59 0 47 53 0 52 0 0 0 28 31 40 3 7 0 46 16 39
36 45 48 2 41 27 29 24 37 0 61 0 0 5 4 6 19 0 0 22 50 64 25 56 1 0 23 12 33 0 20 21 8 44 9 14 0 34 59 0 0 53 17 0 0 0 57 0 0 40 3 7 0 0 16 39 0 32 0 43 0 10 49 15
0 37 0 61 0 11 0 4 56 19 13 63 22 0 0 25 0 1 0 23 12 33 55 0 18 0 44 0 14 30 0 59 28 47 0 17 52 38 58 57 0 31 0 3 7 0 0 16 15 35 32 26 43 42 10 49 24 36 45 0 2 41 27 0
0 0 13 63 22 50 0 25 0 0 51 23 12 0 55 20 18 0 44 9 14 30 34 59 0 0 53 0 0 0 0 57 39 0 40 3 7 54 46 0 0 35 32 0 43 42 10 49 0 0 45 0 2 41 0 29 6 0 62 61 60 11 0 4
0 1 0 23 12 33 55 0 0 8 0 9 14 30 0 59 28 47 53 0 52 38 58 57 39 31 0 0 0 54 0 16 0 35 32 0 0 42 0 0 24 36 45 48 0 41 27 29 6 37 62 0 60 11 5 4 56 19 13 0 22 50 64 0
0 8 44 0 14 30 0 0 28 47 53 17 52 38 0 57 0 0 40 0 0 54 46 16 15 0 32 26 43 42 10 0 24 36 0 48 2 41 27 29 0 37 0 61 60 0 5 0 0 19 13 63 0 50 64 25 21 1 51 0 12 33 55 20
28 47 53 0 52 38 58 57 39 31 40 3 0 54 46 16 15 0 32 0 43 42 10 49 24 0 45 48 2 0 27 29 6 37 0 0 60 11 0 4 56 0 13 63 22 50 64 0 21 1 0 23 12 33 55 0 18 8 44 0 14 0 34 59
39 31 40 3 7 54 46 16 15 0 0 26 43 0 10 0 0 36 45 48 0 41 27 29 6 37 62 61 60 11 5 4 56 0 13 63 22 50 64 0 21 1 51 23 12 33 55 20 18 0 0 0 14 30 0 0 0 47 0 0 52 38 58 57
0 35 32 0 0 42 10 49 0 36 0 0 2 41 27 29 0 0 62 61 60 0 5 4 56 19 13 63 22 50 64 0 21 1 0 23 0 33 55 20 18 8 44 9 0 0 34 59 0 0 0 17 52 38 0 57 39 31 40 0 0 54 46 16
24 36 45 48 2 0 27 29 0 0 62 61 0 11 5 0 56 19 0 0 22 50 0 0 21 0 0 0 12 33 55 0 18 8 0 0 14 30 0 0 28 47 53 17 52 38 58 57 0 0 0 0 7 0 0 16 0 35 0 26 43 42 0 0
4 0 0 62 61 60 0 0 25 56 19 13 0 0 0 64 0 21 1 51 23 12 0 0 59 18 8 44 9 0 0 34 57 28 47 53 17 52 38 0 16 0 0 40 3 0 0 46 49 15 35 32 26 43 42 10 29 24 36 45 0 2 41 27
0 56 19 13 63 0 50 64 20 21 0 51 23 0 33 55 59 18 8 44 9 0 0 0 57 28 0 53 17 52 38 0 16 39 0 40 3 7 54 46 0 15 35 0 0 0 0 10 29 24 36 45 48 2 0 27 0 0 37 62 0 60 0 5
20 21 1 51 23 12 0 55 59 18 0 44 9 0 30 0 0 28 0 53 0 0 38 58 16 39 0 40 0 7 54 46 49 15 0 32 0 43 0 10 0 0 36 45 0 0 41 27 4 0 0 62 61 60 11 5 25 0 19 13 0 22 0 0
0 0 8 44 0 14 0 34 57 28 0 0 17 52 38 0 0 39 31 40 0 0 54 0 49 15 35 32 0 0 0 0 0 24 0 45 48 2 0 27 4 6 0 62 61 60 0 5 0 56 19 0 0 22 50 64 20 21 1 51 0 12 0 55
0 28 47 0 0 52 38 58 0 39 31 40 3 7 54 0 0 15 35 32 26 0 0 10 0 24 0 45 48 2 41 0 4 6 37 0 61 60 11 0 25 0 19 13 0 0 50 64 20 0 0 51 23 0 33 0 0 0 8 0 9 0 30 0
16 39 0 40 3 0 54 46 0 0 35 32 0 0 42 10 0 24 36 0 48 2 0 27 0 6 37 62 0 0 0 0 25 56 0 13 63 0 0 64 20 0 0 51 23 12 33 55 59 0 8 0 0 14 30 0 57 28 47 53 17 52 38 0
0 0 35 32 26 0 42 0 0 24 36 45 48 0 41 0 4 0 37 0 61 60 0 5 25 0 19 13 0 22 50 64 20 0 1 51 23 0 33 0 59 18 8 44 0 14 0 0 57 0 0 53 17 52 38 58 16 39 31 40 3 7 54 46
0 0 36 45 48 2 41 0 0 0 37 62 61 60 11 5 0 56 0 13 63 22 50 0 20 0 1 0 0 12 33 55 59 18 8 44 9 0 30 34 57 28 0 53 0 52 0 58 16 39 31 40 3 7 54 0 0 15 0 32 26 0 42 0
5 4 0 0 62 0 0 11 64 25 56 19 13 63 22 50 55 0 21 0 51 23 12 33 0 59 18 0 44 9 14 30 0 57 28 47 53 0 0 38 46 16 39 31 40 0 7 54 10 49 15 35 32 26 43 0 27 29 24 36 0 0 0 41
0 0 0 19 0 63 0 50 55 0 21 0 51 23 0 33 0 59 18 8 44 9 14 30 58 57 28 47 0 17 52 38 46 16 0 0 40 3 7 0 10 0 15 35 32 0 43 0 27 29 24 0 45 0 2 41 5 4 0 37 0 61 60 11
0 20 0 0 51 0 12 33 34 59 0 0 44 0 0 30 58 57 28 0 53 17 52 38 46 16 39 31 0 3 7 0 10 49 15 0 32 26 43 42 27 0 24 36 0 48 2 41 5 4 6 37 0 0 60 11 64 25 56 0 0 0 0 50
34 59 18 8 44 9 14 0 0 57 0 0 53 17 0 0 46 0 0 0 40 0 7 0 10 0 15 0 32 26 0 42 27 0 24 36 45 48 0 41 5 4 6 37 62 61 60 11 64 0 56 19 0 63 0 50 0 0 0 0 51 0 0 0
58 57 28 47 0 17 52 38 0 16 0 0 40 3 0 54 10 49 15 35 32 0 0 0 0 0 24 36 45 0 2 41 5 4 0 0 62 61 60 11 0 25 56 19 13 0 22 50 0 20 21 1 0 23 12 33 0 59 18 8 44 9 14 30
0 16 39 31 40 3 7 0 10 49 15 35 0 26 0 42 0 29 0 0 0 48 2 41 0 4 0 0 62 61 60 11 64 25 0 0 13 0 22 50 55 0 21 0 0 0 12 33 0 0 18 8 0 0 0 30 58 0 0 0 53 0 52 38
0 49 0 35 32 26 43 42 27 0 0 36 45 0 2 41 5 0 0 37 62 61 60 11 0 25 0 19 13 0 22 0 0 20 0 1 51 23 12 33 0 59 18 8 44 9 14 30 58 57 28 0 0 0 52 38 46 0 39 31 40 0 7 54
27 0 24 36 45 48 2 41 5 0 6 0 62 0 60 0 0 25 0 19 0 63 0 50 55 20 21 1 51 0 12 33 34 0 18 8 0 9 14 30 0 0 28 47 53 17 52 38 0 0 39 31 0 3 0 54 10 0 15 35 32 26 43 42
0 0 4 6 37 62 0 60 0 64 25 56 0 13 0 22 33 0 20 21 1 51 23 12 30 34 59 18 0 44 9 14 38 0 57 28 47 0 17 52 54 0 0 39 31 40 3 0 42 10 49 15 0 32 0 43 41 27 29 24 36 45 0 2
50 64 0 0 19 13 0 0 0 55 0 0 1 51 23 12 30 34 59 0 0 0 0 14 38 0 57 28 0 53 17 52 54 0 16 39 31 40 3 7 42 0 49 15 0 32 26 43 41 0 29 24 36 0 48 2 0 5 4 0 0 0 61 60
0 55 0 0 1 51 0 12 30 34 59 18 8 44 0 14 38 58 57 28 47 0 17 52 0 46 0 39 31 0 3 7 42 0 0 15 35 0 0 0 41 0 29 24 36 45 48 0 0 0 0 6 37 0 61 0 0 64 25 56 0 0 0 22
0 34 0 18 0 44 9 0 0 0 57 28 47 0 17 52 54 0 16 0 0 0 3 7 0 10 0 15 0 32 26 43 41 27 0 24 36 0 48 0 11 5 4 6 37 62 61 0 0 64 0 56 19 0 0 22 33 55 20 0 1 51 23 12
38 58 0 0 47 53 0 52 54 0 0 39 31 40 3 7 0 0 49 15 0 32 0 43 41 27 0 24 36 45 0 0 11 0 0 6 37 0 61 60 0 64 25 56 19 13 63 0 0 55 0 0 1 0 23 12 30 0 0 18 8 44 0 14
54 0 16 39 31 0 3 7 42 0 0 15 0 0 26 43 0 0 29 0 36 45 48 0 0 0 4 0 37 62 61 60 50 64 25 0 0 0 63 22 33 55 20 21 1 51 23 12 30 34 59 18 8 0 0 14 38 0 57 28 47 0 17 52
42 10 49 15 35 0 26 43 41 27 29 24 36 45 0 2 11 0 4 6 0 62 61 60 50 64 0 0 0 13 63 22 0 55 0 0 0 0 0 0 0 0 59 0 8 0 9 14 38 58 57 0 47 53 17 0 54 46 0 0 0 40 0 0
41 27 29 24 36 45 48 0 11 5 4 6 0 62 61 0 50 0 25 56 19 0 63 0 33 55 0 21 1 0 23 12 30 0 59 18 0 44 0 14 38 58 57 28 0 53 17 52 54 46 16 39 0 40 3 7 42 0 0 0 0 32 26 0
