6
15 32 22 9 0 20 11 0 6 0 34 0 13 0 23 0 0 0 0 0 1 17 0 35 0 24 19 10 31 4 0 36 3 30 0 28
29 33 25 7 1 28 0 20 0 0 23 0 2 0 34 0 0 0 0 21 0 0 13 0 16 18 11 0 0 0 31 8 0 9 0 4
19 24 0 0 0 0 2 36 25 0 0 28 15 32 31 0 0 20 16 12 34 0 3 0 5 0 22 21 0 26 6 33 0 0 11 35
16 17 11 18 6 36 0 0 5 4 0 21 29 30 25 7 0 0 27 0 0 8 23 9 0 0 34 35 0 28 0 0 15 32 13 0
13 0 31 21 0 26 3 33 0 0 1 0 22 24 0 10 0 4 11 36 0 30 6 0 0 0 15 9 23 20 29 12 34 7 2 18
2 35 34 12 3 0 22 0 15 32 0 0 0 0 0 0 0 17 31 26 5 10 19 0 29 36 0 0 1 0 27 0 14 20 0 0
9 0 0 0 0 23 28 2 0 0 0 3 0 22 24 0 0 13 17 16 0 11 0 6 0 31 0 0 20 19 0 29 30 0 0 0
28 6 36 25 0 29 0 27 32 19 0 31 0 2 12 11 7 34 26 0 0 23 0 0 35 0 33 16 0 0 0 13 24 0 10 5
32 31 4 5 24 0 18 29 0 0 0 1 0 0 20 14 0 0 0 0 0 34 30 3 26 22 21 15 0 13 0 16 17 0 0 0
35 3 33 2 17 11 0 14 24 0 0 0 0 0 0 0 30 29 20 22 0 31 0 0 18 0 12 6 7 25 26 23 0 15 0 27
10 0 26 15 20 13 0 0 0 11 7 6 0 0 9 5 21 0 12 0 18 25 0 0 24 0 0 14 0 23 35 2 0 34 0 3
18 1 0 0 7 16 26 15 8 0 21 23 0 0 33 3 17 0 0 0 24 27 10 0 28 29 36 11 30 2 20 14 32 0 9 0
0 0 19 0 14 9 29 0 0 12 6 7 0 26 5 0 31 21 0 35 16 0 34 0 23 0 13 24 0 10 25 28 0 0 1 30
1 28 29 0 25 17 0 0 27 0 14 8 0 18 2 30 34 36 0 9 22 4 15 10 6 0 16 12 0 0 0 26 0 0 5 32
27 4 5 24 31 10 0 0 0 36 0 30 23 20 0 32 0 0 0 0 11 12 29 7 0 0 14 0 0 0 2 35 6 33 3 17
0 12 0 30 0 18 19 0 31 9 0 0 1 0 29 35 25 7 23 32 0 24 0 26 3 28 0 36 34 17 0 0 22 8 15 21
0 26 13 8 0 21 0 35 11 33 3 17 14 4 19 24 0 10 6 0 2 36 0 30 0 20 0 32 5 0 34 18 16 12 29 7
3 0 0 33 0 0 13 32 0 24 15 0 6 0 16 0 11 0 19 0 31 21 0 20 0 0 0 30 25 18 0 9 27 0 14 10
20 23 0 27 10 0 30 0 0 2 17 0 8 13 32 22 24 15 0 6 0 16 35 11 0 19 0 0 26 0 36 1 0 29 18 25
30 29 28 0 36 2 9 13 20 0 0 19 0 6 0 25 12 0 0 0 0 14 0 23 17 0 35 3 0 0 10 0 0 0 24 22
26 0 24 31 0 5 12 0 18 29 0 25 9 0 10 0 0 14 30 0 0 2 36 34 32 13 0 0 0 0 7 0 0 0 17 0
17 25 35 0 33 6 10 31 0 14 24 22 30 0 28 34 36 0 9 0 0 0 0 15 0 0 18 29 12 1 21 27 0 0 8 23
4 0 9 22 32 0 0 6 7 0 36 11 21 19 26 31 20 0 18 1 12 0 17 25 0 23 24 27 10 0 30 0 28 2 33 34
7 0 18 0 12 34 21 23 0 5 8 0 17 29 0 1 33 16 10 0 4 22 24 13 30 0 28 2 36 6 0 0 0 0 0 0
31 9 27 20 0 0 0 7 3 18 0 0 0 21 0 26 0 8 34 17 0 0 11 33 15 10 0 4 14 24 0 0 25 28 0 36
0 0 1 17 29 35 0 0 23 10 27 24 34 0 3 28 0 0 0 4 13 26 22 8 11 7 0 0 16 12 5 0 19 21 31 0
14 10 23 0 19 24 0 30 1 28 11 36 0 9 0 0 13 32 2 0 6 0 16 12 22 21 0 26 0 8 0 0 29 35 34 33
0 30 0 0 16 0 5 4 19 8 31 32 25 7 1 12 29 0 14 10 23 0 27 21 0 17 3 28 2 0 15 0 13 0 22 9
5 0 15 26 0 8 34 17 0 0 16 33 31 10 0 0 0 0 0 30 3 0 1 36 0 0 23 0 19 0 0 7 2 0 6 12
34 0 3 28 2 12 0 0 13 0 22 0 11 0 0 0 16 35 0 0 19 9 0 32 25 0 0 0 0 0 14 0 23 10 0 8
8 0 10 0 0 27 0 0 35 0 18 2 24 0 21 0 9 22 28 11 36 6 12 16 20 5 0 0 0 31 17 25 7 1 30 0
0 0 0 29 28 1 32 0 9 27 20 0 0 11 7 6 18 25 8 19 21 0 0 22 0 0 17 34 35 16 24 31 0 23 0 14
21 0 20 19 4 0 36 25 17 1 28 29 32 0 8 23 26 0 0 0 0 3 7 2 9 15 0 13 24 0 33 11 18 0 0 16
33 0 17 6 0 25 0 0 0 31 0 14 0 0 0 0 28 0 32 0 9 13 0 0 12 2 7 0 0 11 0 15 0 5 0 0
24 0 32 0 0 22 7 0 0 6 30 0 20 5 4 0 10 31 0 0 0 1 18 29 21 0 0 23 8 27 28 34 0 0 0 2
0 0 0 0 0 3 0 0 21 0 0 15 33 34 17 2 0 0 24 14 0 5 4 31 0 6 30 25 28 29 0 22 9 0 0 13
