7
20 15 0 30 0 14 0 0 0 40 0 2 0 0 1 41 39 45 0 0 0 0 0 10 0 0 48 34 22 0 9 12 7 3 4 32 11 27 8 16 0 25 44 29 37 0 0 36 38
0 0 0 0 2 6 28 1 41 0 45 0 0 19 47 0 10 0 0 0 0 22 43 0 12 0 3 4 0 0 27 8 0 23 25 44 29 37 31 35 0 0 20 15 17 30 0 14 46
1 0 39 45 33 13 19 0 0 10 0 0 48 0 22 43 9 0 0 3 0 32 11 27 8 16 0 25 0 29 0 0 35 0 38 20 0 0 30 24 0 0 21 0 0 26 2 6 28
47 18 10 5 49 48 0 22 0 0 0 7 0 4 32 0 0 8 16 23 0 44 0 37 31 0 36 0 20 15 17 0 24 0 46 21 42 0 0 0 6 28 0 41 39 45 0 0 19
0 43 9 0 0 0 4 0 11 0 0 16 0 0 44 29 0 31 0 0 38 0 15 17 0 0 14 46 0 42 40 0 2 0 28 1 41 0 0 33 13 19 0 18 10 5 49 0 0
32 11 0 8 16 23 25 44 0 37 31 0 0 0 20 0 17 30 24 14 46 21 42 0 0 2 6 0 1 0 0 0 33 13 0 47 0 10 5 49 48 0 22 43 9 12 7 3 0
0 29 0 0 35 36 38 20 15 0 30 0 14 46 0 42 0 26 2 0 0 1 41 39 45 0 0 19 47 18 10 5 49 48 0 0 43 9 0 7 3 0 32 11 27 0 16 23 0
46 20 0 17 30 24 0 0 21 42 40 26 2 6 19 0 41 39 45 0 13 34 0 18 0 5 49 48 4 22 0 9 0 7 3 25 32 11 0 8 16 23 38 44 29 37 31 0 36
28 21 0 0 0 2 6 19 1 41 39 45 33 0 0 47 18 0 0 49 48 0 22 0 9 12 7 0 25 32 11 27 8 0 23 0 0 0 0 31 35 0 46 20 0 0 30 0 0
0 0 41 39 45 0 0 34 47 0 10 5 49 48 4 22 43 0 12 7 3 0 32 11 27 8 16 0 38 0 0 37 31 35 36 46 20 15 17 30 0 14 28 21 42 0 26 2 6
0 0 18 10 0 0 48 4 22 0 9 0 7 3 0 0 11 0 8 16 23 0 44 29 37 0 35 36 46 20 0 17 0 24 14 28 21 42 40 26 2 6 19 1 0 0 45 33 13
0 22 43 9 12 7 0 0 0 0 27 0 16 0 38 44 29 0 0 35 0 46 0 15 17 30 0 14 0 21 42 40 0 0 0 0 1 0 39 45 33 0 0 47 18 10 5 49 48
0 32 0 0 0 16 23 38 44 0 37 31 35 36 0 20 0 0 0 24 14 0 21 0 40 26 0 0 19 1 41 39 45 33 13 34 47 18 10 5 0 48 4 0 0 9 0 7 3
38 44 0 37 0 35 36 46 20 15 0 30 24 14 0 21 42 0 0 0 0 19 1 0 39 45 33 0 34 47 18 0 5 49 0 0 22 43 9 0 7 3 25 32 11 27 8 0 0
14 46 20 0 17 30 24 0 28 21 42 40 26 2 0 19 1 0 39 45 0 0 34 47 18 0 0 49 3 4 22 0 9 12 0 0 25 32 0 27 0 16 36 0 44 29 0 0 0
6 28 21 42 40 0 0 0 19 0 41 0 45 0 0 0 0 18 0 0 49 3 0 22 43 9 12 0 0 25 32 11 27 8 0 0 0 44 0 37 0 35 0 46 0 15 17 0 24
13 19 1 41 39 0 0 48 0 47 0 0 0 49 0 0 0 43 0 12 7 23 25 32 11 27 0 16 36 38 44 0 37 31 35 14 46 20 15 17 30 24 6 28 21 0 40 26 0
0 34 47 18 10 5 49 0 4 0 43 0 12 7 23 25 32 11 0 8 16 36 38 44 29 0 0 35 14 46 20 0 17 30 24 6 0 21 0 0 26 0 13 0 1 0 39 0 33
3 4 0 43 0 0 7 23 0 0 11 0 0 0 0 0 0 29 0 31 0 0 0 0 15 17 0 24 6 28 21 0 40 26 0 13 0 0 0 39 45 0 48 34 47 18 10 0 0
0 0 0 0 27 0 16 36 0 0 29 37 0 35 0 46 20 15 17 30 24 6 0 21 42 40 0 2 13 19 1 41 39 45 0 0 34 0 18 0 5 49 0 4 0 43 0 12 7
0 0 44 0 37 31 35 0 0 0 15 0 30 24 0 0 21 42 40 26 0 13 19 1 41 0 0 33 0 0 47 0 0 5 49 3 0 22 43 9 0 7 23 25 0 0 0 8 16
24 14 46 20 0 17 0 0 6 28 21 0 0 0 33 13 0 1 41 39 0 0 48 34 47 18 10 0 0 0 4 0 0 0 12 16 0 25 32 11 27 0 35 36 38 44 0 37 0
0 6 28 21 0 0 0 33 13 19 1 0 39 45 49 0 34 47 18 0 5 7 3 4 22 0 0 12 0 23 0 0 11 27 8 35 36 0 44 29 0 0 0 14 46 20 15 17 30
33 13 19 1 0 0 45 0 48 0 47 18 10 0 0 0 0 22 0 9 12 0 0 25 32 11 27 8 0 0 38 0 29 0 0 24 14 46 20 15 17 0 2 6 0 21 42 40 26
49 48 34 47 18 0 5 0 3 0 0 43 9 12 16 0 25 32 0 0 0 35 36 38 44 29 37 0 24 14 46 20 15 0 30 2 0 0 21 42 40 26 33 13 19 0 41 0 45
0 3 4 22 43 0 12 0 23 25 0 11 0 8 35 36 0 44 29 0 31 24 0 0 0 15 17 30 2 0 28 21 42 40 0 33 0 19 1 41 39 45 49 0 34 0 18 10 5
16 23 25 32 0 27 0 35 36 38 44 29 0 31 24 0 46 20 15 17 30 2 6 28 21 0 0 0 33 0 19 1 0 0 45 49 0 0 0 0 10 0 0 3 4 22 43 9 0
35 0 38 0 29 37 0 24 0 46 20 0 17 30 2 6 28 0 42 0 0 33 0 19 1 41 39 45 49 48 0 47 0 0 5 0 0 4 22 0 9 12 0 23 25 32 0 27 0
0 24 14 0 20 15 0 0 2 6 28 21 42 40 45 33 13 0 1 41 39 5 0 48 34 47 18 10 12 0 3 4 22 0 9 8 16 23 25 32 11 0 31 0 36 38 44 29 0
26 2 0 0 0 42 0 45 33 13 19 0 0 0 5 0 48 0 47 18 0 0 7 3 4 0 43 0 0 16 0 25 0 0 27 0 0 36 38 44 29 0 0 24 14 46 0 15 17
0 33 13 0 0 41 0 5 0 48 34 47 0 10 12 7 0 4 0 43 0 8 16 0 25 0 11 27 0 35 36 38 0 29 0 30 24 14 46 0 15 17 26 2 6 28 21 42 0
0 49 48 34 47 18 10 12 7 3 4 0 43 0 0 16 23 25 0 11 27 31 35 0 0 44 29 0 30 24 0 0 20 15 17 26 2 6 0 21 42 40 0 33 13 0 1 41 0
12 0 3 0 22 43 9 8 16 23 0 32 0 27 31 0 0 38 0 29 37 0 24 14 46 20 15 0 26 2 0 0 0 42 0 0 33 0 0 1 41 0 0 0 0 34 0 18 10
0 0 23 25 0 11 27 0 0 0 38 44 0 0 0 24 14 46 20 0 17 26 0 6 28 21 42 0 45 0 13 19 1 41 0 5 0 48 0 47 18 10 12 7 3 4 0 43 9
0 0 0 38 44 29 37 30 24 14 46 20 0 0 0 2 0 28 21 42 0 45 33 13 19 1 41 0 5 49 48 34 47 18 10 12 0 3 4 0 43 9 0 16 23 0 32 11 0
17 30 0 0 0 0 15 40 26 0 6 0 21 42 39 0 33 0 0 0 41 10 5 49 0 0 47 0 0 0 7 3 0 0 43 27 0 0 23 0 0 11 0 31 35 36 0 0 29
0 26 2 0 28 21 42 0 45 0 13 19 1 41 10 5 0 48 0 47 18 0 12 0 0 4 0 43 0 0 0 0 25 32 11 0 31 35 36 38 44 29 0 30 0 14 46 20 15
39 45 0 0 19 1 0 10 5 49 0 0 47 0 9 0 0 0 4 0 0 27 8 16 0 25 32 0 0 0 0 0 38 44 0 17 0 24 0 46 20 15 0 0 0 6 28 21 42
10 5 49 0 34 47 18 9 0 7 3 4 22 0 27 0 16 23 0 32 11 37 31 0 36 0 44 0 17 30 0 14 46 20 15 40 26 2 0 0 21 0 39 45 33 0 19 1 41
0 0 7 3 4 22 43 27 8 16 23 0 32 0 37 31 35 36 38 0 0 17 30 0 0 0 0 15 40 26 2 0 0 21 0 0 45 0 13 19 1 41 0 5 0 48 0 47 18
27 8 0 23 25 32 0 37 31 35 36 38 44 0 0 30 24 0 46 0 15 40 26 2 6 28 21 0 39 45 33 13 0 0 0 10 5 49 48 34 47 0 9 12 7 3 0 22 43
0 0 35 36 0 44 29 0 30 24 14 0 0 15 40 26 0 6 0 21 42 39 0 33 13 19 0 41 0 5 0 0 34 47 18 9 12 0 3 4 22 43 27 8 0 23 25 32 11
15 17 30 24 0 46 20 42 40 26 2 0 0 21 41 39 45 33 0 19 0 18 0 5 49 48 0 0 0 0 0 7 3 4 0 11 0 0 0 23 25 0 29 37 0 35 0 38 44
42 40 26 2 0 28 21 41 39 45 33 0 0 1 18 0 5 49 48 34 0 43 0 12 7 0 4 0 11 0 8 16 23 25 32 29 37 0 35 36 38 44 0 0 30 0 0 46 20
0 0 45 33 13 19 1 0 10 5 49 48 0 47 43 9 12 7 3 4 22 0 27 8 16 0 0 32 0 37 31 35 36 0 44 15 17 0 24 0 46 0 42 40 26 0 6 28 0
18 10 5 49 0 34 0 43 9 12 7 3 4 22 0 0 8 16 23 25 0 29 0 31 0 36 0 44 15 0 30 24 0 0 20 0 40 0 2 6 28 21 41 39 45 33 13 0 1
0 0 12 7 3 4 22 11 27 8 16 23 25 32 0 37 0 35 0 0 44 15 17 30 24 0 46 20 42 40 26 2 0 0 0 0 39 0 33 13 19 1 0 0 5 49 48 0 47
0 27 8 0 23 25 32 0 0 31 0 0 0 0 15 17 0 24 14 0 0 0 0 0 2 6 0 0 41 39 45 33 13 19 0 18 10 5 0 0 34 0 43 9 12 7 3 0 0
29 37 31 0 0 38 44 0 0 30 24 0 46 0 42 40 0 0 6 0 0 41 39 0 0 13 0 1 0 0 5 49 48 34 0 43 9 12 0 3 4 22 11 0 8 16 0 0 32
