6
19 0 31 8 0 0 4 0 0 0 0 0 18 0 32 30 14 0 15 11 0 13 9 21 35 25 36 22 1 33 7 0 23 0 0 20
0 0 15 13 0 0 0 0 14 0 18 0 5 16 24 0 0 17 0 8 31 0 36 28 9 29 4 20 23 0 1 0 0 33 35 25
36 27 0 0 0 3 23 11 0 13 15 21 0 25 0 0 19 0 12 16 4 0 0 0 31 0 18 8 0 0 5 17 9 34 2 0
5 11 24 17 0 0 32 0 0 0 36 28 9 0 4 20 23 0 1 0 0 3 0 0 7 16 15 10 2 21 26 0 0 6 18 22
0 25 14 0 18 33 5 0 7 29 0 0 0 0 0 8 0 28 23 0 24 0 0 0 26 27 0 30 0 3 15 11 0 0 12 0
0 20 4 16 23 10 0 0 19 25 35 6 0 21 0 11 2 29 0 0 14 33 0 30 0 13 0 34 12 17 0 8 0 0 36 27
3 1 8 19 0 35 0 7 11 15 10 2 0 26 27 0 0 0 29 5 16 24 0 0 6 32 33 0 0 0 34 0 21 0 0 23
0 0 0 0 0 7 3 36 27 18 0 14 0 24 11 15 0 12 0 31 0 0 22 26 0 2 16 4 0 23 28 35 6 32 8 1
22 26 33 0 30 18 0 0 29 24 13 0 0 0 25 31 6 36 20 0 0 4 17 23 27 0 0 19 0 35 10 0 0 0 16 2
0 2 0 0 13 23 0 35 25 1 22 0 20 9 16 7 0 0 28 18 0 14 8 0 10 15 17 24 34 12 3 0 0 0 0 26
0 32 27 31 28 0 0 9 16 0 17 23 33 1 3 0 8 35 11 0 10 0 34 0 25 0 30 0 0 18 20 0 0 24 13 12
20 0 16 12 29 0 28 31 6 26 8 19 0 2 0 0 34 23 3 0 27 1 30 35 0 0 0 5 0 9 33 0 0 36 0 18
0 28 36 6 32 8 0 10 0 17 23 34 0 3 18 27 0 0 0 21 7 11 15 13 14 33 1 25 0 0 0 0 12 16 0 29
2 21 7 0 0 20 18 8 26 22 14 3 12 10 5 17 24 0 0 25 32 28 31 27 0 0 0 0 4 0 0 33 0 0 19 6
0 0 18 0 0 0 0 0 9 11 7 0 31 33 14 25 36 22 0 0 12 0 4 0 32 28 35 6 26 8 23 10 15 17 5 34
12 17 0 0 0 0 0 0 32 33 31 30 23 20 0 21 4 0 35 3 1 22 0 8 2 10 7 16 0 29 18 0 26 0 14 28
0 33 35 0 0 22 0 20 0 16 5 0 1 28 19 6 0 8 0 0 2 0 23 34 0 3 31 0 36 30 0 0 0 0 4 13
23 0 0 10 4 0 0 0 0 28 19 0 2 0 7 34 15 13 18 0 0 0 14 0 0 0 5 0 24 0 36 22 0 8 31 3
0 0 25 1 0 19 11 2 21 7 29 15 8 0 22 0 3 14 0 0 17 0 20 24 0 0 6 0 30 0 0 23 13 0 10 0
34 7 10 24 17 5 0 32 0 0 0 26 13 0 21 23 11 2 22 0 33 18 25 14 29 12 20 0 0 4 8 0 28 0 6 31
8 0 28 26 0 0 0 12 17 5 34 24 0 36 0 32 30 31 21 23 0 0 16 0 22 35 0 0 25 19 11 0 20 7 29 15
0 0 0 0 0 0 22 14 33 36 0 0 29 12 20 9 0 0 0 0 0 35 6 31 34 23 0 7 0 0 30 32 3 0 0 0
30 36 0 32 22 31 0 0 0 0 20 4 0 0 0 1 25 0 10 0 0 7 11 15 0 0 8 26 3 14 0 0 0 0 21 24
29 12 20 0 16 0 8 1 28 31 6 35 34 4 10 0 17 7 30 19 3 26 27 32 0 0 0 2 11 0 22 0 33 0 25 0
18 8 1 28 0 6 0 34 0 10 0 17 14 30 26 0 35 27 0 13 15 21 24 0 0 0 32 0 31 0 9 29 0 20 0 16
15 0 0 11 0 34 14 25 0 6 0 8 24 17 0 16 0 0 0 33 0 27 0 22 0 20 0 29 9 13 19 0 35 0 0 0
32 30 26 3 31 0 0 13 23 21 4 0 19 22 36 33 0 0 2 29 9 20 0 16 0 8 0 0 0 6 0 0 0 0 7 0
0 29 0 0 5 16 31 30 36 0 0 0 4 34 23 0 0 0 19 0 35 25 1 6 15 17 0 11 7 10 14 0 0 22 0 0
0 22 0 0 0 0 0 29 2 20 24 16 32 8 1 0 0 6 0 34 23 10 12 0 36 30 26 0 18 27 0 13 5 21 0 0
4 0 0 20 9 17 0 0 35 0 1 22 15 11 2 29 7 10 14 0 18 8 26 3 0 0 12 21 0 0 0 0 36 25 0 0
0 19 0 35 27 1 0 15 34 2 21 7 22 0 30 18 28 0 0 24 0 0 10 0 0 0 25 36 6 32 29 0 0 23 20 9
17 5 0 0 0 15 0 0 30 32 3 0 11 23 13 24 21 0 25 35 22 0 33 19 0 9 29 12 20 7 6 36 8 18 28 0
28 14 30 18 8 26 29 0 0 12 0 0 25 31 0 36 33 0 17 4 0 0 0 9 3 0 0 0 27 1 0 15 10 0 11 7
0 24 13 9 21 4 25 0 22 0 33 31 16 7 29 12 20 0 6 0 8 36 0 0 17 5 0 0 0 0 27 26 30 1 3 0
25 31 22 36 0 32 13 4 10 0 11 9 3 0 0 0 0 1 0 15 0 2 29 0 30 0 28 18 0 0 21 0 0 12 0 0
0 23 29 0 20 12 6 18 8 14 0 36 17 5 0 2 0 9 0 0 30 0 0 0 11 0 13 15 0 24 25 0 0 31 0 0
