8
54 38 63 18 40 0 59 24 0 0 11 6 0 0 39 0 2 19 47 0 0 8 57 37 0 31 0 0 26 14 7 0 42 5 35 36 0 3 0 46 49 0 0 50 27 0 52 32 0 0 0 0 45 0 0 12 28 10 0 0 22 60 48 0
49 25 51 50 27 29 52 32 62 15 0 4 45 61 64 12 0 0 56 58 22 0 48 34 54 0 0 0 40 44 59 0 55 20 11 6 23 16 39 9 0 19 47 21 30 8 57 37 41 31 13 43 0 0 7 53 42 0 35 0 1 3 0 46
0 19 47 21 0 8 57 37 0 0 13 43 0 0 7 53 42 0 35 0 1 3 33 46 0 0 0 50 0 29 52 32 62 0 17 4 0 61 64 0 0 0 0 58 0 60 48 0 54 38 0 18 40 0 0 24 55 20 11 0 0 16 0 0
28 10 56 0 22 60 48 34 54 38 63 18 40 44 0 0 0 0 0 6 0 16 0 9 2 19 47 21 0 8 57 37 41 0 13 43 26 0 7 53 42 5 0 36 1 3 0 46 49 25 0 50 27 29 0 32 62 15 17 4 45 61 64 12
42 5 0 36 0 3 33 46 49 0 0 50 27 29 52 0 62 0 17 4 0 61 0 12 28 10 0 58 22 60 48 0 54 38 63 18 0 0 59 0 55 20 11 6 23 16 0 9 2 19 47 21 30 0 57 37 41 31 13 43 26 0 7 53
55 0 11 6 23 16 0 0 0 19 47 21 30 0 57 37 0 31 13 0 0 14 7 53 42 5 35 36 1 0 33 46 49 25 51 50 27 0 0 32 0 0 17 4 0 0 64 12 28 10 56 58 0 60 0 0 54 0 63 18 40 44 59 24
62 15 17 4 45 0 0 12 28 0 56 0 0 60 48 0 54 0 0 0 40 44 59 24 55 20 11 6 0 16 0 0 2 0 47 0 30 8 57 0 41 31 0 43 26 14 0 53 42 0 35 36 0 3 0 46 49 0 0 50 27 29 52 32
0 31 0 43 0 14 7 53 0 0 0 0 0 3 33 0 49 0 51 50 0 29 52 32 0 15 17 4 0 61 64 12 28 10 0 0 0 60 48 0 54 0 63 18 40 44 0 0 0 20 0 6 0 16 39 9 2 0 0 21 30 8 57 37
24 0 38 63 0 0 0 0 0 55 0 11 0 23 0 0 37 0 19 47 21 30 8 57 53 41 31 0 43 26 0 0 46 42 5 35 36 1 3 33 32 0 25 0 50 27 29 0 12 62 15 17 0 0 61 0 34 0 0 0 58 0 60 48
32 49 25 51 0 27 0 0 12 62 15 0 4 45 0 64 0 28 10 56 0 0 60 48 0 0 0 63 0 40 44 59 9 55 20 11 6 0 16 39 37 2 19 0 21 0 8 57 53 41 0 13 0 26 14 7 0 42 5 0 0 1 3 33
37 2 19 47 21 0 8 0 0 41 31 13 0 26 14 7 46 42 5 35 36 0 3 33 32 49 0 0 50 27 29 52 0 62 15 17 4 45 61 64 34 28 0 56 0 22 60 48 24 54 0 0 0 40 44 59 0 0 0 11 6 23 16 39
0 28 10 56 0 22 60 0 24 54 38 63 0 40 44 59 9 0 0 11 6 0 16 39 0 0 0 47 21 0 8 0 53 41 0 13 43 26 0 0 0 42 5 35 36 0 3 33 32 0 25 51 50 0 29 52 0 0 15 0 4 45 61 0
46 42 5 35 36 1 3 33 32 0 0 0 50 27 29 52 12 62 0 17 0 45 61 64 34 28 10 56 0 22 60 48 24 0 0 0 18 0 0 0 0 0 20 11 6 23 16 0 37 2 19 47 21 30 8 57 0 41 0 13 43 26 0 7
9 0 0 11 6 0 0 39 0 0 0 47 0 0 8 57 53 0 0 0 43 26 0 7 0 42 5 35 0 1 3 33 32 49 25 0 50 27 29 52 12 62 15 17 0 45 61 64 34 28 0 56 58 22 0 48 24 54 38 63 18 40 44 0
0 62 0 0 4 45 0 64 0 28 0 56 58 0 60 48 24 54 0 0 18 0 0 59 9 55 20 0 6 23 16 39 37 0 19 47 0 30 0 57 53 41 0 13 43 26 0 7 46 42 0 35 36 1 3 33 32 0 25 51 0 27 0 0
0 41 31 0 0 0 14 7 46 42 5 0 36 1 3 0 32 49 25 51 50 27 29 52 12 62 15 0 4 0 61 0 34 28 0 56 58 0 60 48 24 54 38 63 18 40 44 59 9 0 20 11 0 0 16 0 37 0 19 0 21 30 8 57
59 0 54 0 0 18 0 44 39 0 55 0 0 6 23 16 57 37 2 19 0 21 30 8 7 53 41 31 13 43 26 0 33 46 0 0 35 36 1 0 0 32 0 25 51 50 27 0 64 0 62 0 0 0 0 61 48 34 28 0 56 0 22 0
0 32 49 0 51 50 27 29 64 12 62 15 17 0 0 61 48 0 28 10 0 58 22 60 0 0 0 38 63 18 40 0 39 0 0 20 11 0 23 16 0 37 0 0 47 21 30 0 7 53 41 0 0 43 0 14 33 46 42 5 35 36 0 3
57 37 2 0 47 0 0 8 7 53 41 0 0 43 26 14 0 0 42 5 0 0 1 3 52 32 49 25 0 0 27 0 64 0 62 15 17 0 45 61 0 0 28 10 56 0 0 0 59 0 0 38 63 18 0 44 39 0 55 20 11 0 23 0
48 34 28 10 56 58 22 60 59 24 54 38 0 18 0 44 39 9 55 20 11 0 23 0 57 37 2 0 47 21 30 0 7 53 41 31 13 0 26 14 33 46 42 0 35 36 0 0 52 0 49 0 51 0 27 0 64 12 62 0 17 0 45 61
33 46 0 0 35 36 0 3 52 0 0 0 51 50 27 29 0 12 62 15 17 4 0 61 48 34 28 10 0 58 22 0 59 24 54 38 0 0 40 0 39 9 0 0 0 6 23 16 0 0 2 19 0 0 30 8 7 53 0 31 13 43 0 14
39 0 55 20 11 6 0 0 0 37 2 19 47 0 30 8 0 53 0 0 13 43 26 14 0 46 42 5 35 36 1 3 0 32 49 25 51 50 27 29 0 12 0 15 17 0 45 61 48 34 28 0 0 58 0 60 59 24 54 38 0 18 40 44
64 12 0 15 17 4 0 0 48 34 28 10 56 0 22 0 0 0 54 0 63 18 40 0 39 9 55 20 0 6 23 16 57 37 2 0 0 0 0 8 7 0 41 0 0 43 0 14 33 46 42 5 35 36 1 0 52 0 49 0 51 50 27 0
7 53 41 31 13 0 26 14 0 0 42 5 35 36 1 3 52 32 49 0 51 50 27 29 64 12 62 15 0 4 45 61 0 34 28 10 0 58 0 60 0 24 0 0 63 18 40 0 0 0 55 0 0 0 23 0 57 0 2 19 47 0 30 0
44 59 0 54 38 63 0 0 16 0 9 55 0 11 6 0 0 57 37 0 19 47 21 30 0 0 53 0 31 13 43 26 3 33 46 42 5 0 36 1 29 52 32 0 0 51 50 27 0 64 0 62 15 17 4 45 0 0 34 28 0 56 58 0
0 52 32 49 25 0 50 27 61 0 12 62 15 17 4 45 60 48 0 0 0 56 0 0 44 59 24 54 38 0 18 40 16 39 9 0 0 0 0 23 8 57 37 2 0 47 21 30 14 0 0 0 31 0 43 26 0 33 0 42 5 35 0 1
8 57 37 2 19 47 21 0 0 7 0 41 0 0 0 0 3 33 46 42 5 0 36 1 0 52 32 49 25 51 0 27 61 64 12 62 0 17 4 0 60 0 34 28 0 0 0 22 0 59 0 0 38 63 18 0 0 0 9 55 20 11 6 0
60 48 34 28 0 0 58 22 44 59 24 0 38 0 18 0 16 39 9 55 20 0 6 23 8 57 37 0 19 0 21 30 14 0 53 41 0 13 43 26 3 33 46 42 5 0 36 1 29 0 32 49 25 51 50 0 61 64 0 62 15 17 4 45
3 33 0 0 0 0 36 1 29 0 0 49 25 51 50 27 61 0 0 62 0 0 4 45 60 0 34 28 10 0 58 22 0 59 0 54 38 63 0 0 16 0 9 55 0 11 6 23 0 0 0 2 19 47 21 30 14 7 53 41 31 13 43 0
0 0 9 55 20 11 6 23 8 57 37 0 19 47 21 0 0 7 53 41 31 13 43 0 0 0 0 0 0 35 36 0 0 52 0 49 25 51 0 27 0 64 12 62 15 17 0 45 60 0 34 28 0 56 58 22 44 59 0 0 38 63 18 40
61 64 12 0 0 17 4 0 60 48 34 28 10 0 58 22 44 59 24 54 38 63 0 40 0 39 0 55 20 11 6 23 8 57 37 0 19 47 21 30 0 7 0 0 0 13 43 26 0 33 46 0 5 35 36 1 29 52 32 49 0 51 50 27
14 7 0 41 31 13 43 26 0 0 46 42 5 0 36 1 29 52 32 49 25 51 0 27 0 64 12 62 0 17 0 45 60 48 34 28 0 56 58 22 44 59 24 54 38 63 18 40 16 39 9 55 0 11 0 23 0 57 0 2 19 0 0 30
40 44 59 24 0 38 63 18 23 16 39 0 0 20 0 0 30 0 57 37 2 19 47 21 26 14 0 0 41 31 13 43 1 0 0 46 42 5 0 36 27 29 52 32 49 0 0 0 45 0 64 12 62 15 17 0 22 0 0 0 28 0 56 58
27 29 52 32 49 0 51 0 45 61 0 0 0 15 17 4 0 60 48 0 28 10 0 58 0 44 59 24 0 0 0 18 23 16 0 0 0 0 11 6 30 8 57 0 2 19 47 21 26 14 7 0 41 0 13 43 1 3 33 46 42 5 35 0
30 0 57 37 0 19 47 0 0 0 7 0 41 31 13 0 0 0 33 0 42 0 35 0 27 29 52 32 49 25 0 50 0 61 64 0 62 15 17 4 22 60 48 34 28 0 56 58 40 0 59 24 54 0 63 0 0 0 0 0 0 0 11 6
0 60 48 34 0 0 56 58 0 44 59 24 54 38 63 18 23 16 39 9 55 20 11 6 30 8 57 0 0 0 47 21 26 14 7 53 0 31 0 0 1 3 33 0 42 0 0 36 0 29 52 32 49 25 51 0 45 0 64 12 62 15 17 4
1 3 33 46 42 5 35 36 27 29 0 32 49 25 51 50 0 61 64 0 62 15 0 4 0 60 48 34 28 10 0 58 0 44 59 0 54 38 0 18 0 0 0 9 55 20 11 0 30 8 57 37 0 19 0 0 26 14 7 53 41 0 13 43
0 0 39 9 0 20 11 6 30 8 0 0 0 0 0 21 26 14 7 53 0 31 13 43 0 0 33 46 42 0 35 0 27 29 52 32 49 25 51 0 0 61 0 12 62 0 0 0 0 0 48 34 0 0 0 58 40 0 0 24 0 38 63 18
45 61 0 12 62 0 17 4 0 60 0 34 0 10 56 58 40 44 0 24 54 0 63 18 0 16 39 9 0 20 11 6 30 8 57 0 2 19 0 21 26 0 0 0 0 31 13 0 1 3 0 0 42 5 35 0 27 29 0 32 0 25 0 50
0 14 0 0 41 0 13 0 0 3 33 46 42 5 35 36 27 29 52 32 0 25 0 50 45 61 0 12 0 0 0 4 0 0 48 0 28 10 56 58 40 0 59 24 54 38 0 18 23 16 39 9 55 0 0 6 30 8 57 37 2 19 47 21
18 0 44 0 0 54 38 0 6 0 0 0 0 55 20 11 21 30 0 57 0 2 19 47 43 26 14 7 53 41 31 13 36 1 0 33 46 42 0 35 50 0 29 52 32 0 25 51 4 45 0 64 0 62 15 17 0 0 0 48 0 28 10 56
50 27 29 52 32 49 0 0 4 45 0 64 0 62 15 17 58 22 60 48 34 28 10 56 18 0 44 59 24 0 38 0 0 0 16 39 9 0 20 0 21 0 0 0 37 0 19 47 43 26 0 7 53 41 31 13 36 0 3 33 46 0 0 35
21 30 0 57 37 2 19 0 43 26 0 7 53 41 0 13 36 1 3 33 0 42 5 35 50 27 0 52 32 49 25 0 4 0 0 64 0 62 15 0 58 0 60 48 34 28 0 56 0 40 0 59 24 0 38 63 0 23 16 39 9 55 20 0
58 22 60 0 0 28 10 56 18 0 0 0 0 0 38 63 6 0 16 39 9 55 0 11 0 30 8 57 37 0 19 47 43 26 14 7 53 41 31 13 36 1 3 0 46 42 5 35 50 27 29 52 32 49 25 0 4 45 61 64 12 62 15 17
0 1 0 0 0 0 5 35 0 0 29 52 32 49 25 0 0 45 61 64 0 62 15 0 0 22 60 48 34 0 10 56 18 40 44 59 24 0 38 63 0 23 16 39 9 55 20 0 21 30 8 57 37 0 19 0 43 0 14 7 0 41 0 0
6 23 0 39 9 0 20 11 0 30 8 57 37 2 19 47 43 26 14 0 53 41 31 0 36 0 0 0 0 42 5 35 50 0 29 52 0 49 0 51 4 45 61 64 0 62 15 17 0 22 60 0 34 0 0 0 18 40 0 0 24 54 38 63
4 45 61 0 0 62 15 17 0 22 0 48 34 0 10 0 18 40 44 59 24 54 0 0 0 0 0 0 9 55 20 11 21 30 8 57 0 2 19 47 43 26 14 0 0 41 31 0 36 0 3 0 46 0 0 35 0 0 0 0 32 49 25 51
0 26 14 7 53 41 31 13 36 1 0 33 46 0 5 35 50 27 29 52 32 0 25 51 4 45 0 64 12 62 15 0 58 22 60 48 34 28 10 56 18 0 0 59 0 54 38 0 6 23 16 0 9 55 20 11 21 30 0 0 37 2 19 47
63 18 40 0 59 24 54 38 11 6 23 16 39 0 55 20 47 21 30 0 57 37 2 19 13 43 26 0 0 0 41 31 35 0 1 3 33 0 42 5 0 50 27 29 52 0 49 25 17 0 45 61 0 12 62 15 56 58 22 60 48 34 28 10
0 50 27 0 52 0 49 0 17 0 0 61 64 12 62 0 0 58 0 60 48 0 28 0 0 18 0 44 59 0 0 38 11 6 23 0 0 0 55 20 47 0 30 8 57 37 2 19 13 43 26 14 7 53 41 0 0 0 1 0 33 46 42 0
0 21 0 0 57 0 0 0 13 43 26 0 7 53 0 31 0 0 1 0 33 46 0 0 0 0 27 0 0 32 0 25 0 4 45 61 0 0 0 0 0 58 0 0 48 34 28 10 63 18 40 0 59 0 54 38 11 0 23 16 39 9 0 20
56 0 0 0 48 34 0 10 63 18 40 44 59 24 0 38 11 6 23 0 0 9 55 20 0 21 30 0 0 37 0 19 13 43 26 0 0 53 41 0 35 0 1 3 0 46 0 5 0 50 27 0 52 32 49 25 0 4 0 61 64 12 62 15
35 0 1 3 0 46 0 0 51 50 0 29 52 32 0 25 17 4 45 0 64 12 62 0 56 58 22 60 48 34 0 10 63 18 40 44 59 0 54 0 11 0 0 0 0 9 55 20 0 21 30 8 57 37 2 19 13 0 0 14 7 53 41 0
11 0 23 16 0 9 0 20 47 0 0 8 57 0 2 19 13 0 0 14 0 0 41 31 0 36 1 3 0 0 42 0 51 50 27 29 0 32 0 0 17 4 45 61 0 12 62 15 0 0 0 0 48 34 28 10 63 18 0 0 59 24 54 0
0 4 0 61 64 12 62 15 56 0 22 60 48 0 0 10 63 18 40 44 0 24 54 0 11 0 23 0 39 9 55 0 47 0 0 8 57 37 2 0 13 43 26 0 0 53 0 31 35 36 1 3 0 46 42 5 51 50 27 29 0 32 49 0
13 43 0 14 7 53 41 31 35 36 1 3 33 0 42 5 51 50 27 29 0 0 49 0 17 4 45 61 0 12 62 0 56 0 22 60 0 0 28 10 0 18 40 0 59 0 54 38 11 0 23 16 0 9 0 0 0 21 30 0 57 0 2 19
38 63 18 40 44 59 24 54 0 0 0 23 16 39 0 55 19 47 21 30 0 57 37 2 31 13 0 26 14 7 53 41 5 35 36 0 3 33 46 0 0 0 0 27 0 52 32 49 15 17 0 45 61 64 12 62 10 0 58 22 60 48 34 28
25 0 50 27 0 52 32 49 15 17 0 45 61 64 12 0 10 56 0 22 0 0 34 28 38 63 18 40 0 59 0 0 20 11 6 23 16 0 9 55 19 47 21 0 8 57 37 2 31 13 43 0 0 7 53 41 5 35 0 0 0 0 46 42
19 47 21 30 0 0 37 2 31 0 43 26 0 7 53 0 0 35 36 0 3 0 0 42 25 0 50 27 0 52 0 49 15 17 4 0 0 64 12 62 0 0 58 22 60 48 34 28 0 63 0 0 44 59 0 54 20 0 6 23 0 39 9 55
10 56 58 0 60 0 34 28 38 0 18 40 44 59 0 54 0 11 6 0 16 39 0 55 19 47 21 30 8 0 0 2 0 13 43 26 14 7 53 41 5 35 36 0 3 33 0 42 0 51 0 27 0 52 32 49 0 0 4 0 61 0 12 62
0 35 36 0 3 33 0 0 25 51 50 27 29 52 32 49 15 17 4 45 61 64 0 62 0 56 58 0 60 48 34 0 38 63 18 40 44 59 24 0 20 11 6 23 16 39 9 0 0 0 21 0 8 0 0 2 31 13 43 0 0 0 53 41
20 0 0 23 16 39 9 55 19 47 0 30 8 57 0 0 31 13 43 26 0 0 0 41 5 35 36 1 0 33 0 42 25 51 0 0 0 0 32 49 15 17 4 45 61 0 0 0 0 56 58 22 60 48 34 28 38 63 0 0 44 0 0 54
15 0 4 45 0 0 0 62 10 56 58 22 0 48 34 0 38 63 18 40 44 0 24 0 20 11 6 23 16 0 9 55 19 47 21 0 8 57 37 2 31 13 43 26 0 7 53 41 5 35 36 1 0 33 46 42 25 51 0 27 0 52 32 49
0 13 0 26 0 0 53 0 0 0 0 1 3 33 46 42 25 51 50 27 0 52 0 0 15 0 0 0 0 64 0 62 10 0 58 22 60 48 34 0 0 63 18 40 44 59 24 54 20 11 6 23 0 0 9 55 19 47 21 30 8 57 37 2
