6
15 27 23 6 30 26 4 22 0 0 13 34 0 14 0 33 18 9 12 2 32 36 25 29 0 17 0 0 20 0 21 35 31 0 8 10
31 24 4 2 12 36 0 27 0 0 20 33 0 28 8 34 25 10 19 9 0 0 0 17 0 29 0 0 0 22 23 0 5 0 0 3
0 0 7 3 18 16 32 35 31 28 12 0 0 27 0 6 0 0 0 0 21 24 0 34 0 0 0 0 0 9 4 0 25 36 1 29
1 35 32 29 0 10 0 0 0 6 0 9 31 22 0 24 0 0 0 0 15 14 20 0 13 34 0 28 25 36 19 0 7 17 0 0
20 14 0 0 11 9 8 0 25 0 21 29 7 0 15 3 30 0 0 35 0 28 0 10 18 0 5 0 0 26 0 22 12 0 32 0
0 0 8 0 25 22 0 0 0 0 0 17 1 29 32 36 21 35 0 26 0 27 11 6 0 2 4 0 12 10 18 33 15 14 20 9
0 0 0 20 3 18 28 8 22 0 0 0 33 7 26 30 0 19 29 0 0 21 0 0 27 5 9 0 0 0 36 0 35 12 0 31
0 0 28 0 0 1 27 0 0 20 26 0 22 21 24 32 0 0 14 7 0 0 0 0 0 4 0 0 0 12 17 23 3 11 16 0
17 5 9 11 0 0 0 0 36 12 34 31 0 15 27 0 14 0 22 8 35 25 10 13 0 0 3 30 0 19 0 32 0 21 28 1
0 0 36 0 29 0 17 0 3 0 16 0 35 0 28 0 10 12 27 0 6 0 26 11 22 32 0 0 34 0 14 18 0 5 9 7
33 0 14 0 0 0 24 0 0 21 35 0 0 5 6 0 0 0 36 4 28 0 2 0 16 15 0 20 26 0 0 8 34 25 29 13
22 32 0 0 34 21 14 11 33 18 0 0 0 31 0 8 0 4 0 23 3 30 0 5 0 25 28 0 0 0 0 19 0 0 26 0
0 6 15 26 23 0 0 0 0 34 0 22 11 33 5 0 7 14 21 0 0 29 13 2 0 3 0 16 0 17 0 28 4 0 0 35
0 36 12 28 0 0 15 9 0 0 18 0 8 0 25 0 0 22 0 27 0 33 19 16 32 10 21 29 1 34 5 6 0 3 23 17
0 3 0 16 7 17 0 28 0 10 1 35 23 0 18 0 19 27 0 24 4 0 0 0 15 33 30 0 5 14 25 0 0 29 21 0
0 0 21 10 1 0 0 6 11 33 23 0 4 36 0 0 31 29 15 17 0 0 18 14 0 24 0 2 13 35 7 0 30 26 0 16
0 0 0 0 5 14 31 36 21 29 4 0 30 0 20 16 0 17 25 0 8 10 0 0 0 6 0 0 11 27 32 0 1 34 0 0
8 0 0 24 13 29 0 0 30 27 0 0 32 0 21 10 1 34 5 0 11 26 23 3 4 0 12 22 31 0 0 9 0 0 18 14
14 0 16 0 0 0 0 0 0 0 36 8 27 30 17 0 6 0 28 21 0 1 0 32 9 0 26 0 3 5 2 12 0 31 34 4
0 13 10 0 35 0 0 0 0 0 27 20 24 0 34 0 0 21 33 5 0 19 0 30 0 8 0 0 2 25 3 15 16 0 17 0
0 11 3 23 6 0 34 0 29 31 28 4 14 20 0 18 26 15 10 25 2 13 36 8 17 0 0 0 27 0 0 0 24 0 22 32
0 21 29 1 2 12 0 5 16 0 0 23 0 8 10 31 0 25 0 0 26 0 27 20 0 0 34 32 0 0 33 30 0 0 14 11
0 30 0 19 0 7 35 21 2 1 0 32 9 0 33 23 3 0 24 12 34 0 0 0 0 20 16 0 0 15 29 25 0 0 0 0
24 25 34 0 22 0 33 7 9 15 0 0 36 12 0 13 0 32 3 18 0 11 17 0 28 21 10 1 35 31 6 5 26 20 0 19
18 26 0 27 15 6 13 0 0 22 25 24 0 0 0 14 5 0 0 0 0 2 31 36 23 0 0 0 7 0 0 0 0 35 4 28
0 34 0 35 4 2 0 0 18 0 15 6 25 10 13 0 8 28 0 0 0 0 7 27 0 22 1 36 32 0 11 0 23 0 5 26
0 0 30 17 20 0 0 10 4 0 0 0 0 26 23 27 11 0 0 34 25 22 0 24 0 0 0 14 19 33 31 29 13 0 0 36
21 29 1 36 32 28 11 0 0 3 5 0 0 34 31 22 0 24 20 16 18 17 0 0 25 35 13 10 8 2 30 0 19 9 7 6
0 9 5 0 0 33 21 29 0 2 31 0 18 16 0 0 20 3 8 0 13 0 4 28 11 26 15 27 30 6 0 0 32 22 25 0
0 10 13 22 8 24 0 16 0 17 7 26 21 2 0 35 32 36 11 14 23 6 5 9 0 0 0 34 4 0 0 3 18 27 15 0
6 0 33 0 0 20 2 13 0 8 0 0 0 19 0 0 27 0 34 0 22 32 28 21 0 23 14 5 0 0 0 0 36 4 0 12
10 12 35 13 28 0 0 23 0 5 6 0 0 4 22 0 24 1 9 30 14 20 33 0 29 31 0 8 36 21 0 7 17 0 0 15
3 0 17 0 0 11 0 31 34 4 0 12 6 18 14 15 33 20 35 0 36 8 0 0 26 19 0 7 0 30 0 1 0 32 2 0
29 4 2 0 36 0 16 0 0 0 3 15 10 13 0 12 0 31 26 19 0 5 6 0 0 0 0 25 0 32 9 0 14 0 33 18
27 19 0 7 14 30 0 1 28 0 0 21 0 23 3 0 16 11 2 0 0 4 29 0 0 18 6 0 0 0 0 13 0 0 35 25
34 1 0 31 24 25 9 0 0 7 0 18 29 32 2 0 36 8 0 0 0 23 3 15 10 0 35 4 0 0 26 20 27 0 6 5
