8
0 29 25 52 17 15 0 5 0 0 31 36 0 22 18 28 42 41 19 45 14 33 54 61 0 62 58 6 27 30 0 0 46 0 0 9 0 0 32 0 47 0 11 48 64 0 57 0 8 1 0 0 20 50 0 21 0 37 51 35 39 0 63 0
0 0 51 35 0 16 63 38 0 29 25 0 17 15 56 0 34 3 31 36 26 22 18 0 42 41 19 45 14 0 54 61 23 62 58 6 27 0 0 4 46 55 24 0 0 2 32 0 47 0 11 0 64 59 57 0 0 0 53 10 20 50 13 21
8 1 53 0 20 50 13 21 0 37 51 35 39 0 63 38 60 29 25 52 0 15 56 5 34 0 31 36 26 0 18 0 0 41 19 45 0 33 54 61 23 0 0 6 0 30 44 0 0 55 0 0 49 0 0 40 0 0 11 48 64 59 57 0
47 12 11 48 64 0 57 7 8 0 53 10 20 50 13 21 0 37 0 35 39 16 63 0 60 29 25 52 17 15 56 5 34 0 31 36 26 22 0 28 0 0 0 45 0 33 54 61 23 62 58 6 27 30 44 0 46 55 24 9 49 2 32 0
0 0 24 9 49 2 32 0 0 12 0 48 0 59 57 0 8 0 53 10 20 50 13 0 0 37 51 0 39 16 0 38 60 29 25 52 0 0 56 5 0 0 0 0 26 0 0 0 0 0 19 45 14 33 54 61 23 62 58 6 0 0 0 0
23 62 0 6 27 30 44 4 46 55 0 9 0 0 32 40 0 12 11 48 64 59 0 7 0 0 53 10 20 50 13 21 43 37 0 35 39 16 0 0 60 29 25 52 17 15 56 0 0 3 31 36 26 22 0 0 42 41 19 45 14 33 54 61
42 0 19 45 14 0 54 0 23 62 58 6 27 30 0 4 46 55 0 9 49 2 32 40 47 12 11 48 64 59 57 7 8 0 0 0 20 0 13 21 0 37 0 35 0 16 0 0 0 29 25 52 0 15 56 5 34 3 0 36 26 0 18 28
34 3 0 36 26 0 18 0 0 0 19 45 0 33 0 0 23 62 58 0 0 0 0 4 46 0 24 0 49 0 32 0 0 12 11 0 64 0 57 7 0 1 53 10 20 50 13 0 0 37 51 35 0 0 63 38 60 0 25 52 17 15 56 0
0 17 0 56 0 60 0 25 36 26 22 0 28 0 3 31 0 0 33 54 0 42 0 19 6 27 30 0 4 23 62 0 0 0 2 32 0 0 55 0 48 64 59 57 0 47 12 0 0 20 50 13 21 8 1 0 35 39 16 63 38 43 0 51
35 39 0 63 38 0 37 51 52 0 15 0 5 60 29 25 36 0 22 0 28 34 3 31 0 14 33 54 61 0 41 19 0 27 30 44 4 23 0 58 9 49 2 32 0 46 55 24 0 64 0 57 0 47 0 11 10 20 50 13 21 0 1 53
10 20 50 0 21 8 1 53 0 39 16 0 38 0 37 0 52 17 15 56 5 60 29 25 0 26 0 18 0 34 3 31 45 14 33 54 61 0 41 19 6 0 0 0 4 0 62 58 9 49 2 32 40 46 55 24 48 64 59 57 7 47 12 11
48 64 59 57 7 47 0 11 0 20 0 13 21 8 1 53 0 39 16 63 38 43 0 0 52 17 15 56 5 0 29 0 36 0 22 18 28 34 0 31 0 0 33 0 61 42 41 0 0 27 30 44 4 0 0 58 0 49 2 32 0 0 55 24
9 49 2 0 40 46 55 0 0 64 59 0 7 47 12 11 10 20 0 13 21 8 1 53 35 0 16 63 38 43 37 51 52 17 0 0 5 0 29 25 36 26 22 18 28 0 3 31 45 0 33 0 61 0 41 19 6 0 30 44 4 23 0 58
6 27 0 0 4 23 0 0 9 49 2 32 40 46 55 24 0 0 59 57 7 47 0 11 10 20 0 13 21 8 1 53 35 39 16 63 38 43 37 51 0 17 15 0 0 60 29 25 36 0 22 0 28 34 3 31 45 14 33 0 61 42 41 19
0 14 0 54 61 0 0 0 0 27 30 44 0 23 0 58 9 49 0 32 40 0 0 0 48 64 59 57 0 47 0 0 10 0 50 13 21 0 1 0 0 39 16 63 0 0 37 51 52 17 0 56 5 60 29 25 0 26 22 18 28 34 3 31
0 26 22 0 28 0 3 31 0 14 0 54 61 42 41 19 6 27 0 0 0 23 62 58 9 0 2 32 0 46 0 0 0 64 59 57 7 0 0 11 10 20 0 0 21 0 1 53 35 0 16 0 38 0 37 0 52 17 15 56 5 0 29 0
0 5 60 29 25 0 0 0 18 28 34 3 31 36 0 22 0 61 42 41 0 0 14 0 44 0 0 62 58 6 0 30 32 0 46 0 0 9 49 2 57 7 47 12 11 0 64 0 13 0 8 1 0 10 20 50 63 38 0 37 0 35 39 16
63 38 0 37 51 0 39 0 56 5 60 29 0 0 0 15 18 0 34 3 31 36 0 22 0 61 42 0 19 45 0 33 0 0 23 0 58 6 0 30 32 40 0 55 24 9 0 0 0 7 0 12 11 48 64 0 13 21 8 0 53 10 20 0
13 21 0 1 53 10 0 50 63 0 0 37 51 35 39 0 56 5 0 0 25 0 17 15 18 0 34 0 0 36 0 0 54 61 42 41 19 45 14 33 44 4 0 0 58 6 27 30 0 0 0 55 0 0 0 2 0 7 0 12 11 0 64 59
0 7 47 0 11 0 64 59 0 0 8 1 0 10 20 0 63 38 43 37 51 35 0 16 0 5 0 0 25 0 17 15 18 28 0 3 31 36 26 0 0 61 0 0 0 45 14 33 44 4 0 0 58 6 27 30 32 40 0 55 24 9 0 2
32 0 46 0 0 9 49 2 0 0 47 12 11 0 64 59 13 21 0 1 53 0 20 0 63 0 43 37 51 0 39 16 0 0 0 29 0 0 0 0 0 28 34 3 31 36 26 22 54 0 42 0 19 0 14 33 44 0 0 62 58 6 27 30
0 4 23 0 58 6 0 30 0 40 0 55 24 0 49 2 57 7 47 12 11 48 64 0 13 21 8 0 53 10 0 50 63 0 43 37 51 0 39 0 0 0 60 29 25 0 0 15 18 28 34 3 31 36 0 0 54 0 42 41 19 45 14 33
54 61 42 41 19 45 0 33 0 4 23 62 58 0 27 0 32 0 0 0 24 0 49 2 0 7 47 0 11 48 64 0 0 0 8 0 53 10 0 0 63 38 43 0 51 35 39 0 0 5 60 29 0 52 0 15 18 28 34 0 0 36 0 22
0 0 0 3 31 0 26 22 54 0 42 41 19 45 14 0 44 4 0 0 58 6 27 30 0 0 46 55 24 9 49 2 57 7 47 12 11 48 64 59 13 0 0 1 53 0 20 50 63 38 43 0 0 0 39 0 56 0 60 29 25 0 17 0
29 0 52 17 0 56 5 0 0 31 36 26 22 18 0 34 41 0 0 0 33 54 61 0 0 58 6 27 30 0 4 23 55 24 9 49 2 0 0 46 12 11 0 64 59 57 0 47 1 53 0 0 50 13 0 8 0 51 35 0 16 0 0 0
37 51 35 0 16 0 38 0 0 0 52 17 15 0 5 60 3 31 0 0 22 18 28 0 41 19 0 0 33 54 61 0 62 58 6 0 30 44 4 23 55 0 9 49 2 32 40 0 12 0 48 64 59 0 0 47 1 53 10 0 0 13 0 8
1 53 10 0 50 13 21 0 37 51 0 39 0 63 38 43 0 25 0 0 15 0 0 60 0 31 36 26 22 0 0 34 0 0 45 14 0 54 61 42 62 58 6 27 30 44 0 23 55 0 0 0 2 0 40 46 12 0 0 64 0 57 7 47
0 0 0 0 59 57 7 47 0 53 10 20 0 13 0 8 37 0 35 39 16 63 38 0 29 25 52 17 15 56 5 0 3 31 36 0 22 18 0 34 41 0 45 14 33 54 61 42 62 0 6 0 30 44 4 23 55 0 0 49 2 32 40 46
0 24 9 49 2 32 40 46 0 11 48 64 59 57 7 47 1 53 10 20 50 0 0 0 37 0 35 39 0 63 38 43 29 0 52 17 15 56 0 60 0 31 0 26 22 0 28 34 0 0 45 0 33 54 61 42 62 58 0 0 30 0 0 23
62 58 6 27 30 44 4 23 55 0 9 0 2 32 0 46 0 11 48 64 59 57 7 47 0 0 10 20 50 13 21 8 37 51 35 39 16 0 38 0 29 25 0 17 0 0 5 0 3 0 0 26 0 0 28 34 41 19 45 0 33 54 0 42
0 0 0 14 33 54 0 42 62 58 6 27 30 0 4 23 55 0 9 49 2 32 40 0 0 11 0 0 59 57 7 47 0 53 0 0 50 13 21 8 0 51 0 39 0 63 0 43 29 25 0 0 15 56 0 60 3 31 36 26 0 18 28 0
3 31 0 0 0 18 28 34 0 19 45 14 33 54 0 0 0 58 6 0 30 44 4 23 55 24 9 49 2 32 40 46 12 11 0 64 0 0 7 0 0 53 0 0 0 13 21 8 37 0 35 39 16 63 0 43 29 25 52 0 0 56 0 60
17 15 56 5 60 29 25 52 26 0 0 28 34 3 31 36 0 0 54 0 42 0 19 0 27 30 44 4 23 62 0 6 49 2 32 0 0 55 0 9 64 59 57 0 47 12 11 48 20 0 13 21 8 0 53 10 39 16 0 38 0 0 51 35
39 16 0 38 43 37 51 35 17 0 0 5 0 0 25 52 0 22 18 28 0 0 31 36 14 33 54 0 42 41 19 45 0 0 44 4 0 62 58 6 0 2 32 0 46 55 24 9 64 59 57 7 47 12 11 0 0 50 13 0 8 0 53 10
20 50 0 21 0 1 53 10 39 16 63 38 0 37 0 35 0 15 56 0 60 0 25 0 26 22 18 0 34 3 31 0 14 33 54 61 0 0 0 45 0 0 44 0 23 62 58 6 49 0 32 0 46 55 24 9 64 59 0 0 47 12 0 0
0 59 57 7 47 0 11 0 20 50 0 21 8 0 0 0 39 0 63 38 43 37 51 35 0 15 56 5 60 29 25 0 0 0 0 0 34 0 31 0 14 0 0 61 0 41 0 45 0 0 44 4 23 62 58 6 49 0 0 40 0 0 0 9
0 2 0 40 46 0 24 9 64 0 57 7 47 0 11 48 20 0 0 21 8 0 53 0 0 16 63 0 43 0 0 35 0 15 56 5 60 0 0 52 0 22 0 28 34 3 31 0 14 33 54 61 42 41 19 0 27 0 44 0 23 62 58 6
27 30 44 0 23 62 58 0 49 0 0 40 46 0 0 0 64 59 57 0 47 0 11 48 20 50 0 21 8 1 0 10 39 0 63 38 43 37 51 0 0 0 56 0 60 29 25 52 0 0 18 28 0 3 0 0 14 33 54 61 0 41 19 45
0 0 0 0 42 41 0 0 27 30 0 4 23 62 58 6 0 2 32 40 46 0 24 9 0 0 57 0 47 12 0 0 20 0 13 21 8 1 53 10 39 0 63 38 0 37 51 0 0 15 56 0 60 0 0 0 26 22 0 28 0 3 0 36
0 0 18 28 0 3 31 36 14 0 54 0 42 0 19 45 27 30 44 4 23 62 58 6 49 2 32 40 46 55 24 0 64 59 57 7 0 12 11 0 0 50 13 21 0 1 53 0 0 16 63 38 43 37 0 35 17 15 56 5 0 29 0 52
5 0 29 25 52 17 0 56 28 34 0 31 36 0 22 18 61 42 41 0 45 0 0 0 4 0 0 58 0 0 30 44 40 46 0 24 9 49 2 32 7 0 12 11 48 64 0 57 0 0 0 53 0 20 50 13 0 43 0 51 35 0 0 63
38 43 37 51 35 0 16 63 5 60 29 0 52 17 0 0 0 34 3 0 36 26 0 18 0 42 41 19 45 14 33 0 4 23 0 58 6 27 0 44 40 46 55 24 9 49 2 32 0 0 12 11 48 64 0 57 21 0 0 53 10 20 50 13
21 0 1 53 0 20 50 13 0 43 37 51 0 39 16 63 5 60 0 25 52 17 15 56 28 34 3 31 0 26 22 0 0 0 41 0 45 0 33 0 4 0 0 0 6 27 0 0 40 46 55 0 9 49 0 32 7 0 12 0 48 64 0 57
7 47 12 0 0 64 59 57 21 0 1 53 10 0 50 13 0 43 0 0 35 39 16 63 0 0 29 0 52 0 15 56 28 34 3 31 0 26 0 0 61 42 0 0 45 14 33 54 4 23 62 0 6 0 30 44 40 46 55 24 9 49 0 32
40 46 0 24 9 0 2 0 0 47 12 0 48 64 0 0 21 8 0 53 10 0 50 13 38 0 37 0 35 39 16 0 5 0 29 25 0 17 15 56 28 34 3 31 36 26 22 18 61 0 0 0 45 14 0 54 0 23 0 58 0 0 0 44
0 23 62 58 6 0 0 44 0 0 55 24 0 49 2 32 7 47 12 11 0 64 0 57 0 0 1 0 10 20 50 13 38 43 37 0 0 0 16 63 5 60 0 25 52 0 15 0 28 0 3 31 0 26 22 0 0 42 0 19 0 14 0 54
0 42 41 19 45 14 33 54 4 23 62 58 0 27 0 44 40 46 55 24 9 0 2 0 0 0 12 11 48 0 59 57 21 0 1 53 10 20 50 0 38 0 37 51 35 39 16 63 5 0 29 25 52 0 15 0 0 34 3 0 0 26 22 18
0 0 3 31 0 26 22 18 0 42 41 19 45 14 33 54 4 23 62 58 6 0 30 44 40 46 55 24 9 0 2 0 7 47 0 0 48 0 59 0 21 8 1 0 10 20 50 13 38 43 37 51 35 39 16 63 5 0 0 25 0 17 15 0
0 52 0 15 56 5 60 0 31 36 26 0 18 28 0 3 19 45 14 33 0 61 42 41 58 6 27 0 44 4 23 62 24 0 49 2 32 0 46 55 11 48 64 59 57 7 0 12 53 10 20 50 13 21 8 1 51 35 0 16 63 38 0 37
51 0 39 0 63 38 43 37 25 0 17 15 56 5 60 29 0 36 0 22 0 28 34 3 0 45 0 33 54 61 0 41 58 0 27 0 0 4 23 62 24 9 49 0 32 40 46 0 11 48 64 0 57 7 47 12 53 10 20 0 13 0 8 1
53 10 0 0 13 21 8 1 51 35 0 0 63 0 43 0 25 0 17 0 56 5 60 0 31 36 26 22 18 28 34 3 19 0 14 33 0 61 0 0 58 0 27 0 0 4 23 0 24 0 49 0 32 40 46 0 11 48 64 59 0 7 0 0
11 48 64 59 57 0 0 0 53 0 20 0 0 0 8 0 0 0 39 16 63 0 43 0 25 52 0 15 56 5 60 29 31 36 0 22 0 28 0 3 19 45 0 33 54 61 42 41 58 0 27 30 44 4 0 62 24 9 49 2 32 40 0 55
24 9 49 2 32 0 46 0 11 48 0 0 0 7 47 12 0 10 20 50 13 21 8 0 51 35 0 0 0 38 0 37 25 52 17 15 56 0 0 29 31 36 26 0 18 28 0 3 0 45 14 33 0 61 0 41 58 0 27 30 0 0 0 62
58 6 27 30 44 4 0 62 0 9 49 2 0 0 0 0 0 48 64 59 57 0 0 12 0 10 20 50 13 21 8 1 51 35 0 0 63 38 0 0 0 52 17 15 0 0 0 29 31 0 0 0 18 0 34 3 19 0 14 33 0 61 42 41
19 0 14 33 0 61 0 0 0 0 27 30 44 4 0 62 0 0 49 2 32 40 0 0 11 48 0 59 0 7 47 12 53 10 0 0 0 0 0 1 51 35 0 0 63 38 43 37 25 52 0 15 56 5 0 29 31 36 26 22 18 28 34 0
31 36 26 22 18 28 34 0 19 45 14 33 54 61 0 0 58 6 0 30 44 4 23 62 24 9 49 2 32 40 46 55 11 48 0 0 57 7 0 12 0 0 20 50 0 21 8 1 51 0 39 16 0 38 43 37 25 0 17 15 56 5 60 0
15 0 0 0 29 25 0 17 22 18 0 34 0 31 36 0 0 54 0 42 41 19 0 14 0 44 0 23 62 0 0 0 2 32 0 46 55 24 9 0 59 57 7 47 12 0 48 64 50 13 21 8 1 0 10 20 0 0 0 43 37 0 0 39
16 63 38 43 0 51 35 39 15 0 0 0 29 25 52 0 0 0 0 34 3 31 0 26 33 54 61 42 41 19 0 14 30 44 4 0 62 58 6 27 0 0 0 0 55 0 9 49 59 57 7 47 12 11 48 64 50 13 0 0 0 53 10 20
50 0 21 0 0 53 0 20 16 0 38 0 37 51 35 0 15 0 0 60 29 25 52 17 0 18 28 34 3 31 36 26 33 54 61 0 41 19 45 14 30 44 4 0 0 58 6 0 0 32 0 46 55 0 0 49 59 57 7 47 12 11 48 0
59 57 7 47 12 11 48 64 50 0 21 8 1 53 10 20 0 0 38 43 0 51 0 39 15 0 0 60 29 0 0 17 22 18 28 34 3 31 0 26 33 54 0 42 0 19 0 14 0 44 4 23 0 0 6 27 0 0 40 0 55 0 9 49
0 0 40 46 55 24 0 0 0 0 7 47 12 11 48 0 50 13 0 8 1 0 10 20 16 0 38 0 0 0 0 39 0 0 5 60 29 25 52 17 0 18 0 34 0 31 36 0 0 54 61 42 0 0 0 14 0 44 4 23 0 58 6 27
30 0 0 23 0 58 6 27 2 0 40 46 55 0 0 49 59 57 7 47 12 11 48 0 50 0 0 8 0 53 10 20 16 0 38 0 37 51 35 39 15 56 0 60 29 0 52 17 0 18 28 34 3 31 0 0 33 54 61 0 41 19 0 14
33 54 0 42 41 19 45 14 30 0 4 23 0 58 0 0 0 32 40 46 0 24 9 49 59 57 0 47 12 11 0 64 50 13 21 8 1 53 10 20 16 63 0 0 37 51 35 39 15 56 5 60 29 25 0 0 22 0 28 34 3 0 0 26
22 0 28 0 3 31 36 0 0 54 61 42 0 19 0 14 0 0 0 0 62 0 6 0 0 32 0 46 55 24 9 49 59 57 7 47 12 11 48 64 50 13 21 8 1 53 10 20 16 63 38 43 0 0 35 39 15 56 5 0 0 25 52 17
