7
48 12 0 11 0 29 0 9 23 8 19 0 6 24 0 0 32 3 0 37 47 0 0 20 0 34 16 40 38 7 1 0 0 13 22 45 0 39 44 0 0 0 42 0 28 31 41 0 0
42 0 28 31 0 43 0 0 0 0 0 0 29 46 0 23 0 19 0 0 0 0 33 0 0 15 37 47 10 30 20 0 34 16 0 0 7 1 2 0 13 22 45 4 0 0 27 36 35
45 4 0 44 27 0 35 42 0 0 31 0 43 21 48 12 17 0 26 29 0 9 0 8 19 0 6 0 49 33 32 3 15 37 47 0 30 20 14 34 0 40 0 7 0 0 25 0 22
38 7 1 2 25 0 0 45 0 39 0 27 36 35 0 18 0 31 0 0 0 48 0 0 0 0 29 46 9 23 8 19 5 6 24 49 33 32 3 15 37 47 10 30 20 14 0 16 0
10 30 0 0 34 16 40 0 7 0 2 0 0 0 0 4 39 0 27 36 35 42 0 28 31 41 43 21 48 12 17 11 0 0 46 9 0 8 19 5 0 24 49 0 32 3 15 0 47
0 33 0 3 0 37 0 10 30 20 0 34 16 40 38 7 1 0 0 13 0 0 0 0 0 27 36 35 0 18 28 31 41 43 0 0 0 0 0 26 29 46 9 23 8 19 0 0 24
9 0 8 0 5 6 24 49 33 32 3 0 37 47 10 30 20 14 34 0 40 38 0 1 2 25 0 22 0 4 39 44 0 0 35 42 18 28 31 41 43 21 0 0 17 11 0 0 46
12 0 11 26 29 46 0 0 0 19 5 0 24 9 33 0 3 15 0 0 49 0 0 0 34 16 0 10 7 1 0 0 0 22 38 0 0 44 27 0 0 45 18 28 0 0 0 21 0
18 28 0 0 0 21 42 0 0 11 26 29 0 0 23 8 19 0 0 24 0 0 32 3 15 37 47 49 30 20 14 34 16 0 10 0 1 2 0 13 0 38 0 39 0 27 0 35 45
4 39 44 0 36 0 45 18 28 31 0 43 0 42 12 17 0 26 29 46 0 23 8 19 0 0 24 0 33 0 3 15 37 47 0 30 20 14 0 16 40 0 7 1 2 25 13 0 38
7 1 0 25 13 22 0 0 39 44 0 0 35 45 18 28 0 41 0 21 42 12 17 0 26 29 0 48 23 8 19 5 0 0 9 0 32 3 15 37 47 49 30 20 14 34 16 0 0
0 20 14 0 0 0 10 7 1 0 25 13 22 0 4 39 44 27 36 35 45 0 0 31 41 0 21 0 0 17 11 26 29 0 48 23 8 19 0 6 24 9 33 0 3 0 0 0 49
33 32 3 15 0 0 49 30 20 14 0 16 40 10 0 0 2 25 0 0 38 4 39 44 27 0 35 45 0 0 31 0 0 0 0 12 0 0 26 29 0 48 0 8 19 0 6 0 0
23 8 19 0 6 24 9 33 32 0 15 37 47 0 30 20 14 34 0 0 0 7 0 2 25 13 22 38 0 39 44 0 36 0 45 18 0 31 41 0 0 42 12 0 0 0 29 0 0
0 0 26 29 46 0 12 8 0 0 6 24 9 23 32 3 0 0 47 49 33 20 0 34 16 40 10 30 0 2 25 0 22 38 7 39 0 0 36 0 45 4 28 31 41 43 0 42 18
0 0 41 43 0 0 18 0 11 26 29 0 48 0 8 19 0 6 0 9 23 32 0 0 37 0 0 0 0 14 34 16 0 0 30 1 2 0 13 22 38 7 39 0 27 36 35 45 4
0 44 27 0 0 45 0 28 31 41 0 21 42 18 17 11 26 0 46 48 12 8 19 0 6 24 9 23 0 0 15 37 47 49 33 20 14 34 16 40 10 30 0 0 0 13 22 38 7
1 0 25 13 22 38 0 39 0 27 0 0 45 4 0 31 41 43 0 42 18 0 11 0 29 46 48 0 0 0 5 6 24 9 23 32 3 15 37 47 49 0 20 0 34 0 40 10 0
20 0 34 0 40 0 30 1 2 25 13 0 38 0 39 44 27 36 35 0 4 28 31 41 43 21 42 18 17 11 26 29 46 48 12 8 19 0 0 0 9 23 32 3 15 37 0 49 0
32 3 15 0 47 49 0 20 14 34 16 40 0 30 1 2 0 13 22 0 7 39 0 0 0 0 45 0 28 31 0 43 21 42 18 17 11 26 29 0 0 12 0 0 5 6 0 9 0
0 19 5 0 0 0 23 32 3 0 37 47 49 33 20 14 34 16 40 10 30 1 2 25 0 22 38 0 39 44 27 36 35 0 0 28 31 41 43 21 42 18 17 0 26 29 46 48 0
11 0 0 46 0 0 17 0 0 0 24 9 23 8 3 15 0 0 49 33 32 14 0 16 40 10 0 20 2 25 13 0 38 0 1 44 27 36 35 0 0 39 0 41 0 21 42 0 28
31 41 0 21 42 0 28 0 0 0 46 48 12 0 0 0 0 24 9 23 8 3 0 37 0 49 0 0 14 34 16 40 10 0 20 0 0 13 22 38 0 1 0 27 36 0 0 4 39
0 27 36 35 45 4 39 31 41 0 0 42 0 0 11 26 29 46 48 0 17 19 0 6 24 9 23 8 3 0 37 47 49 0 32 14 0 0 40 10 30 20 2 25 13 22 38 7 0
2 25 0 0 38 0 1 44 27 36 0 45 4 0 0 41 43 21 42 18 0 0 26 0 0 48 0 17 19 0 0 24 0 23 8 0 15 37 0 49 33 0 0 34 0 0 10 30 20
14 0 16 0 0 30 20 2 0 13 0 0 0 1 0 27 36 35 45 4 39 31 41 43 21 42 18 28 0 0 0 46 48 12 0 19 5 0 0 9 0 0 3 15 37 47 49 33 32
3 15 37 0 49 33 32 14 34 16 0 10 0 20 2 0 13 0 0 7 1 0 0 36 35 0 0 0 0 41 43 21 0 18 0 11 26 0 46 48 12 17 19 0 6 0 9 23 0
19 0 0 0 9 23 8 0 0 37 47 0 0 32 14 34 0 40 10 30 20 0 25 0 22 0 0 1 44 27 0 35 0 4 39 0 41 43 21 42 18 28 0 26 0 46 48 12 17
26 29 46 0 12 17 0 0 6 24 9 23 8 0 15 37 47 49 0 32 0 0 16 0 10 30 20 14 25 13 0 38 7 0 2 27 36 35 45 0 0 0 41 43 21 42 0 0 0
41 0 21 0 18 0 0 26 0 46 0 0 0 11 5 6 24 0 23 8 19 15 0 47 0 0 32 3 34 16 40 10 0 20 14 25 0 22 38 0 1 2 27 36 0 0 4 0 44
0 36 35 0 4 0 44 0 43 21 0 0 28 31 26 29 46 48 12 17 11 5 6 24 9 23 8 19 15 0 0 49 0 0 3 34 0 40 10 30 20 0 0 13 0 0 7 1 2
0 13 22 0 7 1 2 27 36 35 45 0 39 44 41 43 21 42 0 28 0 26 29 46 48 0 17 0 5 6 24 9 23 8 19 15 37 47 49 33 0 3 34 16 40 0 0 20 14
34 0 40 0 30 0 14 25 13 0 38 7 0 2 27 0 35 45 0 39 44 0 43 21 42 0 28 0 26 29 0 48 12 0 11 5 6 24 0 23 8 0 15 37 47 49 33 32 3
15 0 47 49 0 0 3 34 0 40 0 0 20 0 0 0 0 38 7 0 2 0 36 35 45 4 39 0 41 43 0 42 18 28 31 0 29 0 48 12 0 0 0 0 24 0 23 0 19
0 6 24 0 23 8 19 0 37 47 0 0 32 3 0 0 40 10 30 20 14 25 13 0 0 7 0 2 0 0 35 0 4 0 0 0 43 21 42 18 0 31 0 0 46 48 0 17 0
0 46 0 0 0 11 26 6 0 9 0 0 19 5 0 47 0 33 32 3 0 16 40 10 30 20 0 0 0 0 38 0 1 0 0 36 35 45 0 39 44 27 43 21 42 0 28 31 0
43 21 42 0 0 31 0 0 46 48 0 0 0 0 6 24 0 0 0 19 5 37 0 0 0 32 0 0 0 40 0 30 0 14 34 0 22 38 7 0 2 25 0 0 45 4 39 44 27
0 35 0 0 0 0 27 43 0 42 0 0 0 0 0 0 0 12 17 0 26 0 0 9 23 8 0 0 0 0 49 0 32 0 0 0 0 10 0 0 14 0 0 0 38 7 0 0 25
0 22 0 7 1 0 0 36 35 45 4 39 0 0 43 21 42 0 28 0 41 0 46 0 0 17 0 26 6 0 9 0 0 0 5 0 47 49 33 32 3 15 0 40 10 30 20 0 34
16 0 10 0 0 14 34 13 22 38 7 1 0 25 0 35 0 4 0 44 27 0 21 42 0 28 31 41 29 0 0 12 17 0 26 0 24 0 23 8 19 5 37 47 49 0 32 3 15
37 47 49 0 32 0 15 16 40 10 30 20 14 34 0 22 0 7 1 2 0 0 35 45 0 0 44 27 0 21 42 18 28 31 41 29 46 48 12 17 0 0 0 24 9 23 0 19 5
6 24 9 23 8 19 5 37 47 0 33 0 3 15 0 40 10 0 20 14 34 13 22 38 0 0 2 25 0 35 45 4 39 0 0 43 21 42 0 28 31 41 29 46 48 0 17 0 0
46 48 12 17 11 26 29 24 9 23 0 19 0 6 0 0 33 32 3 15 37 0 10 0 20 0 34 16 22 0 0 1 2 0 13 35 0 4 0 44 27 36 0 42 18 28 31 41 43
21 0 18 28 0 0 43 46 48 0 17 0 26 29 24 0 23 8 19 5 6 47 49 33 32 3 0 0 0 10 30 0 14 34 0 22 38 7 1 0 25 13 35 0 4 0 44 27 36
35 45 4 39 44 0 36 21 42 0 28 0 41 43 46 0 12 17 11 26 29 24 9 23 8 0 0 6 47 0 0 32 3 15 0 40 10 30 20 14 34 16 22 38 0 1 0 25 13
22 38 0 0 2 25 0 0 0 0 39 44 0 36 21 0 0 28 31 41 43 46 48 12 0 0 26 29 24 0 23 0 19 5 6 0 49 33 0 0 0 0 40 0 30 20 0 34 16
40 10 30 20 14 34 16 22 38 7 0 0 0 0 35 45 4 39 44 27 36 21 0 18 28 31 41 43 0 48 12 0 11 26 29 24 9 0 8 19 5 0 0 49 0 32 3 0 0
0 49 33 0 3 0 37 40 0 0 0 0 34 16 22 38 7 1 0 25 13 35 0 4 39 44 0 36 21 42 0 28 0 41 43 46 0 12 0 0 0 0 24 0 23 8 19 0 0
24 9 23 0 19 0 6 0 0 33 32 0 15 0 0 10 30 20 0 34 16 22 38 7 1 2 25 0 35 0 4 39 44 27 36 21 42 18 28 0 41 43 0 48 12 0 0 26 0
