7
15 0 10 30 37 19 45 28 0 22 24 23 8 17 0 0 16 0 6 42 36 0 0 9 0 32 7 0 12 44 33 0 39 48 0 0 3 46 0 31 29 0 0 0 0 43 14 38 0
0 0 33 49 0 42 27 13 21 9 0 32 29 0 0 44 0 20 0 0 11 4 0 0 24 0 8 0 0 0 0 43 0 38 0 15 0 10 30 37 19 45 28 1 0 34 23 7 17
28 44 0 0 14 0 0 4 0 0 0 31 42 25 13 47 0 43 32 38 35 15 41 10 30 37 0 45 0 1 0 34 23 7 11 12 40 33 0 39 0 27 18 21 16 5 6 29 36
0 47 16 0 0 38 0 0 0 0 30 37 0 45 0 1 22 0 23 0 0 12 0 33 49 0 42 0 13 21 9 5 0 0 35 2 0 26 20 14 48 0 0 3 46 24 31 8 25
4 1 46 0 0 7 0 0 0 0 43 0 38 0 0 21 10 0 37 29 45 0 44 26 20 14 48 11 28 0 22 24 31 0 17 0 47 0 49 6 0 36 13 41 9 0 0 19 35
13 21 0 0 32 29 35 0 44 26 20 0 48 0 4 3 46 24 31 8 0 0 47 0 43 6 38 36 15 0 10 30 37 0 0 0 1 22 34 0 7 17 0 40 33 0 39 42 27
2 3 26 24 31 8 11 18 0 16 34 6 0 36 12 0 33 30 39 19 27 28 1 0 0 0 29 17 0 40 46 49 0 0 25 13 0 9 43 0 0 35 15 44 10 20 0 48 45
45 0 0 0 0 37 19 17 0 0 0 34 0 0 0 18 40 10 49 6 0 35 0 1 9 5 32 0 11 12 0 33 20 39 48 0 0 0 46 0 31 8 0 2 47 16 43 14 38
27 12 0 33 0 39 0 35 13 21 0 0 32 0 11 0 44 26 0 0 0 0 0 3 0 0 0 8 36 18 47 16 43 0 38 0 0 0 10 30 0 19 17 28 1 22 34 0 0
11 0 44 22 20 14 48 25 0 40 46 24 31 8 36 13 47 0 0 0 0 45 0 41 0 30 37 19 0 28 1 26 0 23 7 27 0 0 33 49 0 42 0 0 21 9 5 0 29
36 18 47 0 0 6 0 45 0 41 10 30 37 0 17 28 1 0 34 0 7 27 0 40 33 0 0 0 35 13 21 0 5 32 0 11 2 44 26 20 14 0 0 4 0 46 0 0 0
17 0 1 46 34 23 7 27 0 0 0 0 0 42 0 15 0 9 5 0 29 0 2 44 0 0 0 48 25 0 0 0 0 31 0 0 18 0 16 43 6 0 0 0 41 10 30 0 0
35 13 0 0 5 32 29 11 2 44 26 0 0 48 25 4 3 0 24 31 0 0 0 0 0 0 0 0 0 15 0 10 30 37 19 17 28 0 0 34 0 7 27 0 0 0 49 0 42
25 0 0 0 24 0 8 36 0 0 16 43 6 38 45 0 41 33 30 39 19 0 28 21 22 0 23 7 0 2 0 46 0 14 42 35 13 0 0 5 32 0 11 15 0 26 20 37 0
19 45 0 0 10 30 37 7 17 28 3 0 0 23 38 27 0 40 16 0 0 29 35 13 1 0 5 0 42 11 0 0 33 20 0 0 25 4 0 46 0 31 0 36 18 47 0 43 14
42 27 12 0 33 49 39 0 0 0 0 9 5 0 48 0 2 0 26 0 0 8 0 0 3 0 24 31 0 36 18 47 0 43 0 0 45 15 0 10 30 37 7 0 28 0 22 0 0
48 11 0 44 26 0 14 8 0 4 0 46 24 31 0 0 0 0 9 0 0 0 45 15 0 10 0 37 7 0 28 1 22 34 23 42 0 12 0 33 0 0 0 35 13 0 0 5 6
38 36 18 47 0 0 6 0 45 0 41 10 30 37 7 17 0 1 22 34 23 42 0 12 0 33 0 39 0 35 13 21 9 0 32 48 0 0 44 0 0 14 0 25 4 0 0 24 31
0 17 28 1 22 34 23 0 27 0 0 33 0 39 0 35 0 21 10 5 37 48 0 2 44 26 0 14 8 25 4 3 46 24 31 38 0 18 0 16 0 0 29 45 15 41 0 0 32
29 35 13 21 9 5 32 48 0 2 44 26 0 14 8 25 0 0 46 24 31 0 0 18 0 16 0 6 19 45 15 41 0 0 0 0 0 28 1 0 34 0 42 27 12 40 33 0 39
8 25 4 3 46 24 31 0 36 0 1 16 0 0 42 45 15 0 0 30 0 7 17 0 21 0 34 23 48 0 12 0 26 49 14 0 0 0 0 9 5 32 19 0 2 0 0 20 0
37 0 0 15 41 26 30 0 7 0 0 0 0 24 39 38 27 18 40 16 49 32 29 17 0 0 9 0 0 0 11 12 44 0 0 0 8 0 0 3 0 5 0 48 36 2 47 10 43
39 0 27 12 40 33 49 32 29 0 13 21 0 5 0 48 0 2 0 26 20 31 0 0 4 3 0 0 6 38 36 0 0 0 43 37 19 45 15 41 0 30 0 0 17 28 1 0 34
14 0 11 2 44 0 20 31 8 27 4 3 46 0 6 29 0 13 47 9 43 37 19 45 15 41 10 0 0 0 17 0 1 0 0 0 42 0 12 40 33 0 32 0 35 0 21 16 0
6 0 36 18 0 0 43 37 19 45 15 0 10 30 0 7 17 28 1 0 34 39 0 27 0 40 33 0 0 29 35 13 21 0 5 14 0 11 0 44 26 20 0 0 0 4 0 0 0
23 7 17 28 1 46 34 0 42 36 12 40 33 0 32 19 35 15 21 0 5 14 48 0 2 0 0 0 31 8 25 4 0 22 24 0 38 27 0 0 16 0 37 29 0 13 41 9 30
0 0 35 13 21 9 0 14 48 0 2 44 0 20 31 0 25 4 3 46 24 6 38 36 18 0 0 43 37 19 45 15 41 10 30 0 7 17 0 1 22 34 39 42 0 0 0 33 49
31 8 25 0 0 10 24 6 0 17 0 0 16 34 37 42 45 12 41 33 0 0 0 0 0 1 22 5 39 48 0 2 40 46 0 0 29 36 13 21 9 0 14 19 0 15 44 26 20
30 37 19 0 0 41 0 34 0 0 25 0 3 0 43 39 42 27 0 0 16 0 0 29 0 0 1 0 49 14 0 11 2 44 33 24 32 8 0 4 21 0 20 0 0 36 0 47 26
0 39 0 27 12 0 33 5 32 29 35 0 0 9 20 14 48 0 2 0 26 0 31 8 0 4 0 46 43 6 38 0 18 47 0 30 37 0 0 15 41 0 34 0 0 17 28 1 0
20 14 48 11 2 44 22 24 0 0 27 4 40 46 5 6 38 0 0 47 0 0 0 19 0 15 41 10 34 23 7 0 28 1 0 49 0 42 25 12 0 33 43 0 29 35 13 0 16
43 0 0 0 0 0 16 0 37 19 45 15 41 0 34 0 7 17 28 1 22 49 0 0 27 12 0 33 5 32 29 35 0 21 9 20 14 0 0 0 44 26 0 0 0 25 0 3 46
34 23 0 17 28 0 0 0 0 42 0 12 47 33 30 0 0 35 0 0 10 20 14 0 11 0 44 26 24 0 0 0 4 0 0 43 0 38 27 18 0 16 0 0 19 45 15 0 0
0 32 29 35 13 21 0 0 14 0 11 2 44 26 24 0 8 0 4 3 0 43 6 0 36 18 47 16 30 37 0 45 15 41 10 34 23 0 17 28 1 22 0 39 42 27 12 40 33
0 31 0 0 4 3 26 43 0 38 17 0 0 0 49 0 19 0 0 0 0 0 32 0 35 0 21 22 0 39 0 27 12 0 0 0 6 29 36 13 47 9 30 14 48 11 0 44 0
0 0 0 19 45 15 41 22 0 31 0 17 28 0 33 49 0 38 27 12 40 9 0 0 29 0 0 1 0 0 14 42 11 0 0 46 0 32 8 25 4 0 0 43 0 48 0 18 47
0 49 39 42 0 12 40 0 5 32 29 35 13 0 0 0 0 48 0 2 44 46 24 31 0 25 0 3 16 0 6 0 36 18 47 10 30 37 19 0 15 0 22 0 0 0 17 28 1
0 0 14 7 11 2 44 0 24 39 8 0 4 0 16 0 6 29 36 18 47 0 0 37 0 45 15 41 0 0 23 48 17 0 1 0 49 31 42 0 12 3 9 0 0 38 35 13 21
16 43 6 38 36 18 0 0 30 37 0 0 0 41 0 34 23 7 0 28 1 33 49 0 42 27 12 0 0 0 32 0 35 13 21 26 0 14 0 11 2 44 0 24 31 8 0 4 3
0 34 23 8 0 28 0 33 49 6 0 0 0 47 0 5 32 19 35 0 21 0 20 14 48 11 2 44 0 24 0 7 25 4 3 16 43 39 38 0 18 40 10 30 37 29 45 15 41
0 5 32 0 35 13 0 26 20 14 0 11 2 44 0 24 0 0 25 4 3 0 43 6 0 36 18 47 10 30 37 0 45 0 0 22 0 23 7 17 28 0 0 49 0 0 0 12 0
0 24 31 0 25 4 3 0 0 23 38 0 0 1 10 30 0 0 45 15 41 0 34 32 7 17 28 21 0 0 39 8 0 0 40 0 5 0 29 35 0 47 0 0 14 19 11 0 0
44 10 30 0 0 45 15 0 46 0 23 7 25 28 41 33 43 0 42 27 12 21 22 0 32 29 0 13 0 26 0 14 0 0 0 3 9 24 0 8 35 4 0 0 20 0 38 36 18
40 0 0 39 42 27 12 21 9 0 32 29 35 0 0 0 20 14 0 11 2 3 46 24 31 8 25 4 0 0 43 6 38 36 0 41 0 30 0 19 45 0 1 22 34 0 7 0 28
0 26 20 0 48 0 0 3 33 0 31 8 27 4 47 0 5 0 38 0 18 41 0 30 37 0 45 0 44 0 34 0 0 0 28 40 46 0 39 0 25 0 0 9 43 32 0 0 13
47 16 43 0 38 0 18 41 0 0 37 0 45 15 1 22 34 0 7 0 28 40 33 49 39 0 27 12 21 9 5 0 29 0 0 44 26 0 14 48 0 0 3 46 0 31 8 25 4
3 22 34 23 7 0 28 40 0 0 0 42 0 0 21 0 30 0 0 0 0 0 26 20 0 0 11 0 1 0 24 31 0 25 4 47 33 43 6 38 0 18 0 10 5 37 0 45 15
21 9 0 32 29 35 13 0 0 0 0 0 11 0 3 0 0 31 8 25 4 47 16 43 6 38 36 18 0 10 0 37 19 45 15 0 22 34 23 0 0 28 40 33 49 0 42 27 12
0 46 0 31 8 0 4 0 22 0 0 0 17 18 0 0 0 0 19 45 15 1 9 34 23 0 0 28 3 0 20 39 0 27 12 21 16 0 32 29 36 13 44 26 30 14 0 0 2
