7
14 29 48 20 38 0 34 2 26 21 40 32 0 42 17 31 36 23 22 28 8 24 37 43 0 0 25 0 0 39 9 0 41 0 0 18 7 0 0 11 27 30 0 6 1 0 46 44 35
24 37 43 23 3 28 0 33 0 9 13 38 0 35 0 0 0 19 0 25 30 45 6 1 15 46 44 34 14 29 0 4 22 0 8 0 26 21 40 32 12 42 0 31 0 0 0 47 0
45 6 0 15 11 44 0 14 29 48 0 22 0 0 2 26 21 40 46 12 42 0 31 0 23 0 28 10 0 37 0 0 32 25 16 33 39 0 13 0 5 35 0 7 0 4 3 0 0
17 31 36 40 41 0 10 24 37 43 19 3 25 16 0 39 9 13 38 5 0 18 7 49 0 0 0 30 45 6 0 15 46 44 0 14 29 0 0 22 0 8 2 26 21 0 32 28 0
0 0 49 0 22 27 0 45 0 0 15 46 44 34 14 29 48 20 41 47 0 2 0 21 0 0 0 42 0 0 36 23 0 0 35 24 0 43 19 3 25 16 0 39 9 13 11 5 30
2 0 21 0 32 25 42 17 31 0 23 41 28 0 24 37 43 4 3 27 0 33 39 9 13 0 0 0 0 7 0 20 11 47 0 45 6 1 0 46 44 34 14 29 0 40 22 0 8
33 0 9 13 0 0 35 0 7 49 0 11 27 0 45 6 1 15 32 44 0 14 0 0 20 22 47 0 2 0 21 40 3 0 0 17 0 36 23 41 0 10 24 37 0 19 38 0 0
29 1 20 46 0 34 0 0 21 0 32 12 0 2 0 48 23 0 28 8 17 37 43 0 3 0 16 24 0 0 13 0 5 0 33 0 49 0 0 27 30 18 0 9 0 38 44 35 45
0 43 23 0 25 16 24 39 0 0 38 0 35 33 7 49 0 11 27 30 18 6 1 0 46 44 34 0 29 0 4 22 47 8 14 26 21 0 32 12 0 0 31 0 20 41 28 10 0
6 49 0 0 44 30 0 0 48 20 0 47 0 14 26 21 40 0 12 42 2 31 36 23 41 28 0 0 37 0 0 32 25 0 0 39 0 0 0 0 0 33 7 1 4 0 0 0 0
31 0 0 41 0 0 0 37 43 0 0 0 16 24 0 9 13 0 5 0 33 0 0 4 11 0 30 0 6 0 15 46 44 34 45 29 48 20 22 47 0 14 26 0 23 0 0 42 2
7 48 4 0 27 0 18 6 1 0 0 44 34 0 0 0 20 41 47 10 0 26 21 40 0 12 42 2 31 9 23 38 28 35 17 37 43 19 3 25 16 24 0 0 0 11 5 30 33
26 21 19 32 12 42 2 31 0 0 41 28 10 0 0 43 0 0 0 0 24 0 0 0 38 5 35 0 7 49 0 0 27 30 18 6 1 15 0 44 34 0 29 0 40 22 47 0 0
0 9 0 38 5 35 33 7 49 4 0 0 0 18 0 0 15 32 44 0 45 29 48 0 22 47 8 14 26 21 0 3 12 42 0 0 36 0 0 28 10 17 37 0 19 46 25 16 24
0 0 0 0 0 0 6 0 40 32 0 42 2 26 48 23 22 28 8 0 0 43 0 3 25 0 24 0 36 13 41 0 0 33 31 49 0 11 0 30 0 7 9 0 38 0 35 45 39
43 0 0 28 16 24 0 9 13 38 5 35 0 0 0 19 11 0 30 18 0 1 0 46 44 0 45 0 48 4 22 0 0 14 29 0 0 32 12 0 2 0 36 20 0 47 0 17 31
49 15 11 44 30 0 0 48 20 22 0 8 14 29 1 40 0 12 42 2 26 36 0 41 28 10 0 0 21 0 32 25 16 0 37 9 13 0 5 0 0 0 43 0 0 27 34 18 6
36 0 41 12 10 0 31 0 0 3 0 16 24 37 0 13 38 5 0 33 39 0 4 11 27 30 18 7 1 0 46 0 34 45 6 0 0 22 47 8 0 29 0 23 32 0 42 2 26
48 0 22 0 0 18 29 1 0 46 44 0 45 6 36 0 0 47 0 0 0 0 0 32 0 42 2 26 9 0 38 28 0 17 0 43 0 3 25 0 0 37 49 13 0 5 30 0 0
21 0 0 25 0 2 0 36 23 41 0 10 17 0 43 4 3 27 16 24 0 9 13 0 5 35 0 39 49 20 0 0 30 18 0 1 15 0 0 0 45 0 48 40 22 12 8 14 29
9 13 38 5 0 33 39 0 4 11 27 0 18 0 21 0 32 44 34 45 6 48 20 0 47 0 0 29 43 40 3 12 42 2 26 0 23 41 28 10 17 0 1 19 46 25 16 0 0
20 22 47 8 14 0 0 0 0 12 42 0 26 21 23 41 0 10 17 31 36 19 3 0 0 24 37 43 0 38 0 0 33 39 0 0 11 27 0 0 7 49 0 46 44 34 45 6 1
19 3 28 0 24 0 36 13 38 5 35 33 39 9 0 11 25 0 18 7 0 15 46 44 0 0 6 1 20 0 27 8 0 0 0 40 32 0 42 2 26 21 0 41 47 10 17 31 48
0 11 44 30 45 0 1 20 22 0 0 0 29 0 0 0 0 34 0 0 21 23 41 0 0 17 0 36 19 32 25 42 24 0 43 13 0 5 35 33 39 0 4 3 27 16 18 7 49
23 0 12 10 0 31 21 0 0 25 0 24 37 43 13 0 5 0 0 0 0 0 11 0 30 0 0 0 15 46 44 0 0 0 0 20 22 47 8 0 29 0 0 32 28 42 2 26 36
4 38 27 35 18 7 49 15 46 44 0 45 6 1 20 22 47 8 14 29 0 40 0 0 42 2 0 21 0 0 28 10 17 0 0 0 0 25 16 24 37 43 13 0 5 0 0 39 0
40 32 25 0 2 26 0 23 0 0 0 17 31 36 19 3 27 16 0 37 49 13 0 5 0 33 39 9 0 0 47 0 0 7 48 0 0 0 34 45 6 1 20 0 12 8 0 0 0
0 46 5 0 0 39 9 0 11 27 30 0 7 49 15 32 0 0 45 6 0 20 0 47 0 0 0 0 40 3 12 16 2 0 21 0 41 28 10 0 31 0 19 38 25 35 0 0 43
46 0 0 14 0 48 20 0 12 42 2 0 0 40 0 28 8 17 0 36 23 0 25 16 24 37 43 19 41 5 0 33 31 9 13 11 27 30 0 7 0 4 38 0 34 45 0 1 15
3 28 0 0 37 43 0 38 0 35 33 39 9 0 0 25 30 0 7 49 4 46 44 34 0 6 1 0 0 27 8 18 0 48 0 32 12 0 2 0 21 0 41 47 10 0 0 36 23
11 0 0 45 0 0 0 0 47 0 14 0 48 20 32 12 0 2 26 21 0 41 28 10 0 0 0 23 0 25 0 24 37 43 0 0 5 35 33 0 0 13 46 27 16 0 6 49 4
41 12 10 0 31 0 23 3 25 0 24 37 43 19 38 0 0 33 39 0 13 0 27 30 18 7 49 4 46 0 34 45 6 1 0 22 0 0 14 29 48 20 32 0 42 17 26 0 40
0 0 8 18 0 0 4 0 44 34 45 6 1 0 0 0 10 0 31 48 0 0 0 42 2 0 21 40 38 0 35 0 39 36 23 0 25 16 0 0 0 0 11 0 0 0 0 0 0
32 0 0 24 26 21 40 0 28 0 17 0 36 23 3 0 16 18 37 0 19 38 5 35 33 0 9 13 11 47 30 14 7 0 4 46 44 34 0 6 0 15 22 12 8 2 29 0 20
0 0 34 0 0 9 13 0 0 30 0 7 49 0 46 0 42 45 0 1 15 22 47 8 14 0 48 20 32 12 0 2 26 0 40 41 0 0 17 0 36 23 3 25 35 0 37 43 0
47 0 14 29 0 15 22 0 42 0 26 21 40 32 28 0 0 31 36 20 41 0 0 24 37 43 19 3 5 0 33 39 9 0 0 0 0 18 7 49 0 0 0 34 45 6 1 0 46
25 16 0 0 36 19 0 5 35 33 39 9 0 0 27 0 18 7 43 4 3 44 34 0 0 0 15 46 47 8 14 0 49 20 0 0 42 2 26 0 40 0 28 10 0 31 0 23 22
0 30 45 6 0 4 46 47 8 0 29 48 0 22 12 0 2 26 21 0 32 28 10 17 0 36 0 41 25 42 24 37 0 0 0 5 35 33 39 0 13 38 0 0 18 7 49 19 0
28 0 17 31 0 23 32 25 0 24 0 43 19 3 5 0 33 0 0 0 0 0 30 18 7 0 4 0 44 0 0 0 1 0 46 47 8 0 29 0 20 22 12 0 2 0 36 40 41
27 8 18 7 49 0 11 44 34 45 0 1 15 0 47 0 14 29 0 23 22 0 42 0 26 0 40 0 28 35 17 31 0 13 41 0 16 0 37 43 19 3 5 30 33 0 9 4 38
0 42 2 26 43 40 0 28 10 0 0 36 23 41 25 16 24 37 49 19 11 5 0 33 39 9 13 38 0 30 0 7 0 0 0 44 34 45 0 0 15 46 47 0 14 29 0 0 32
0 34 33 39 0 0 38 27 30 18 7 49 4 11 44 42 0 0 1 0 0 47 8 0 29 48 20 0 12 16 0 26 21 0 32 0 10 0 31 0 23 41 0 0 0 37 0 15 3
34 0 0 48 15 0 0 42 2 0 21 40 32 0 8 0 29 36 20 41 47 16 24 37 0 19 3 25 10 33 31 9 23 38 28 0 0 7 0 0 11 27 35 45 39 1 13 0 5
16 17 37 0 0 0 0 35 0 39 9 0 38 5 30 24 7 43 4 0 0 0 0 6 1 0 46 44 8 18 0 0 20 11 47 42 2 0 21 40 32 12 0 0 31 48 23 0 28
30 45 0 1 4 46 27 0 14 0 48 0 22 47 0 2 0 21 0 32 0 10 17 31 36 0 0 0 0 24 37 43 19 0 0 35 33 0 0 0 38 5 34 18 6 49 15 11 44
10 2 0 21 23 32 28 0 24 37 43 19 3 0 35 0 39 0 0 38 5 30 18 7 0 4 11 27 34 45 6 0 15 0 44 8 14 29 48 0 0 47 42 17 26 36 40 41 12
0 18 0 0 20 11 0 0 45 0 0 15 46 0 0 14 31 48 23 0 28 42 2 26 21 0 32 12 35 0 39 36 13 0 0 16 0 37 43 0 3 0 30 33 0 9 0 0 27
0 24 0 0 40 0 0 10 0 31 36 23 41 28 16 18 37 49 19 0 25 35 33 0 0 0 0 0 30 14 7 48 4 22 27 34 0 6 1 0 46 0 0 2 29 0 20 32 47
35 33 39 9 13 38 0 0 18 7 49 4 0 0 34 0 6 1 0 46 0 0 14 29 48 20 22 47 42 2 26 0 40 32 0 10 17 0 0 0 41 28 16 24 37 43 19 0 25
