7
0 41 0 0 45 22 0 30 3 25 0 28 0 37 5 12 40 0 34 33 0 10 46 35 0 19 29 36 1 0 0 0 14 0 0 31 21 18 13 0 4 42 0 16 0 0 39 26 0
30 3 25 8 28 20 37 5 0 40 23 34 0 0 10 46 35 43 19 29 0 1 2 48 17 14 0 47 31 21 18 13 0 4 0 24 0 0 0 0 0 32 27 41 0 44 0 0 11
5 0 40 23 34 0 6 0 0 0 43 19 29 36 1 0 48 17 14 49 47 0 0 0 13 0 4 42 24 16 38 15 0 26 32 0 41 0 44 45 22 11 30 0 25 8 28 20 0
10 0 0 43 0 29 36 1 2 48 0 14 49 0 31 0 0 0 0 4 42 24 16 38 15 39 0 32 27 0 7 0 45 22 0 0 0 25 0 28 20 0 0 12 0 23 34 33 0
1 0 48 17 14 49 0 31 21 0 13 0 4 42 0 16 38 15 39 26 32 0 0 0 44 45 22 0 30 3 25 0 28 0 37 0 0 40 23 34 0 6 0 46 35 43 0 29 36
0 21 18 13 0 4 42 24 16 38 15 0 26 32 0 41 0 0 45 0 11 0 0 0 8 28 0 0 5 12 40 23 0 0 6 10 0 0 43 0 0 0 0 2 0 17 14 49 0
0 0 0 15 39 26 32 0 41 0 0 0 0 11 30 3 25 8 0 20 37 0 0 0 23 0 0 6 0 0 0 43 19 0 0 1 2 48 17 0 49 0 31 21 0 13 9 4 42
11 0 0 7 44 45 22 37 30 3 25 8 0 20 6 5 0 0 23 34 33 36 10 0 35 0 19 29 0 1 2 0 17 0 0 42 0 0 0 0 0 4 32 24 16 38 15 0 26
37 30 0 25 0 0 0 0 0 12 40 23 34 33 0 0 0 0 43 19 0 0 1 2 48 0 0 49 0 0 21 18 0 0 4 0 0 16 38 0 39 0 11 0 41 0 0 45 0
6 5 12 40 23 34 33 0 10 46 35 43 0 29 47 0 0 48 17 0 49 42 31 21 0 13 9 4 32 0 0 38 15 39 26 11 0 41 7 0 45 22 37 0 3 0 0 28 20
0 10 46 35 0 19 0 0 1 2 0 0 0 49 0 31 21 0 13 9 4 32 24 16 38 15 39 0 11 0 0 7 44 45 0 0 0 3 0 8 28 0 6 5 0 40 23 0 0
47 1 2 48 0 0 0 0 31 21 18 13 9 0 0 24 16 38 15 0 26 11 27 41 0 44 45 22 0 0 0 25 8 28 20 6 5 0 0 23 34 33 36 10 0 35 0 0 29
0 31 21 18 13 9 4 32 0 16 0 15 0 0 11 27 0 0 44 45 0 37 30 0 25 8 0 20 6 0 12 40 23 34 33 0 10 0 35 0 0 29 0 0 0 48 0 0 0
32 0 16 38 15 39 26 0 27 0 7 44 45 0 37 0 3 25 0 0 20 0 5 12 0 23 0 0 0 10 46 35 0 19 0 47 0 0 48 0 14 49 42 0 21 0 13 0 4
0 11 0 41 0 44 0 20 0 0 0 0 0 0 0 6 5 0 0 0 34 0 0 10 0 35 43 19 49 47 1 0 48 17 14 0 42 31 21 18 13 9 26 0 24 0 38 0 39
20 37 30 3 25 0 28 33 6 5 12 40 23 0 29 0 0 46 35 43 19 0 47 0 0 0 17 14 4 42 31 21 18 0 0 26 32 0 0 38 15 39 22 11 27 41 0 44 0
33 6 5 0 0 23 34 0 36 0 46 0 43 19 49 0 1 2 48 17 14 4 42 0 0 0 13 9 26 0 0 0 38 15 39 22 11 27 41 7 44 0 0 37 30 0 25 0 28
0 36 0 46 0 43 0 49 0 0 2 48 0 14 0 42 31 0 0 13 9 26 32 24 16 0 15 0 0 11 27 0 0 44 45 20 37 0 3 0 8 0 33 6 0 12 40 0 34
49 0 0 2 48 17 14 0 42 31 21 0 0 9 26 32 24 16 0 0 39 22 11 27 41 7 44 45 0 0 30 0 0 8 28 33 6 0 0 40 0 0 29 0 0 46 35 43 19
4 42 31 21 0 13 9 0 0 24 0 0 15 39 22 0 27 0 0 44 0 20 37 0 3 25 8 28 33 0 0 12 40 23 34 29 36 0 46 0 43 19 49 0 1 2 48 17 0
0 32 0 16 38 0 39 22 0 0 0 7 44 45 0 37 0 0 25 8 0 0 6 5 12 40 0 0 29 0 0 46 0 43 0 49 47 1 2 0 17 14 4 42 0 0 0 13 9
45 22 11 27 41 7 44 28 0 37 30 3 0 8 34 33 6 5 12 40 23 0 29 0 0 0 35 0 0 49 47 1 2 48 17 0 0 42 31 0 18 13 0 26 32 24 0 0 15
0 0 0 30 3 0 8 34 33 6 0 12 40 0 19 29 36 10 0 0 43 14 0 0 1 0 0 17 0 4 42 0 21 18 0 0 26 32 0 16 0 15 45 0 0 0 41 7 0
0 33 6 5 12 40 23 0 0 36 10 46 35 0 0 0 47 0 0 48 17 9 0 42 31 0 18 0 39 0 32 24 16 38 0 45 22 11 27 41 0 0 28 20 37 30 0 0 0
19 29 36 10 46 0 43 14 0 47 0 0 48 17 9 0 0 31 0 18 13 0 26 32 24 16 38 0 0 22 0 27 41 7 44 0 0 0 30 3 0 8 34 33 0 0 12 0 23
14 49 47 1 2 48 0 0 0 42 0 21 0 13 0 26 32 0 0 0 15 45 22 0 0 0 0 44 28 20 37 0 0 25 8 34 0 0 0 12 40 23 0 0 36 10 0 35 0
0 0 42 31 21 0 0 39 26 32 0 16 38 15 0 22 11 27 41 7 0 0 20 37 30 3 25 8 34 0 6 5 12 40 0 19 0 36 0 0 0 43 0 49 47 1 2 48 17
39 0 32 24 16 38 15 45 22 11 0 41 0 44 28 0 37 30 3 0 0 34 0 0 5 0 40 23 0 29 36 0 0 35 43 14 49 47 1 0 48 17 9 0 42 0 21 18 0
44 45 22 11 0 41 7 8 28 20 0 30 0 25 23 34 0 0 5 12 40 43 19 29 0 10 46 35 0 14 49 0 1 0 48 13 9 4 42 31 21 18 0 39 26 32 0 0 38
0 0 20 37 30 0 25 0 0 33 6 0 0 0 43 19 29 36 0 0 0 0 0 0 47 0 2 48 13 9 0 42 31 21 18 0 39 26 32 24 0 38 0 0 22 11 27 41 7
23 0 33 6 0 0 40 43 19 0 0 10 46 0 0 0 49 47 1 2 48 13 0 4 0 31 21 18 15 39 26 32 24 16 0 44 45 0 11 0 0 0 0 28 20 37 0 3 0
43 19 0 36 10 46 0 17 14 49 47 1 2 48 13 9 0 0 31 21 18 15 39 26 32 24 16 0 0 0 22 11 27 41 0 8 28 0 37 30 3 25 23 34 33 0 5 12 40
17 14 0 47 1 2 0 0 0 4 42 31 0 0 15 0 26 32 0 16 38 44 0 22 11 0 41 7 8 28 0 37 0 3 25 0 0 0 6 5 0 0 43 0 29 36 10 46 35
13 9 0 42 31 21 18 15 39 0 32 24 16 38 44 45 22 11 27 41 0 8 28 20 0 30 0 25 23 34 33 0 0 12 40 0 0 29 0 10 46 0 0 14 49 47 1 2 48
15 39 26 32 0 0 38 0 0 22 11 27 41 7 0 0 20 37 0 3 0 23 34 0 0 5 0 0 0 19 29 0 0 0 0 17 0 49 0 0 0 48 0 0 4 42 0 21 18
7 44 0 22 11 0 41 0 0 28 0 37 30 0 0 23 34 33 0 0 0 35 0 0 29 36 10 0 0 17 14 49 47 1 0 0 0 9 4 0 31 0 38 15 0 26 32 0 16
25 8 0 20 37 30 3 0 23 0 33 6 5 0 35 43 0 29 0 10 46 48 17 14 49 47 0 2 18 13 0 0 0 31 0 38 0 39 26 32 0 0 7 0 45 22 11 27 41
40 23 34 33 6 5 0 35 43 0 0 0 10 46 48 0 14 49 47 1 2 18 13 0 0 0 31 21 38 15 39 26 0 24 16 0 0 45 22 11 0 41 25 8 28 20 37 0 0
35 0 0 0 36 10 46 0 17 14 49 47 1 0 18 13 9 4 42 31 0 38 15 39 0 0 24 16 7 44 45 22 0 27 41 25 8 0 20 37 30 0 40 23 34 0 0 0 12
0 17 14 49 47 1 2 0 13 9 4 42 31 21 38 15 39 26 32 24 16 7 44 0 0 0 27 41 25 0 0 20 37 30 3 40 23 34 33 0 5 0 0 0 19 0 36 0 0
18 13 9 4 42 31 0 38 0 39 0 0 24 0 0 44 45 22 0 0 41 25 8 28 0 0 30 3 40 23 34 33 6 0 0 0 43 0 0 0 10 46 48 17 14 0 0 1 2
38 0 39 0 32 24 16 0 44 0 22 11 0 41 25 0 28 0 0 0 3 0 23 34 0 6 5 0 35 43 19 29 36 0 46 48 17 14 49 47 1 0 18 13 9 4 42 31 21
41 0 44 45 0 0 27 3 25 0 0 20 37 30 12 40 23 34 33 6 5 46 0 0 19 29 36 10 2 48 17 0 49 47 0 0 0 0 9 4 42 31 16 38 15 39 0 32 24
3 0 8 28 0 37 0 0 40 23 34 0 6 5 0 35 0 0 29 36 10 0 48 17 14 49 47 1 21 18 0 9 0 0 31 16 38 15 0 0 0 24 41 7 44 45 22 11 0
12 40 0 34 33 6 5 46 35 0 19 29 36 10 2 0 17 14 0 0 1 21 0 13 0 4 0 0 0 38 15 39 0 0 24 41 7 0 0 22 0 0 3 25 8 28 20 37 0
46 35 0 19 29 36 10 2 48 17 14 49 47 1 21 0 0 9 0 0 31 0 0 15 39 26 0 0 41 7 44 0 0 0 27 3 25 8 28 20 37 30 12 40 23 0 33 0 0
0 48 17 14 49 47 0 0 0 13 0 0 0 31 16 38 15 39 26 32 0 41 7 44 0 0 11 27 0 25 8 28 0 37 30 12 40 0 0 0 6 5 46 0 43 19 0 36 0
21 18 0 9 4 0 31 16 0 15 39 26 32 0 0 7 0 45 22 11 27 0 25 8 0 20 37 0 12 40 23 34 0 6 5 46 35 0 19 29 0 10 2 48 17 14 49 0 1
0 38 15 0 26 32 24 0 7 0 45 22 0 0 3 0 8 0 20 37 30 12 0 23 34 33 6 0 0 35 43 19 0 36 10 2 48 0 14 0 0 1 21 18 13 0 0 42 31
