6
23 17 10 1 0 25 0 29 8 19 27 32 0 22 3 35 0 0 0 0 11 9 14 0 0 0 6 36 0 30 0 33 2 26 0 18
0 19 0 18 12 0 6 31 0 1 7 5 14 21 8 0 13 29 24 22 0 0 28 35 2 9 0 15 27 0 3 0 23 25 34 36
6 5 28 36 3 30 0 0 0 0 0 18 7 0 23 0 0 25 0 0 0 0 16 32 10 0 0 35 24 0 27 0 0 9 0 0
0 0 0 0 27 0 3 0 0 0 34 0 0 33 16 0 12 9 0 0 0 1 7 0 0 0 8 21 13 0 24 17 10 0 28 0
7 22 24 0 0 31 0 15 0 0 0 21 10 5 0 36 6 0 13 0 20 26 0 18 0 17 28 1 0 25 8 0 11 19 0 32
14 9 8 0 0 15 0 0 10 35 28 0 2 19 20 18 27 0 0 31 23 0 0 30 0 29 0 33 12 26 6 1 4 0 7 0
31 4 0 7 35 6 29 0 33 13 18 14 22 0 0 28 0 0 9 0 0 27 32 2 0 23 17 34 5 3 19 16 15 12 21 11
33 14 26 0 18 0 17 0 1 0 0 10 0 11 19 0 32 0 0 3 35 4 31 28 15 0 0 12 21 16 0 0 36 23 30 0
0 0 17 0 30 0 32 16 0 12 0 11 25 4 36 7 0 6 15 0 0 13 0 14 0 10 0 28 31 24 33 20 29 27 0 2
0 13 0 0 0 12 5 0 36 28 0 0 0 0 26 0 18 14 0 6 0 7 0 24 29 2 19 8 32 11 22 34 35 0 31 0
36 10 5 28 1 24 15 20 26 27 0 2 31 0 17 0 35 0 21 0 29 12 0 11 30 0 22 7 25 6 9 0 0 13 32 0
0 0 19 8 32 0 0 7 35 24 0 3 15 2 9 0 21 13 5 10 36 0 30 0 33 27 26 0 0 20 17 6 1 0 25 0
0 0 0 0 28 17 0 19 0 32 12 29 23 35 34 31 4 0 0 0 8 21 11 0 6 36 0 30 3 5 13 26 0 18 2 0
16 32 12 0 11 0 4 30 7 0 0 1 8 29 0 19 0 15 0 35 0 31 0 17 20 21 27 0 2 9 23 25 34 0 3 22
0 0 0 30 0 5 0 26 13 0 0 33 3 1 10 25 7 17 0 0 16 32 2 29 0 0 0 0 28 22 14 9 0 21 8 15
20 21 27 9 0 19 0 5 0 0 0 0 0 26 0 0 0 0 4 25 0 0 6 0 8 15 0 0 0 0 10 0 0 30 24 0
3 35 23 31 0 22 0 9 0 21 2 0 24 0 0 0 28 5 0 26 13 18 0 0 7 1 34 0 0 17 0 0 16 0 20 0
8 15 13 29 14 26 10 22 28 31 24 25 20 0 0 21 2 18 23 5 34 0 3 1 0 32 12 0 11 33 4 35 7 36 6 17
35 7 31 6 5 4 0 0 18 0 0 0 0 0 25 24 17 0 0 27 0 0 26 0 0 34 36 3 0 23 0 0 19 11 29 16
26 0 18 12 33 0 0 3 25 0 0 6 19 0 32 0 29 27 35 7 31 10 0 0 9 14 0 13 15 0 36 0 0 24 5 23
25 34 36 3 0 0 19 12 0 0 0 0 30 0 22 0 31 4 0 0 32 14 29 0 0 0 1 0 0 10 21 0 33 0 9 0
9 2 21 0 15 8 0 0 30 0 5 7 26 13 18 14 0 20 1 24 0 28 17 3 19 12 0 16 0 27 35 10 0 6 0 4
30 0 0 0 0 0 33 0 29 2 32 20 5 34 35 3 36 0 0 0 9 0 21 16 25 0 31 0 17 4 0 13 26 14 0 8
19 27 32 14 29 13 35 28 31 10 22 0 9 16 21 2 15 0 0 23 30 6 0 4 0 0 0 11 33 8 0 0 0 3 17 0
28 0 0 0 0 1 11 0 27 0 14 0 34 31 24 0 10 35 0 0 12 0 0 9 4 30 0 5 0 36 2 18 20 33 13 26
12 18 11 0 16 21 0 17 6 5 0 36 13 15 14 33 8 26 28 0 0 0 0 25 27 19 0 9 0 0 34 0 3 0 0 0
0 30 4 5 24 36 0 0 0 33 13 26 6 0 7 17 0 1 11 32 14 29 0 19 0 31 23 22 0 35 0 0 0 15 0 0
27 26 0 19 20 0 34 1 0 0 0 31 12 0 0 9 0 21 7 0 0 36 4 0 0 0 14 32 0 15 28 5 24 17 10 35
34 31 6 22 7 35 12 21 20 0 8 9 0 0 0 5 23 36 0 18 27 33 13 26 24 0 3 17 0 0 16 0 0 0 11 19
13 33 0 15 0 9 0 0 24 30 10 0 27 32 2 29 20 19 34 17 0 5 23 31 12 26 0 0 0 0 0 36 0 1 4 25
5 6 22 4 0 7 26 14 0 0 0 13 0 24 0 10 30 28 0 0 0 0 19 0 0 0 25 23 36 34 0 11 9 0 33 12
18 11 33 0 26 14 0 0 17 6 0 0 32 0 0 0 0 0 31 0 0 3 0 0 0 0 15 20 9 12 30 23 5 7 36 0
17 0 0 23 0 0 0 11 19 0 33 12 0 6 31 0 0 7 0 0 21 8 15 13 0 24 5 0 0 28 0 0 0 20 18 0
0 12 0 0 9 0 0 24 0 0 36 0 0 0 33 0 26 0 25 4 17 23 1 6 0 16 29 2 19 0 31 0 22 34 0 0
1 0 0 10 36 0 0 0 0 20 0 27 0 3 0 23 25 0 26 0 33 0 9 0 31 6 30 0 0 0 15 0 21 0 19 13
32 0 29 0 19 0 31 0 0 0 35 0 21 0 0 20 9 16 0 34 0 24 36 0 0 11 33 0 0 14 25 0 17 0 1 0
