6
31 10 15 0 0 0 35 36 5 1 9 0 11 25 0 0 33 0 4 0 2 0 14 0 0 12 0 26 0 0 19 7 24 28 22 3
35 1 0 8 0 21 0 0 0 10 11 18 9 0 5 0 24 0 34 13 27 12 16 23 4 28 22 3 0 0 0 25 29 30 15 6
17 12 11 0 0 18 4 7 0 28 0 3 15 10 0 0 27 0 5 36 19 1 0 32 0 0 29 30 0 6 0 21 2 8 35 0
4 0 22 0 0 0 33 25 0 0 15 6 35 0 0 0 2 21 0 26 0 0 11 30 9 32 5 20 0 8 0 18 27 0 16 23
0 25 29 30 0 6 0 21 0 0 0 20 31 12 17 0 34 18 0 0 0 28 24 3 0 10 16 0 15 13 0 0 5 1 14 0
9 0 5 20 24 7 34 0 27 0 16 13 4 3 22 8 19 0 0 0 29 18 15 6 35 36 0 21 0 1 31 10 17 0 0 0
25 17 30 0 18 0 21 0 1 24 8 9 13 27 6 0 0 34 36 22 3 19 7 0 0 0 23 0 10 33 32 0 0 2 0 35
0 0 28 0 0 0 0 0 23 29 13 17 0 5 0 0 0 9 25 16 0 15 6 27 0 0 8 4 20 14 12 33 26 11 18 0
10 29 12 15 13 0 0 14 20 2 0 0 23 17 0 0 0 0 28 5 0 24 0 9 0 0 18 16 0 34 8 0 0 0 0 4
21 0 8 0 20 35 12 0 26 15 18 0 7 14 0 0 3 2 10 17 23 0 0 0 36 9 1 19 0 22 0 29 0 0 0 0
0 0 26 0 6 0 0 22 7 0 0 4 18 29 10 15 25 33 0 0 0 2 0 0 30 0 0 11 13 31 0 5 0 24 0 0
36 14 0 0 32 24 0 33 30 0 6 0 0 4 8 19 20 22 0 0 0 11 18 34 7 0 28 0 0 35 0 17 23 0 0 16
29 23 0 13 0 0 0 1 19 0 4 0 17 0 0 0 15 25 0 8 5 20 0 21 16 26 0 0 31 0 24 28 14 3 0 0
0 0 2 28 35 0 17 12 11 26 31 10 5 20 0 1 0 0 27 0 16 25 34 13 0 0 0 32 4 21 29 23 15 0 0 30
0 26 31 18 0 0 24 28 0 0 5 7 16 0 0 13 11 0 22 1 0 32 2 0 29 30 33 0 17 25 35 8 9 20 19 0
0 0 0 1 0 20 0 18 15 6 33 25 0 8 0 32 0 3 17 0 11 0 31 0 0 7 24 28 0 0 27 26 16 0 34 13
11 0 16 6 17 25 9 8 0 0 35 21 29 0 0 0 31 12 24 28 14 0 19 7 34 23 0 13 27 0 5 0 22 0 4 36
5 8 24 0 9 0 27 23 0 13 0 30 22 21 0 28 0 0 29 10 0 26 0 0 0 20 0 1 0 3 17 0 0 25 31 0
12 11 10 31 26 17 7 0 0 0 1 5 30 16 0 34 6 27 21 19 0 4 36 22 23 15 13 33 18 29 0 2 20 35 8 0
0 24 3 19 0 5 23 29 13 0 0 16 1 35 32 0 0 14 0 11 6 0 25 0 0 22 0 9 21 0 26 0 18 27 12 0
0 15 25 0 23 29 20 2 0 35 28 0 10 11 26 0 13 17 8 0 1 9 3 5 12 0 30 34 0 27 0 19 0 4 32 22
8 9 0 0 0 0 26 27 0 0 12 33 28 0 3 4 7 0 23 15 13 29 0 16 1 0 0 0 0 5 30 0 6 0 25 11
13 16 0 34 30 0 8 0 21 4 0 0 12 0 23 33 18 0 7 0 28 35 0 14 0 11 10 0 0 17 0 24 36 0 3 5
1 4 32 0 0 22 0 0 6 11 0 15 8 19 20 9 21 5 26 0 18 0 12 17 0 35 3 0 7 2 0 34 13 0 10 29
15 13 17 10 29 23 2 32 35 36 0 0 0 6 31 0 16 0 14 0 0 0 5 8 33 0 0 12 11 26 22 3 4 0 0 28
2 36 35 0 14 1 0 6 31 25 0 0 24 0 9 0 0 8 0 30 34 23 27 10 19 0 4 7 22 0 0 13 0 26 29 18
0 18 33 12 31 26 0 3 4 0 22 28 27 13 11 0 17 0 2 0 0 36 9 1 0 6 0 25 29 0 14 0 19 0 24 8
0 28 4 3 0 8 0 10 33 30 29 23 2 0 35 21 0 32 11 18 0 0 0 0 0 0 0 36 5 0 16 12 0 0 27 25
34 6 27 25 11 30 0 0 0 21 24 8 0 0 0 0 0 26 0 3 22 7 4 28 0 0 31 10 0 23 0 0 0 0 5 1
24 20 9 7 0 0 16 0 34 0 27 26 19 0 4 3 22 1 15 12 0 0 0 25 2 0 35 8 0 28 11 0 0 23 0 0
30 0 0 0 0 0 1 9 0 0 21 0 26 0 18 27 0 0 0 0 36 0 32 0 0 33 0 29 0 15 20 0 7 14 28 2
3 19 7 2 28 4 13 0 0 33 23 0 32 24 36 0 0 35 0 0 25 0 0 0 0 14 0 0 0 0 0 0 12 29 26 17
6 33 23 29 12 0 36 35 28 14 7 2 25 0 13 0 10 11 20 9 0 5 0 24 0 34 0 27 30 16 3 0 0 0 1 19
20 0 21 24 8 14 18 17 12 0 0 0 3 0 7 5 28 4 13 34 0 0 23 11 32 2 36 22 1 0 0 27 25 0 0 15
26 34 0 27 0 0 3 4 32 0 0 19 6 33 12 29 30 0 1 0 7 14 28 2 13 31 0 17 23 11 0 9 0 0 21 0
32 22 36 5 0 9 6 15 0 0 30 0 20 2 21 14 8 19 0 0 12 17 26 29 0 4 0 35 0 0 13 0 0 31 23 0
