8
0 14 38 33 11 48 0 0 29 0 55 27 0 36 24 18 2 28 17 0 37 5 22 0 32 15 0 59 25 0 49 47 64 51 8 61 42 58 30 0 3 53 7 0 31 6 0 43 44 0 13 57 23 21 41 40 16 20 54 50 9 0 19 1
32 15 45 0 0 34 49 47 0 0 0 61 42 58 30 56 3 53 0 60 0 6 0 43 44 35 13 57 23 21 0 40 16 20 54 0 0 26 19 1 0 14 38 33 11 48 4 46 29 0 55 0 12 36 0 0 2 28 17 0 37 5 0 0
0 0 13 57 23 21 0 0 0 0 54 50 0 26 19 1 62 0 0 33 0 48 4 46 29 0 55 27 12 0 24 18 2 0 0 63 0 5 22 39 32 15 45 59 25 34 49 0 64 51 8 61 42 0 0 56 0 53 7 60 31 0 52 43
29 10 55 0 12 36 24 0 2 28 17 63 0 5 0 39 32 15 45 0 0 0 49 0 64 51 8 61 42 0 30 0 3 53 7 60 31 6 0 0 0 35 0 0 0 0 0 40 16 20 54 50 9 0 0 1 0 0 38 33 11 0 4 0
64 51 0 61 0 0 30 56 3 0 7 60 0 6 52 0 0 0 0 57 23 21 41 0 16 20 0 50 9 26 0 1 62 0 0 33 11 48 0 46 29 10 55 27 12 36 24 18 2 28 0 63 0 5 0 0 32 0 45 0 0 34 49 0
0 0 54 50 9 26 0 0 0 0 38 0 0 48 4 46 29 10 0 0 0 36 24 18 2 0 17 63 37 0 22 39 32 15 45 59 0 34 49 47 64 0 0 61 42 58 30 56 3 53 0 60 31 6 52 43 44 35 0 57 0 0 41 40
2 28 0 0 37 5 22 0 0 15 45 59 25 34 0 47 0 51 8 61 42 0 30 56 3 0 0 0 0 6 52 43 0 35 13 57 23 21 0 0 0 20 54 50 0 0 0 1 62 0 38 33 0 0 4 0 29 10 0 27 12 0 0 18
3 0 7 60 31 0 0 0 44 35 0 57 23 0 41 40 0 0 54 0 0 0 19 0 62 14 38 33 11 48 0 0 0 10 55 27 0 36 24 18 2 28 17 63 37 5 0 39 32 15 0 59 25 34 49 0 64 0 8 61 0 58 30 56
46 62 0 0 0 11 48 4 18 0 0 55 27 12 0 24 0 2 0 0 0 0 5 22 47 0 0 45 59 25 34 49 56 0 51 8 61 42 58 30 43 3 53 7 0 0 6 52 0 44 0 13 57 0 21 41 1 16 20 54 0 9 26 0
47 0 15 45 0 25 34 0 56 0 0 0 0 42 58 30 0 0 53 7 60 31 0 52 40 44 35 13 57 23 0 41 1 16 20 54 50 9 26 0 46 0 14 0 0 0 48 0 18 29 10 0 27 12 36 24 39 2 28 17 63 0 5 22
40 44 35 13 0 23 0 0 1 16 20 54 50 0 26 19 0 62 0 0 0 11 0 4 18 29 10 55 27 0 36 24 39 2 28 0 0 37 0 0 47 32 0 45 59 25 34 49 0 64 51 8 61 0 58 30 0 3 53 7 60 31 0 0
18 0 10 0 27 12 36 0 0 0 0 17 63 37 5 22 47 32 0 45 59 25 34 49 56 0 51 0 61 42 0 30 43 0 53 0 0 31 6 0 40 44 35 0 57 23 21 41 0 16 0 0 50 9 26 19 0 0 0 0 0 11 48 0
56 64 0 0 61 42 0 30 43 3 53 0 60 31 6 52 40 44 35 13 57 23 21 41 1 16 0 0 50 9 0 19 46 62 14 0 33 0 0 4 18 29 10 55 27 12 36 24 39 2 28 0 63 37 0 0 0 32 0 45 59 25 34 0
1 0 0 54 0 0 26 0 0 0 0 38 0 11 0 0 0 0 10 55 27 12 36 24 0 2 0 17 0 37 0 22 0 32 15 45 0 0 0 49 56 64 51 8 61 42 0 0 0 0 0 0 60 31 6 52 0 44 35 13 57 23 21 41
39 2 28 17 63 0 5 22 47 32 15 45 59 0 34 0 56 64 51 8 0 42 58 30 43 3 53 0 60 0 6 0 0 0 35 0 0 23 21 0 0 0 20 0 50 9 26 0 46 62 14 38 33 11 0 4 18 29 0 55 27 0 0 0
0 0 53 0 0 31 6 0 40 0 0 13 57 23 0 41 1 16 0 0 0 9 26 0 46 0 0 0 33 11 48 4 18 29 10 55 27 0 0 24 39 2 0 17 0 37 5 22 47 0 15 45 59 25 0 49 56 64 51 8 0 0 58 30
4 0 62 0 0 33 0 48 24 18 0 10 55 27 0 36 0 0 2 0 0 0 37 5 49 47 32 0 45 59 25 34 30 56 64 51 8 61 0 0 52 43 0 53 0 0 31 6 41 40 0 0 13 0 23 0 19 1 16 20 54 0 9 0
49 47 32 15 0 0 25 34 30 56 64 0 8 0 42 58 52 0 3 53 7 0 31 6 0 40 44 35 0 57 0 21 19 0 16 20 0 0 9 0 4 46 0 14 38 0 11 48 0 18 29 10 55 27 12 36 22 0 2 28 17 63 37 5
41 0 44 0 0 57 0 0 0 1 0 0 54 50 0 26 0 0 0 0 38 33 11 48 24 18 29 10 55 27 0 36 0 39 2 0 17 0 37 0 0 0 0 0 45 0 25 34 30 56 64 0 0 61 42 58 0 43 3 0 0 60 0 0
24 18 29 10 55 0 12 36 22 0 2 0 0 63 37 5 0 47 32 0 45 0 25 0 30 56 64 51 8 61 0 58 52 43 3 0 7 0 31 6 0 40 44 35 13 57 23 21 0 1 16 20 54 50 9 26 4 46 62 0 38 33 11 48
30 56 0 51 8 61 42 58 52 0 0 53 7 60 31 0 0 0 44 35 13 57 23 21 19 1 16 0 54 0 0 26 0 46 62 14 0 33 11 48 24 0 29 10 55 27 12 36 22 39 2 0 17 63 37 5 0 0 0 0 0 59 25 34
19 0 16 20 54 50 9 26 4 46 62 0 38 0 11 48 24 18 29 0 0 27 12 36 22 39 2 28 17 63 37 5 49 47 0 15 45 59 25 34 30 0 64 51 8 61 42 58 0 0 3 53 7 60 0 0 41 40 44 35 13 57 0 21
22 39 2 28 17 63 37 5 0 0 32 15 0 59 25 34 30 56 64 51 0 61 42 58 52 43 3 0 7 60 0 0 41 40 44 0 13 57 0 21 19 0 0 20 0 50 9 26 4 46 62 14 38 0 0 48 24 18 29 0 0 27 12 0
52 43 0 53 7 60 31 0 0 0 44 35 0 57 0 21 19 0 0 20 54 50 9 26 4 46 62 14 0 0 11 48 24 0 0 10 55 27 12 0 22 39 2 28 0 0 37 0 49 0 32 0 45 59 0 34 30 56 64 51 8 0 42 0
0 4 46 62 14 38 0 11 0 0 18 29 10 55 27 12 5 22 39 2 28 17 63 37 34 49 47 32 15 45 59 25 58 30 56 64 51 0 0 0 0 0 43 3 53 7 60 0 21 41 40 44 35 13 0 23 0 0 1 16 20 54 0 9
34 49 0 32 15 0 59 25 58 30 0 64 0 8 61 0 6 52 0 3 0 7 60 31 0 0 40 44 0 13 57 0 26 19 1 16 20 54 0 9 48 0 46 0 14 38 33 0 36 24 18 0 10 55 0 12 5 22 39 2 28 0 63 37
21 41 40 44 35 0 0 0 0 19 0 0 0 54 0 9 48 0 46 62 14 0 33 0 0 24 18 29 0 55 0 12 0 22 39 2 28 17 0 37 0 49 47 32 15 45 59 25 0 30 56 64 51 8 0 0 6 52 0 3 53 7 60 31
36 24 0 29 10 55 27 0 5 22 0 2 0 17 0 37 0 0 0 32 15 0 59 25 0 0 56 0 51 8 61 42 6 52 43 3 53 7 60 0 0 41 0 0 35 13 57 23 26 19 1 16 20 54 0 9 48 4 46 0 14 0 33 11
58 0 0 64 0 0 0 0 6 52 0 3 53 7 60 0 0 0 40 44 35 0 0 23 0 0 1 16 0 0 50 0 48 4 0 0 14 38 33 11 36 24 18 29 0 55 27 0 5 22 39 2 0 17 63 0 0 0 47 32 15 45 59 25
0 19 1 16 20 0 0 9 0 4 46 62 14 0 33 11 36 24 18 0 10 55 0 12 5 22 39 0 0 17 0 37 34 49 47 0 15 0 59 25 0 30 56 0 51 8 0 42 6 0 43 0 0 7 60 31 21 41 40 44 35 13 0 23
0 0 39 2 28 0 0 0 34 0 47 32 15 45 0 25 58 30 56 64 0 8 61 42 6 52 43 0 53 7 0 31 0 41 0 0 0 13 57 23 26 19 1 16 20 54 0 9 48 0 46 0 14 0 0 0 36 0 18 29 10 55 27 0
6 52 0 3 53 7 60 31 0 41 0 44 0 13 57 0 0 19 1 16 20 54 50 0 0 0 46 62 14 38 33 11 0 24 0 29 0 55 27 12 0 0 39 0 28 17 0 37 34 49 47 32 15 45 59 0 0 30 0 64 51 8 61 42
11 0 4 46 62 14 38 33 12 36 0 18 0 10 55 27 0 0 22 39 2 28 0 0 0 34 0 47 32 15 45 59 42 58 30 0 64 0 0 61 0 6 52 43 3 53 0 60 23 21 0 40 44 35 13 0 9 0 19 0 16 20 54 0
0 34 49 0 32 15 45 59 0 58 30 56 64 0 8 61 31 0 0 43 3 53 7 60 23 21 41 40 44 35 0 57 9 26 19 0 16 20 0 50 0 48 0 0 0 14 38 0 0 0 24 0 0 0 55 27 0 0 0 39 2 28 0 63
23 0 41 40 44 0 13 57 9 26 0 0 16 20 54 50 11 48 4 0 62 0 38 0 0 36 24 18 29 10 55 27 0 5 22 0 2 28 17 63 0 34 49 47 32 0 0 59 0 58 30 56 64 0 8 0 0 0 52 43 3 53 7 0
12 36 0 18 29 10 55 27 0 5 22 0 2 0 17 63 25 34 0 47 32 15 0 59 42 0 30 0 64 51 0 61 31 6 52 0 3 0 7 60 0 0 41 40 44 35 13 57 0 26 19 1 16 0 54 0 0 48 4 46 0 0 38 33
42 58 30 0 64 51 8 0 31 0 52 43 3 53 0 60 0 0 0 40 44 0 13 57 9 0 19 1 16 0 0 50 11 0 4 46 62 14 38 33 12 36 0 18 29 10 55 27 0 5 0 39 2 0 17 0 0 0 49 47 0 0 45 0
9 26 0 1 0 20 0 50 11 48 4 46 0 14 38 33 12 0 24 18 29 10 55 27 37 0 22 39 2 28 0 0 25 34 49 47 0 15 0 59 42 58 30 56 0 0 8 0 31 6 52 0 3 53 7 60 0 0 41 0 44 35 13 57
37 5 22 39 2 28 17 63 25 0 0 47 32 0 45 59 0 58 30 56 64 51 8 61 31 6 52 0 0 0 7 0 0 21 0 0 0 0 13 57 9 26 19 1 0 0 0 0 11 48 0 0 0 0 38 0 12 0 24 18 29 0 55 0
31 6 52 43 3 0 7 60 0 21 41 0 44 0 13 0 0 26 19 1 16 20 0 50 0 48 0 46 0 14 38 33 12 36 24 18 0 10 55 27 37 0 22 39 0 28 17 63 25 0 0 47 32 15 45 0 0 0 30 0 64 51 8 61
33 0 48 4 46 62 14 38 27 12 36 24 18 29 10 55 0 37 5 22 39 0 28 17 59 0 34 49 0 0 0 0 61 0 58 0 56 0 0 0 0 31 6 52 0 0 0 7 57 0 21 41 40 0 35 13 50 9 0 19 0 16 0 54
59 0 0 49 47 32 15 45 0 42 0 30 56 0 51 8 60 31 6 52 43 3 53 7 57 23 0 0 40 44 35 13 0 9 26 19 1 0 20 54 33 11 48 0 0 62 14 38 27 12 0 24 18 0 0 55 63 37 0 22 39 2 0 17
57 0 21 41 40 0 35 13 50 9 0 0 1 16 20 0 33 11 48 4 46 62 14 38 27 0 36 24 0 0 10 0 0 37 0 22 0 2 28 17 0 25 0 49 47 0 15 45 61 0 58 30 56 64 51 8 60 31 6 52 0 3 53 0
0 12 36 24 18 0 0 0 0 37 5 22 39 2 28 0 59 0 0 49 0 32 15 45 61 0 0 30 56 64 51 8 0 0 6 0 43 0 0 7 57 23 0 41 0 44 35 13 50 9 26 19 1 16 20 54 0 11 48 4 46 0 14 38
61 42 0 0 0 64 51 0 0 31 6 52 43 3 0 0 0 23 0 41 40 0 0 13 50 9 0 19 0 16 20 0 33 11 48 4 46 62 14 0 27 12 0 24 0 29 10 55 63 37 5 22 39 2 0 17 0 25 34 49 47 32 15 0
50 9 26 19 1 16 20 54 33 0 48 4 46 0 0 0 27 0 36 0 18 29 0 0 63 0 5 22 39 2 28 0 0 25 34 0 47 0 15 45 61 42 58 30 56 0 51 8 60 0 0 0 43 3 0 7 57 0 21 41 40 44 0 13
0 37 0 0 39 2 0 17 59 25 34 49 0 32 15 45 61 42 58 0 56 64 0 8 60 31 6 0 43 0 53 7 0 0 0 41 40 0 35 13 0 9 26 19 1 16 0 0 0 11 48 4 0 0 0 0 0 12 36 24 18 0 0 0
60 0 6 52 43 3 0 0 57 23 21 41 40 0 35 13 50 0 26 19 1 16 0 54 33 11 48 4 0 0 14 38 27 0 36 24 18 29 10 55 0 37 0 22 0 0 28 17 59 25 34 49 47 0 0 45 61 42 58 30 56 64 51 8
38 0 11 0 0 46 62 0 0 0 12 36 24 18 29 10 17 0 0 0 0 39 2 28 45 0 0 0 0 47 0 15 0 61 42 58 30 56 0 0 0 60 0 6 52 43 3 53 13 57 23 21 0 0 0 0 54 0 0 26 19 0 0 20
45 0 25 34 0 47 32 15 8 0 42 0 30 56 64 51 0 60 31 6 52 43 0 53 13 57 0 0 41 0 44 35 54 50 9 26 19 1 0 20 0 33 11 48 4 0 0 14 55 27 12 36 24 18 0 10 17 63 37 5 22 39 0 28
13 0 23 21 41 40 0 35 54 0 9 26 19 1 16 20 0 33 11 0 0 46 62 14 55 27 12 36 24 18 29 10 0 63 37 5 22 39 2 28 45 0 0 34 49 47 32 15 8 0 42 58 0 0 0 51 7 60 0 6 52 43 3 53
55 27 12 36 24 0 0 0 0 63 0 0 22 39 2 0 45 59 25 34 49 0 32 0 8 0 42 58 30 0 0 51 7 0 31 6 52 0 3 53 13 57 0 21 0 0 44 0 0 50 9 0 19 1 16 20 0 33 0 48 4 46 62 14
0 0 0 58 30 56 64 51 0 0 0 6 52 43 0 0 13 57 0 21 41 40 44 35 54 0 9 26 0 1 16 0 38 0 11 0 4 0 62 0 55 0 12 36 24 18 0 10 17 63 37 0 22 39 2 0 45 59 25 34 49 47 0 0
54 50 0 26 0 1 16 0 38 33 11 48 4 46 62 14 0 27 0 0 0 18 29 0 0 63 37 5 22 0 0 0 45 59 0 34 49 47 0 15 8 0 0 58 0 56 64 51 7 0 0 6 52 0 0 53 13 0 23 0 41 0 44 35
0 0 0 5 22 0 0 0 45 59 0 34 0 47 32 15 0 0 42 58 30 0 64 51 7 60 31 6 52 0 0 0 13 57 0 21 0 0 44 35 54 0 9 0 0 0 0 0 38 33 11 48 4 46 0 14 55 0 12 36 24 18 29 10
7 0 31 6 52 43 3 53 13 57 23 21 41 0 44 35 0 50 9 26 19 0 0 0 38 33 11 48 0 46 62 14 55 27 12 36 24 18 29 10 0 63 37 0 0 0 2 28 45 0 25 0 49 47 32 15 8 0 42 0 0 56 64 51
14 0 0 11 0 0 0 0 0 55 27 12 0 0 18 0 28 0 63 37 5 22 39 0 15 45 0 25 0 49 47 0 51 0 0 42 58 30 56 64 53 0 0 31 0 52 43 3 0 13 0 0 21 41 0 44 20 0 50 9 26 19 1 16
15 45 59 25 0 0 0 32 0 8 0 42 0 0 0 64 53 7 60 31 6 52 0 0 0 13 57 23 21 0 40 0 0 54 50 9 26 0 1 16 14 0 0 0 48 4 46 62 0 55 27 12 36 24 18 29 28 17 0 0 0 22 0 2
35 0 57 0 0 41 40 44 0 54 50 0 26 19 1 0 14 0 33 11 48 4 46 0 10 55 27 12 36 24 18 29 28 17 63 37 5 22 39 2 0 45 59 25 34 49 47 32 51 8 61 0 58 30 56 64 53 0 60 31 0 52 0 3
0 55 0 12 36 24 18 29 0 17 63 37 0 0 39 2 15 0 59 25 34 49 0 32 51 8 61 0 58 0 56 64 53 7 60 31 6 0 43 3 35 0 57 23 21 41 40 44 0 54 0 9 0 19 0 16 14 0 33 0 48 0 0 62
0 0 61 0 0 30 56 64 0 7 60 31 6 0 0 0 35 13 57 0 21 41 0 0 20 54 0 9 26 0 1 16 14 38 33 0 48 4 46 62 10 0 27 12 36 0 0 29 28 0 63 37 0 22 39 2 15 45 59 0 34 49 47 32
0 54 0 9 26 19 0 16 14 0 0 0 48 0 46 0 10 0 27 12 36 24 18 29 28 17 63 37 0 22 39 2 15 45 0 0 0 49 0 32 51 8 61 0 0 0 56 64 53 7 60 31 6 0 43 3 35 13 57 0 21 41 40 0
0 17 63 0 5 22 0 2 15 0 59 25 34 49 47 32 51 8 61 42 58 0 56 64 0 7 60 31 0 0 0 3 35 13 57 0 21 41 40 0 20 54 50 9 26 19 1 16 14 38 0 0 48 4 46 62 10 55 27 12 0 24 18 29
53 7 0 31 6 52 0 3 0 13 57 0 21 41 40 44 0 0 50 9 26 19 1 16 14 38 0 11 48 0 0 62 10 55 27 12 36 24 18 0 28 0 0 0 5 0 39 2 0 45 59 25 0 49 47 0 0 0 0 42 0 30 56 64
