8
11 12 36 0 0 15 0 19 48 0 43 32 2 56 0 45 0 0 10 0 0 62 0 60 35 26 8 0 33 34 18 44 38 0 0 31 0 0 42 0 0 24 64 25 0 57 27 16 9 0 0 40 50 0 0 23 7 0 0 41 0 0 13 59
7 39 47 41 0 29 13 59 11 12 0 0 20 15 0 19 48 1 43 32 2 0 0 45 0 30 10 52 51 62 0 60 0 26 8 63 33 34 18 0 38 0 6 0 0 0 0 0 49 0 64 25 55 57 27 16 0 0 0 40 0 53 4 23
9 0 0 40 50 53 4 23 7 0 47 41 0 0 0 0 11 0 0 0 20 15 28 0 0 0 0 32 2 56 0 45 22 0 0 0 0 62 14 60 35 26 8 63 0 34 0 44 38 0 6 31 17 5 0 54 49 24 64 25 0 0 0 0
0 24 0 0 0 57 27 16 9 0 58 40 50 0 4 0 7 39 0 41 0 29 0 59 11 0 36 61 20 15 28 0 48 1 43 32 2 56 0 45 22 0 10 52 0 0 14 0 0 0 0 0 33 34 18 44 38 46 0 0 17 5 0 0
38 0 0 0 0 5 42 54 49 0 64 25 55 57 0 16 0 3 0 40 50 53 0 23 7 39 0 41 21 0 13 59 0 0 36 0 20 0 28 19 48 1 43 0 2 0 37 45 0 30 10 52 51 0 14 60 35 0 0 63 33 34 18 44
35 26 0 63 33 34 0 44 38 46 6 31 17 5 42 54 0 24 64 25 55 57 0 16 0 3 0 40 50 53 4 0 7 39 0 0 21 29 0 59 11 0 36 61 20 15 28 19 48 1 43 32 0 56 0 45 22 30 10 0 51 0 0 60
22 30 0 52 51 0 14 60 0 0 8 0 0 34 0 0 38 0 6 31 17 5 0 0 49 0 64 0 55 57 27 16 0 0 58 40 0 53 4 23 7 39 0 41 21 0 13 59 11 12 36 61 20 15 0 0 0 1 43 32 2 56 37 45
0 1 0 0 2 56 37 45 0 30 10 0 51 62 14 60 35 26 8 63 33 34 0 44 38 0 6 31 17 5 42 54 0 24 64 25 0 57 27 16 9 3 0 40 50 53 4 23 0 39 47 41 21 29 13 0 11 0 0 0 0 0 28 19
19 0 0 36 61 0 15 0 0 0 1 43 32 2 56 37 60 22 30 0 52 51 62 14 0 0 26 8 0 33 0 0 0 0 0 0 0 17 5 42 16 49 24 64 25 55 57 27 23 9 3 0 40 0 0 4 59 0 0 47 0 21 29 13
59 7 39 47 0 21 29 13 0 11 12 36 0 20 15 28 45 48 1 43 0 2 56 37 60 0 30 0 52 0 62 14 44 35 26 0 0 0 34 18 54 38 46 6 0 0 5 42 16 49 0 0 25 55 57 27 23 0 3 58 40 50 53 4
23 9 3 58 0 50 53 4 0 0 0 47 0 21 0 0 19 0 0 36 0 0 0 0 45 0 1 0 32 2 56 37 60 0 0 0 0 0 62 14 44 0 0 8 63 33 34 18 54 38 0 6 31 17 5 42 16 49 24 64 25 55 57 27
0 49 24 0 0 55 57 0 23 9 3 58 40 0 0 4 59 7 0 47 41 21 29 13 19 11 0 0 61 20 0 28 45 48 0 43 32 0 0 37 0 22 0 10 0 51 62 0 44 35 26 8 0 0 34 18 54 38 46 0 0 17 5 0
54 38 0 0 31 0 5 0 16 49 0 64 25 0 57 27 0 9 3 58 0 0 53 4 59 7 39 47 41 21 0 13 19 0 12 36 0 20 0 28 45 48 1 43 32 2 56 0 60 22 30 0 0 51 0 14 44 35 26 8 63 33 34 18
0 0 0 8 63 33 0 0 0 38 0 6 0 0 0 42 0 49 0 0 0 55 57 0 0 9 3 58 40 50 53 4 0 7 39 47 41 0 0 13 0 11 12 36 61 0 15 28 0 48 0 43 0 0 0 37 0 22 30 10 52 0 0 14
60 22 30 10 52 51 62 14 44 0 26 8 0 33 34 18 54 38 46 6 31 17 5 0 16 0 0 64 0 55 57 27 23 9 3 58 40 50 53 0 59 7 39 47 41 0 29 0 19 0 12 36 61 20 15 28 0 0 1 0 32 0 0 37
45 48 0 43 0 2 0 37 60 0 30 10 0 51 62 14 44 0 0 0 63 33 34 0 54 38 46 6 31 17 5 42 16 0 0 64 0 55 57 27 0 9 3 58 40 0 53 4 59 7 39 0 41 21 29 13 19 11 12 36 61 0 0 28
28 0 11 12 0 61 20 15 37 45 48 1 0 32 2 56 14 60 0 30 10 52 51 62 0 0 0 0 8 63 33 0 42 0 0 46 6 31 17 0 0 16 49 24 64 0 55 0 0 23 9 3 0 40 50 53 0 59 0 0 0 41 21 0
13 0 7 0 47 0 0 29 28 19 11 12 0 0 20 15 37 45 48 0 0 32 2 56 0 60 22 30 10 52 0 62 18 44 0 26 8 0 33 34 42 54 0 46 6 31 17 5 0 16 49 24 0 25 55 0 0 0 0 3 58 40 50 53
4 23 9 0 0 40 50 53 13 59 7 39 47 0 21 29 28 19 11 0 36 61 0 15 37 45 48 1 0 32 0 56 14 0 0 0 0 52 0 62 0 44 35 0 0 0 33 34 42 54 38 46 6 0 17 0 0 0 49 24 64 25 0 57
27 0 49 0 0 25 55 57 4 23 9 3 58 40 50 53 0 59 7 0 47 41 21 0 28 0 11 0 36 61 0 0 0 45 0 0 43 32 2 56 14 60 0 0 10 0 0 0 18 44 35 26 8 63 0 34 42 54 38 46 0 31 0 5
42 0 38 46 0 31 17 0 0 0 49 0 0 25 0 57 4 23 0 0 58 40 50 53 13 0 7 39 0 41 21 0 28 19 11 0 36 61 20 15 0 0 0 0 0 32 0 56 14 60 22 30 10 0 51 62 18 44 0 0 8 0 33 34
18 44 35 26 8 0 33 34 0 54 38 46 6 31 17 0 27 16 0 24 0 25 55 57 4 23 0 3 58 0 50 53 13 59 7 39 0 41 21 29 28 0 11 12 0 61 20 0 0 45 48 1 43 32 2 56 14 60 22 0 10 0 51 0
0 60 22 30 0 52 51 62 18 0 35 26 0 63 0 0 42 0 38 46 6 0 17 5 27 16 49 24 64 25 55 57 4 23 9 3 58 40 50 53 0 59 7 39 47 0 0 29 28 19 11 12 36 0 20 15 37 45 0 1 0 0 2 56
0 45 0 1 43 0 0 56 14 60 22 0 0 0 0 62 18 44 35 26 0 63 33 34 0 0 38 46 6 31 17 0 0 16 0 24 64 25 55 57 0 23 0 0 58 40 50 0 13 0 7 39 47 0 21 29 0 19 11 12 36 61 20 15
0 28 19 0 12 36 0 20 56 0 45 48 0 43 32 2 0 14 60 0 30 10 52 51 34 0 44 35 26 8 63 0 5 42 54 38 46 6 31 0 57 0 16 49 0 64 25 0 0 4 0 0 0 58 40 0 29 13 59 7 0 0 0 0
29 13 59 0 0 47 41 21 15 28 0 11 0 0 61 0 56 37 45 48 1 43 32 2 62 0 60 22 30 0 0 0 0 0 0 35 26 8 63 33 5 0 0 38 0 0 31 17 57 27 16 0 24 64 25 0 53 4 23 9 3 58 40 50
0 4 23 9 3 58 40 50 0 13 59 7 0 47 0 21 15 0 19 11 12 36 61 0 0 0 45 48 0 43 32 2 62 0 0 22 30 10 52 51 34 18 44 0 26 8 63 0 0 42 0 0 46 0 31 17 0 27 16 49 24 64 0 55
0 27 16 49 0 0 0 55 53 4 23 9 3 58 40 0 29 0 59 7 39 47 41 21 0 28 19 11 12 0 61 20 56 37 45 48 1 43 32 0 0 14 60 22 30 0 52 51 34 0 0 0 26 8 63 33 5 0 54 0 0 6 31 0
5 0 54 38 0 6 31 0 57 0 16 49 24 0 0 0 0 4 23 9 3 58 40 0 0 13 59 7 39 47 41 21 15 28 19 11 12 36 61 0 56 37 0 0 0 43 32 0 62 14 60 22 30 10 52 51 34 0 44 35 26 0 63 33
34 18 0 0 26 8 63 33 5 0 54 38 46 0 31 0 57 27 16 49 0 64 25 0 53 0 0 9 3 0 40 50 29 13 0 0 39 47 0 0 15 0 0 11 0 36 61 0 0 37 45 0 0 43 32 2 62 14 0 0 0 10 52 51
62 0 60 22 30 0 0 0 34 18 44 35 0 8 63 33 5 42 54 38 0 6 31 17 57 27 16 0 0 64 0 55 0 0 23 9 0 58 40 0 29 13 0 7 39 47 41 21 15 28 19 11 12 0 61 20 0 0 45 48 0 43 0 2
56 0 45 48 1 43 32 2 0 14 60 22 30 10 0 51 34 0 0 0 26 8 63 0 0 42 54 38 0 0 31 17 57 0 0 0 24 64 25 55 53 0 23 9 3 58 40 50 29 13 0 7 39 47 41 0 15 28 0 0 12 36 61 0
20 0 0 19 11 12 0 61 2 56 37 0 0 1 43 32 51 0 14 0 0 0 0 52 33 0 18 44 35 26 8 0 0 5 0 54 38 46 6 31 55 0 0 16 49 24 0 25 0 53 4 23 9 0 0 40 0 0 0 0 7 39 47 0
21 29 0 59 7 0 47 41 20 15 28 19 11 12 0 0 2 56 37 45 48 1 43 32 0 62 14 60 22 30 0 0 33 34 0 44 0 26 8 63 17 0 42 0 0 46 6 31 0 57 0 16 49 0 64 25 50 0 0 23 9 0 0 40
50 53 4 0 9 3 58 40 21 29 0 59 7 0 47 41 0 0 0 0 0 0 0 61 2 56 0 45 0 1 43 32 51 62 14 60 0 30 10 0 33 0 18 0 35 0 8 63 17 5 42 54 38 46 0 31 55 0 27 0 0 24 64 0
55 57 27 16 49 24 64 25 50 53 4 23 9 0 58 40 0 29 13 59 0 39 47 0 20 0 28 0 11 12 0 61 2 0 0 45 0 0 0 32 51 62 14 60 22 30 10 52 33 0 18 0 35 0 0 0 17 0 42 54 38 46 0 31
17 0 42 54 0 46 0 31 55 57 27 16 0 24 64 25 50 53 4 0 9 3 58 0 21 29 13 59 7 0 47 41 20 0 0 19 11 12 36 0 2 56 0 0 0 1 43 0 51 62 0 0 22 30 0 52 0 0 0 44 35 0 8 0
33 0 18 44 0 26 8 0 17 0 42 54 38 46 6 31 55 57 0 16 49 24 0 25 50 0 0 23 0 0 0 0 21 0 13 59 7 39 47 0 0 15 28 0 11 0 36 0 2 56 37 45 48 1 43 32 51 62 14 60 22 0 10 52
51 62 14 60 0 0 10 52 33 34 18 0 35 26 8 63 17 5 0 0 38 46 6 31 55 57 0 16 0 0 64 25 50 53 4 23 9 3 58 40 0 0 13 59 7 39 0 0 20 0 28 19 11 0 36 61 2 0 37 45 48 1 43 32
2 56 0 0 48 0 43 0 0 62 0 0 22 30 10 0 33 0 18 44 35 26 8 63 17 0 42 54 38 46 0 0 55 57 27 16 49 0 0 25 50 0 4 23 9 3 58 40 21 29 13 59 0 0 0 41 20 15 0 19 11 12 36 61
61 20 15 28 19 11 12 36 0 2 0 37 0 48 1 0 0 51 62 14 0 0 30 0 63 33 34 0 44 0 26 8 31 0 5 42 54 0 46 6 25 55 57 27 0 49 0 0 40 50 0 4 0 0 3 58 0 21 29 13 59 0 0 47
41 0 29 0 59 7 39 47 61 0 15 0 0 11 12 0 32 0 56 37 45 48 1 43 0 51 62 0 0 22 30 10 63 33 34 18 0 35 0 0 31 0 5 42 54 38 46 6 25 0 57 27 16 0 0 64 0 50 53 0 23 9 3 58
40 50 53 0 23 9 3 58 41 21 29 13 59 7 39 47 61 20 15 28 19 11 12 0 32 0 56 37 0 48 1 43 52 51 0 14 0 22 30 10 0 33 34 0 44 0 26 8 0 17 5 42 54 38 46 0 0 55 57 27 16 49 24 64
25 55 57 27 16 49 0 0 40 0 0 4 23 0 0 58 41 21 0 0 59 0 0 0 61 20 15 0 0 11 0 36 32 2 56 37 45 48 1 0 52 51 62 14 60 0 30 10 0 0 34 0 44 35 26 0 31 17 5 42 0 38 0 6
31 17 0 42 54 38 0 6 0 0 0 27 0 49 0 64 40 50 53 0 23 9 3 58 41 0 29 13 59 0 39 47 61 20 15 0 0 11 12 0 32 2 56 37 45 48 1 0 52 51 62 14 60 22 30 10 63 33 34 18 44 35 0 8
63 33 34 18 44 35 0 8 31 17 5 42 54 38 46 0 0 0 0 27 16 49 24 64 40 50 0 4 0 0 3 0 41 21 29 0 59 7 39 47 61 20 15 28 0 11 12 36 0 2 56 0 45 48 1 43 52 51 62 14 0 22 30 0
0 0 62 14 60 22 30 10 0 33 34 18 0 35 0 0 0 17 0 42 0 0 0 0 0 55 0 27 16 49 24 0 0 50 0 4 23 0 0 58 41 21 29 13 0 0 0 0 61 20 15 28 19 11 12 36 32 2 0 37 45 0 1 43
32 2 56 37 45 48 1 43 52 51 62 14 0 0 30 10 63 0 34 0 44 35 0 8 0 17 0 42 54 38 0 0 0 0 0 27 16 0 24 64 40 50 0 0 23 9 3 0 41 0 0 13 59 7 0 47 61 20 0 28 0 11 12 36
36 61 20 15 28 19 11 0 43 0 0 0 37 0 0 0 10 52 0 62 0 0 22 30 8 63 33 0 18 0 35 26 6 31 0 5 0 54 38 46 64 25 55 0 27 16 0 24 58 40 50 53 4 0 9 0 0 0 21 29 13 0 0 39
0 0 21 0 13 59 7 0 0 61 20 0 28 19 11 0 43 32 2 0 0 45 48 0 10 52 51 0 14 0 22 30 8 63 33 34 0 44 35 26 6 31 17 5 42 54 38 0 64 0 55 0 27 16 0 24 58 0 50 53 4 23 9 0
0 40 50 53 0 23 9 3 47 41 21 0 0 0 7 39 0 61 0 15 28 19 11 12 0 32 2 56 37 0 48 1 0 0 51 62 0 0 22 30 8 63 0 34 0 44 35 26 6 31 17 5 0 54 38 46 64 25 55 0 0 16 0 24
64 0 55 57 0 0 49 24 58 40 0 53 0 23 9 3 0 41 0 0 13 59 0 39 36 0 20 0 28 0 11 12 43 32 2 56 37 45 48 1 10 0 51 62 14 60 0 30 8 63 0 34 0 44 35 26 0 31 17 5 42 0 38 46
6 31 17 5 42 54 0 46 64 25 55 57 27 16 49 24 58 0 50 53 4 0 9 3 47 41 21 0 13 59 7 0 36 61 20 0 28 19 11 12 43 32 2 56 37 45 48 1 10 0 51 62 14 60 22 30 0 63 33 0 18 44 0 0
8 0 33 34 0 44 35 0 6 0 17 5 42 0 38 46 64 25 55 57 27 16 0 0 58 0 0 0 4 0 9 0 47 0 21 0 13 59 7 0 36 0 20 15 28 0 11 12 43 0 0 56 0 45 0 0 10 52 0 62 14 0 0 30
0 52 51 62 14 0 22 0 0 0 33 34 18 0 0 26 0 31 17 5 0 54 38 46 0 0 55 57 27 16 0 24 58 40 50 53 0 23 0 3 47 41 0 0 13 0 0 39 36 0 20 15 28 19 11 12 0 0 2 56 37 0 0 1
43 0 0 56 0 0 48 1 0 52 51 62 14 60 0 30 8 63 33 34 18 44 0 26 0 31 17 0 42 0 38 0 0 25 55 57 27 0 49 24 58 40 50 53 4 23 9 0 47 41 0 0 0 0 7 39 0 0 0 15 0 19 0 12
0 36 61 20 0 0 19 11 1 0 32 2 56 37 45 48 30 10 52 51 62 0 60 22 26 0 63 33 0 0 0 35 46 6 31 0 5 0 0 38 24 64 0 55 57 27 0 49 3 58 40 0 53 4 23 9 39 47 41 0 29 0 59 0
0 0 0 21 0 13 0 0 12 36 0 0 15 28 0 11 1 0 32 2 56 37 45 0 30 10 0 0 62 0 60 22 26 8 63 33 34 18 0 35 46 0 31 17 5 42 54 38 0 0 25 0 57 0 16 49 3 58 40 50 0 0 0 9
3 58 40 50 0 4 23 0 0 0 0 21 29 13 59 0 12 0 0 20 15 28 19 11 1 43 0 2 56 0 45 48 0 10 52 0 62 0 60 0 26 0 63 33 34 0 44 35 0 6 31 17 5 42 54 0 24 0 25 55 57 27 16 49
24 64 0 55 57 27 16 0 0 58 40 0 53 4 23 0 0 47 41 21 0 13 59 7 0 36 0 0 15 28 0 0 0 43 32 2 56 37 45 48 30 10 52 51 0 0 60 0 26 8 63 0 34 18 44 35 46 6 0 17 5 42 0 0
46 0 31 17 0 42 0 38 24 0 0 0 0 27 0 49 3 58 40 50 53 0 23 9 39 47 41 0 29 13 59 7 0 36 61 20 0 28 0 11 0 0 0 2 0 37 45 48 0 10 0 51 62 14 60 22 26 8 0 33 34 18 0 35
26 8 0 0 0 18 44 35 46 6 31 0 0 42 54 38 24 64 25 0 57 27 16 49 0 58 0 50 53 4 0 9 39 47 41 21 0 0 59 7 0 0 61 0 0 0 19 11 1 0 32 0 0 37 0 48 30 10 52 51 62 14 0 22
30 10 52 0 62 14 0 0 26 0 63 33 0 18 44 35 46 6 31 17 5 0 0 38 0 0 25 55 0 0 16 0 3 0 0 0 53 4 0 9 39 47 0 0 29 13 59 7 0 0 61 20 15 0 19 0 0 43 32 0 56 0 45 0
0 43 0 2 56 37 0 48 30 10 52 51 62 14 0 22 0 8 63 0 34 18 0 35 0 0 31 17 5 0 54 38 0 64 25 55 0 0 16 0 3 58 0 50 53 4 0 9 39 47 41 21 29 13 59 7 12 0 0 20 15 28 19 11
