6
0 28 0 6 0 13 0 10 11 0 0 7 0 34 26 0 0 2 15 16 0 35 36 0 3 4 0 21 29 0 19 0 0 12 24 18
0 7 0 0 15 30 0 34 0 4 0 28 0 0 36 12 22 0 14 0 27 0 5 0 24 10 19 16 25 0 1 0 0 0 0 0
0 34 29 8 3 0 0 0 36 35 0 9 0 0 32 21 0 0 25 30 31 12 0 18 17 28 26 0 0 0 0 0 23 0 0 7
31 16 0 10 22 0 0 6 27 2 0 0 0 35 0 30 25 18 0 34 3 4 17 21 23 7 11 20 0 9 0 13 0 33 26 28
14 0 0 21 26 0 22 0 0 12 23 18 3 28 0 6 17 13 0 10 11 20 24 7 1 34 0 8 27 2 36 16 0 35 0 9
0 0 19 9 25 0 1 21 0 33 17 13 23 0 0 0 15 16 32 0 29 0 26 28 31 0 0 12 22 0 0 4 27 2 0 34
0 1 34 3 0 17 0 0 18 0 12 0 0 0 21 29 0 0 16 31 35 36 9 22 0 0 0 27 8 5 7 0 20 19 30 25
7 31 0 19 0 0 0 26 0 0 8 32 9 0 0 24 35 0 33 0 4 29 0 0 0 0 30 15 0 0 0 0 28 14 0 0
0 0 2 0 21 26 35 31 7 0 9 22 0 0 28 0 4 5 12 0 30 19 20 0 34 1 0 0 33 17 0 23 10 0 0 15
9 22 16 0 35 15 33 1 4 29 21 5 0 19 0 0 12 23 0 0 0 0 6 27 7 0 10 24 20 0 2 0 34 26 8 32
6 14 13 0 0 0 0 0 0 0 16 25 0 1 0 3 0 17 18 23 7 11 10 15 0 32 28 29 0 0 9 31 35 0 0 22
18 23 0 0 12 24 13 0 28 0 0 3 0 0 10 22 0 15 2 0 0 0 0 17 0 0 0 0 0 36 0 0 4 1 21 0
0 13 0 0 1 6 23 7 19 0 0 20 0 2 0 0 27 0 11 9 0 16 15 35 14 33 0 4 0 0 0 18 36 30 0 12
15 18 23 0 11 0 0 0 0 0 29 0 0 0 31 20 0 30 5 0 14 0 0 6 25 9 24 35 19 16 17 34 1 0 0 0
5 0 0 34 17 8 0 0 0 16 22 35 26 0 14 4 29 0 23 0 19 30 0 12 0 0 0 28 0 6 0 0 0 10 0 20
22 10 0 0 0 0 5 13 14 6 0 34 25 18 24 7 19 35 17 28 1 0 0 0 15 20 0 30 11 0 26 0 32 0 29 0
0 0 0 4 14 0 0 18 0 0 0 12 0 13 3 28 0 0 22 7 36 0 31 20 0 2 0 34 26 0 23 9 25 0 19 0
25 0 0 20 19 35 17 4 1 8 3 0 15 0 23 16 0 0 0 0 0 2 29 0 0 18 31 7 36 10 5 33 14 28 27 6
33 0 0 1 2 0 0 15 35 0 0 11 0 26 13 0 34 29 20 0 16 31 12 0 0 5 8 14 0 27 0 0 0 24 18 19
20 0 7 31 0 0 0 32 2 0 34 26 35 0 9 0 0 0 21 29 0 0 4 0 12 23 18 0 30 0 0 3 0 0 0 14
34 26 0 32 0 0 20 0 0 0 10 36 0 0 33 0 0 27 35 25 0 24 0 19 13 17 4 1 2 3 12 15 0 23 0 0
0 15 9 11 16 0 21 14 0 0 0 17 0 0 18 36 0 24 6 27 13 32 0 0 20 25 7 31 0 0 0 5 0 29 34 0
0 5 0 14 13 27 0 0 0 24 0 0 0 0 0 1 2 3 7 15 10 23 0 11 33 26 34 0 21 29 35 22 0 31 20 0
0 0 0 22 30 23 6 29 13 5 28 1 0 31 7 11 0 0 8 14 2 0 34 3 0 15 9 0 0 0 21 26 33 0 4 0
0 6 0 13 27 0 19 20 0 0 36 0 29 8 0 0 0 34 24 0 15 0 23 0 0 21 5 0 17 4 0 12 11 0 22 30
11 12 15 0 23 10 29 33 26 34 32 0 36 0 0 18 31 7 27 0 5 28 0 13 19 16 25 9 0 0 3 0 17 0 0 2
26 8 17 2 5 34 0 35 23 9 24 16 0 0 0 33 32 4 31 12 22 0 11 0 29 6 0 0 3 28 0 20 0 7 36 0
36 20 0 0 0 0 0 8 5 0 14 4 19 0 25 0 24 10 3 6 17 0 1 0 11 35 0 0 23 7 0 0 0 0 0 33
0 21 3 33 0 0 0 0 22 18 11 30 17 6 5 13 0 28 0 0 25 0 19 10 32 0 27 0 14 0 0 35 24 0 0 16
19 9 25 0 24 18 3 28 17 13 0 2 0 16 15 0 0 20 29 0 0 0 32 4 36 0 0 0 0 30 27 0 5 0 0 21
0 0 28 0 0 1 0 0 16 15 35 23 13 29 8 26 21 32 10 36 20 22 7 0 0 0 33 5 34 14 30 19 0 0 0 0
10 11 0 15 0 25 34 3 0 0 0 0 0 36 35 23 9 19 4 5 0 0 0 0 30 24 12 22 18 31 28 0 0 27 13 0
13 29 0 26 34 32 12 0 0 0 30 0 0 27 2 0 28 14 9 19 0 0 16 24 8 3 21 17 0 0 0 11 7 15 35 23
0 0 35 24 9 0 4 0 21 32 0 27 30 22 12 25 18 0 0 26 0 3 0 14 0 0 0 23 0 15 34 1 8 5 2 29
21 0 0 0 4 14 7 19 9 25 20 24 34 0 6 0 0 1 30 11 12 0 35 23 0 29 2 26 0 32 16 36 18 22 10 31
30 19 12 0 18 22 28 5 0 1 0 0 0 24 0 15 7 31 34 0 8 0 2 32 16 0 0 0 9 0 4 14 21 3 33 26
