6
3 35 0 0 12 0 19 0 23 0 32 15 1 0 25 0 5 29 0 0 18 27 22 28 0 4 26 0 13 6 0 0 30 36 0 14
17 0 19 27 23 0 0 0 0 2 33 6 20 0 30 0 22 36 5 29 3 4 7 0 8 14 32 0 18 11 0 10 26 0 13 0
25 4 33 24 5 6 0 11 0 36 30 0 0 35 13 0 7 0 0 34 0 0 32 15 0 2 1 0 12 0 23 31 19 0 22 28
8 15 0 14 18 28 0 35 26 4 0 0 17 27 0 11 0 34 25 0 12 24 0 2 20 36 0 0 0 0 5 9 3 0 0 16
26 2 13 16 0 0 0 31 0 27 17 28 0 0 0 24 0 0 19 11 30 36 23 14 7 0 5 9 0 10 18 0 20 21 0 0
20 11 30 0 22 31 0 24 0 0 0 16 0 0 32 0 0 21 1 0 26 9 13 10 0 0 19 0 23 28 0 6 12 4 33 0
0 25 24 0 0 0 14 20 0 0 0 0 2 0 4 3 6 7 0 8 31 32 36 18 29 1 0 26 10 0 28 0 34 0 0 23
14 0 11 0 36 0 0 26 35 0 9 0 15 19 34 0 21 18 29 5 2 0 0 1 28 30 0 0 0 22 6 3 4 0 0 13
0 1 10 26 16 13 0 17 31 0 11 0 24 25 0 12 29 33 34 20 0 0 0 0 9 0 4 0 0 0 0 0 0 32 0 18
28 0 31 0 27 30 6 1 0 0 24 5 14 0 0 23 36 0 10 3 35 13 9 0 0 17 0 0 21 0 0 0 0 25 16 26
0 5 0 3 0 0 0 8 34 32 0 18 0 1 10 0 0 13 0 17 0 0 0 23 0 25 2 0 35 0 31 20 0 30 11 22
0 22 0 0 21 23 29 0 2 0 16 7 0 0 0 17 27 0 6 33 4 25 24 0 14 20 0 32 0 18 10 0 0 0 9 0
7 10 0 0 25 9 0 0 18 34 0 21 33 0 0 0 0 0 8 0 0 31 17 27 0 6 3 0 0 24 0 0 22 11 0 36
0 0 17 21 0 0 33 0 0 10 12 0 0 28 20 0 30 0 0 0 0 0 0 4 18 0 8 0 32 0 0 0 0 9 0 35
12 6 0 4 13 24 0 14 30 11 8 0 5 0 7 0 25 9 22 0 19 34 0 21 0 29 33 2 0 16 0 0 0 31 23 27
18 0 8 0 0 14 13 0 1 16 26 0 23 0 17 0 0 31 0 2 25 0 12 0 22 0 20 0 30 27 0 0 5 6 0 0
0 29 0 2 0 16 23 28 0 31 22 27 3 6 0 0 1 24 30 0 0 0 20 36 25 0 0 0 7 0 19 15 8 34 0 21
0 28 20 31 0 0 0 0 5 24 3 35 18 21 8 0 32 14 0 16 1 10 26 9 23 11 17 0 0 15 33 29 0 2 12 0
16 0 29 0 2 0 34 22 36 20 0 30 35 7 24 5 10 3 0 18 11 0 27 32 0 13 9 1 4 26 21 0 0 17 15 19
36 20 14 0 11 22 0 5 0 0 35 0 21 0 0 19 34 17 0 7 0 0 2 0 27 0 0 8 31 30 0 13 6 0 4 0
0 0 9 0 0 26 11 0 0 0 15 19 6 0 0 25 2 0 28 22 0 20 0 30 10 0 24 5 0 3 0 18 0 0 31 32
27 0 0 0 31 18 24 13 6 0 4 1 0 32 14 30 11 23 9 26 10 0 35 12 21 22 15 0 0 19 16 7 0 0 2 25
24 0 6 5 0 0 0 0 27 0 0 0 9 13 29 0 0 0 14 23 0 17 21 19 0 33 35 25 16 0 34 0 11 20 36 0
0 30 0 32 34 19 16 7 29 25 2 12 27 20 28 0 0 8 24 0 6 33 0 3 36 0 0 0 11 17 9 1 0 26 35 5
0 9 0 10 33 0 17 0 19 15 18 34 7 16 5 29 3 0 32 0 0 28 8 31 1 24 12 6 26 4 0 36 0 14 20 0
19 0 23 11 17 15 12 0 0 0 25 0 0 0 22 21 20 28 0 0 0 2 5 6 0 34 0 27 0 14 0 4 13 0 0 0
1 0 26 6 7 4 30 0 32 0 0 0 13 0 0 0 12 35 0 0 20 15 19 0 0 0 25 29 3 2 22 0 17 0 8 31
0 21 18 34 8 0 26 0 13 9 1 4 0 15 23 14 17 0 12 10 0 16 25 0 0 28 0 31 0 0 0 0 0 24 5 6
5 16 12 29 0 0 0 27 22 28 0 31 25 0 1 6 26 4 23 0 0 14 0 11 13 9 0 10 33 35 32 21 18 15 0 0
30 14 0 0 20 0 3 10 7 6 5 0 32 0 0 31 8 27 26 0 0 0 1 24 19 15 0 0 17 0 12 2 33 0 25 0
0 12 2 33 4 25 36 0 0 0 34 20 10 0 0 7 0 5 15 32 28 18 31 0 0 26 0 13 0 0 14 0 27 0 21 0
11 0 0 17 0 0 35 0 9 0 10 0 34 0 0 8 15 22 0 0 16 3 0 13 0 18 27 30 28 32 0 12 0 0 0 0
6 0 16 13 24 1 15 19 28 0 31 17 29 12 2 0 35 0 0 30 27 0 0 20 4 3 0 0 9 5 11 32 36 18 34 8
31 0 0 30 28 32 4 12 24 5 0 0 0 17 0 18 14 19 35 0 9 26 10 33 34 8 0 22 15 20 0 25 0 3 29 7
0 3 0 0 0 5 21 32 0 0 0 0 4 26 9 13 24 1 36 19 34 0 0 17 16 12 0 0 2 0 15 0 31 22 28 20
0 0 21 22 15 0 0 0 0 0 29 3 0 30 0 0 0 32 0 0 24 0 6 0 0 19 36 17 14 23 0 26 9 13 0 33
