7
17 7 0 38 47 11 24 0 14 0 27 2 22 0 0 0 35 0 13 0 0 42 34 16 0 0 30 4 0 1 19 45 0 0 44 48 6 21 37 5 49 0 20 41 3 0 40 0 0
43 12 35 23 36 31 44 42 6 16 26 0 30 4 17 1 19 0 0 0 18 48 0 21 37 0 49 0 20 41 0 33 13 15 0 29 0 0 0 0 0 24 39 34 0 27 2 22 0
0 1 0 45 2 46 28 0 0 0 37 0 0 0 20 41 0 33 0 15 4 29 7 32 38 0 11 24 17 34 25 27 0 0 18 43 14 35 0 0 31 44 0 6 16 26 0 30 8
0 41 3 33 13 0 0 29 0 32 0 0 0 24 0 0 25 27 2 0 28 0 0 35 0 36 31 0 42 0 16 26 10 30 0 17 0 19 0 40 0 18 0 0 0 37 0 49 0
48 34 25 27 0 22 0 43 41 35 23 36 31 44 42 0 16 26 47 0 0 17 0 19 0 0 0 18 39 0 21 37 0 49 0 20 12 0 33 13 0 8 29 7 32 38 0 11 0
42 0 0 26 10 0 0 17 1 0 45 40 46 0 0 14 0 0 5 49 0 0 0 3 33 13 0 8 29 7 0 38 47 11 24 39 0 25 27 0 22 0 43 12 0 23 36 0 0
0 14 21 0 0 49 0 20 0 0 33 13 15 0 0 7 0 38 0 11 0 39 6 25 27 2 22 28 48 12 35 23 5 31 0 0 41 16 26 10 30 4 0 1 0 45 47 46 24
7 32 38 47 0 0 0 0 25 27 2 0 28 39 12 0 0 13 0 8 0 34 16 26 10 30 4 42 1 0 45 0 46 0 17 6 21 37 5 49 0 0 0 0 33 0 0 0 20
12 0 23 0 31 44 0 6 16 26 10 30 4 0 1 19 45 0 46 0 17 14 21 37 5 0 0 0 0 3 0 0 15 0 20 7 0 38 47 0 24 29 0 25 27 2 0 28 39
0 19 0 40 0 0 0 12 21 37 0 0 9 0 41 3 0 10 0 4 0 0 32 0 47 11 24 29 34 0 0 2 22 18 39 14 35 23 0 31 44 43 6 0 26 13 0 8 0
41 3 33 13 15 0 0 7 32 38 47 11 24 0 0 0 27 2 0 0 39 12 35 0 36 0 44 0 6 16 26 0 30 4 42 1 0 0 0 0 0 17 0 21 0 0 49 9 48
34 0 27 2 22 9 0 41 35 23 0 31 44 43 0 0 0 0 30 24 42 0 19 45 40 0 18 17 14 21 37 5 49 0 48 12 3 33 13 0 8 20 7 0 38 10 11 4 0
6 16 26 10 30 0 42 1 19 0 40 46 18 17 0 21 0 5 49 0 48 41 0 0 13 15 0 20 0 32 0 47 11 24 0 34 25 0 2 0 0 39 12 35 23 36 31 0 43
14 21 0 0 49 24 48 34 3 33 13 15 0 20 0 32 38 36 11 0 29 0 25 27 0 22 28 39 12 35 23 0 0 0 43 0 16 26 10 30 4 0 0 19 45 47 46 18 17
32 38 0 0 24 29 7 0 27 2 22 28 48 34 0 23 0 0 0 43 0 16 26 10 30 4 0 0 35 0 36 46 0 0 12 21 0 5 49 0 0 14 19 33 0 15 8 20 1
35 23 0 0 44 43 12 0 0 0 0 0 42 6 0 45 0 46 18 17 1 21 37 5 49 9 48 14 3 33 0 15 8 20 0 0 38 47 11 24 29 7 0 0 2 0 28 0 34
19 45 0 0 18 0 1 21 37 0 49 9 43 14 16 0 10 15 0 20 6 0 0 47 11 0 0 7 0 27 2 22 28 39 34 35 23 0 31 0 48 12 0 26 13 30 0 42 0
3 0 13 0 8 20 41 32 38 47 0 24 29 0 25 27 2 0 0 39 34 0 23 0 31 44 43 12 16 26 10 30 0 0 6 0 45 40 46 18 17 1 0 37 5 0 0 0 0
25 27 0 22 0 0 34 35 0 36 31 44 0 12 32 26 47 0 4 42 7 19 0 0 46 18 0 1 0 37 5 49 0 0 14 3 0 0 0 0 43 41 16 38 10 11 24 29 6
0 26 10 30 4 0 6 0 45 0 0 18 17 1 0 37 5 49 0 48 14 3 33 13 0 8 0 41 32 38 47 11 24 29 7 25 0 2 22 28 39 34 35 0 0 0 44 43 0
21 0 0 0 0 0 14 3 33 13 15 0 39 41 35 38 36 11 0 0 0 25 27 2 22 0 42 0 0 23 0 31 0 43 0 16 0 10 30 0 0 6 32 0 0 46 18 0 0
0 0 11 24 29 7 32 27 0 49 28 48 34 21 23 13 0 0 43 41 35 26 10 22 0 0 0 0 0 36 46 0 17 0 0 37 5 30 9 42 0 16 0 40 15 18 20 0 3
0 36 31 44 43 12 0 26 10 30 0 42 6 0 45 40 46 18 17 1 19 37 5 49 0 48 14 21 0 0 15 8 20 41 0 38 0 11 0 29 0 0 27 2 22 0 0 34 0
0 40 0 0 17 34 0 37 0 31 9 43 0 0 0 10 15 0 20 0 3 0 0 11 0 0 0 32 27 0 22 18 0 1 0 23 36 49 44 0 12 0 26 13 0 8 0 0 0
33 13 15 8 0 41 3 38 47 11 24 0 7 32 27 0 22 28 0 0 25 23 0 31 44 43 0 0 26 0 0 4 0 6 0 45 40 0 18 17 1 19 37 0 49 0 48 14 0
0 2 22 9 39 14 25 0 36 15 44 0 12 3 0 0 30 24 42 0 0 45 40 46 0 17 1 19 37 5 0 0 48 34 21 33 0 0 0 43 41 35 38 10 11 4 0 6 0
26 0 0 4 42 6 16 45 0 46 18 17 1 0 0 5 49 0 48 14 0 33 13 0 8 20 0 3 38 47 0 0 29 7 32 0 2 22 28 39 0 0 23 0 0 0 43 12 35
37 5 49 18 48 1 0 33 13 0 8 39 41 25 0 36 0 44 29 12 0 0 0 30 0 42 34 16 23 0 31 0 0 0 35 26 10 15 4 20 6 3 45 47 46 0 0 7 19
47 11 0 0 7 32 38 2 22 28 48 34 0 0 0 0 0 0 0 35 33 10 30 4 39 0 16 0 40 0 44 17 1 19 23 0 49 0 42 0 0 37 13 15 18 20 0 3 45
0 31 0 43 12 0 23 10 30 4 0 0 16 0 40 46 18 17 0 19 45 0 49 0 48 0 21 0 13 0 8 20 41 3 33 0 0 24 29 7 0 0 2 0 28 39 34 25 0
40 46 0 0 1 0 27 0 0 9 0 0 21 37 13 15 0 0 41 3 0 0 0 24 29 0 0 38 0 22 18 39 0 0 45 36 31 0 48 12 0 23 10 0 8 42 0 16 0
13 0 0 20 41 3 33 0 11 24 29 0 32 38 0 22 0 39 0 25 27 0 31 44 43 12 35 0 10 30 4 0 0 16 0 40 0 0 17 1 0 45 0 0 9 48 14 21 0
0 22 9 0 34 0 37 36 31 44 20 12 35 23 0 30 24 42 0 16 38 40 0 18 17 1 19 0 0 49 0 0 14 0 27 0 15 0 43 41 3 33 0 11 4 29 0 32 26
10 0 0 0 0 16 26 40 46 0 0 1 19 0 5 49 9 48 14 21 0 13 0 8 20 41 3 33 47 0 24 29 7 32 38 2 22 0 39 0 0 27 36 31 0 43 12 0 0
0 49 0 48 0 21 45 13 0 0 39 0 0 0 47 11 44 0 7 0 23 2 0 28 0 34 0 27 36 31 9 0 12 35 37 0 30 0 20 6 16 26 40 46 24 17 1 0 38
11 0 29 1 32 0 0 49 28 0 0 25 27 0 31 0 0 41 0 33 0 22 0 42 0 0 0 10 0 44 17 0 19 0 0 30 9 0 0 21 0 5 0 18 0 0 3 45 13
0 0 43 12 35 23 0 30 0 42 6 0 0 0 46 18 17 0 0 0 40 49 0 48 14 0 37 5 15 8 20 41 0 33 0 11 24 0 7 32 38 47 0 28 39 34 25 27 2
46 28 17 34 19 27 40 31 9 0 0 0 0 0 15 0 20 6 3 26 0 0 0 29 7 32 0 0 0 18 39 0 0 45 2 0 0 43 0 35 23 0 30 8 42 41 16 33 10
15 8 20 0 3 33 0 0 0 0 7 32 38 0 22 0 0 0 25 27 2 31 44 0 12 35 23 36 30 0 42 6 16 26 10 46 0 0 1 19 45 40 0 9 48 14 21 0 5
22 9 39 0 0 37 2 15 0 43 12 35 0 36 0 24 0 0 16 38 10 46 18 0 0 19 45 40 49 28 0 34 0 0 5 31 0 20 41 0 33 13 11 4 29 0 32 26 0
0 4 42 6 16 26 0 46 18 17 1 19 45 0 49 0 0 14 21 37 5 15 8 20 41 3 33 13 0 24 0 0 32 38 47 22 28 39 34 0 27 0 31 44 43 12 35 0 36
49 0 48 7 21 45 5 22 8 0 0 3 0 0 11 44 29 12 0 0 47 30 28 39 0 25 27 2 0 0 0 14 35 37 36 0 4 42 0 16 0 0 46 24 17 1 19 0 40
24 0 7 0 38 0 0 0 48 0 25 27 5 22 44 0 41 35 33 36 15 4 39 6 16 26 2 0 18 0 12 19 23 40 31 9 42 14 21 37 0 0 8 0 1 0 45 0 46
0 0 12 0 0 36 0 4 0 0 16 26 10 30 0 17 0 19 45 0 46 9 0 14 21 37 5 0 8 0 41 3 33 13 15 24 29 0 32 0 0 11 28 39 34 25 0 2 22
18 17 1 19 27 40 46 9 43 0 0 37 36 49 8 20 0 0 0 13 30 0 29 0 32 38 47 0 28 39 0 25 45 2 22 44 48 12 35 23 0 31 4 0 41 16 33 10 0
8 20 0 3 33 13 0 0 0 7 32 38 0 0 28 0 34 25 0 2 22 44 43 12 35 23 36 31 0 42 6 0 26 10 0 0 0 1 0 45 0 46 9 0 0 21 37 5 49
0 39 0 0 37 2 22 44 20 12 35 0 13 31 4 42 0 0 38 10 11 18 0 1 19 45 0 46 0 48 14 21 0 5 49 8 43 41 3 33 0 15 24 29 0 0 26 47 0
0 42 0 16 0 0 0 18 17 0 0 45 40 0 9 48 14 0 37 5 0 0 0 41 0 33 13 15 0 0 7 0 38 47 11 28 39 34 0 27 2 22 0 0 0 35 23 36 31
0 48 14 0 45 0 0 8 39 41 3 33 0 0 24 0 12 32 23 47 31 0 42 34 0 0 0 22 44 43 0 35 37 36 46 0 20 0 16 0 13 30 18 0 0 19 38 40 0
